2.330557107925415039e-01,2.331694811582565308e-01,2.371170073747634888e-01,2.464407384395599365e-01,2.639016509056091309e-01,2.733790576457977295e-01,2.798033654689788818e-01,2.694706618785858154e-01,2.558393478393554688e-01,2.430817484855651855e-01,2.218624204397201538e-01,2.141991853713989258e-01,2.112067341804504395e-01,1.999840885400772095e-01,1.987869590520858765e-01,2.019635289907455444e-01,2.085531204938888550e-01,2.123338431119918823e-01,2.331694811582565308e-01,2.638011574745178223e-01,9.373579621315002441e-01,1.000000000000000000e+00,6.825837492942810059e-01,4.356421828269958496e-01,3.257052600383758545e-01,2.685834467411041260e-01,2.331694811582565308e-01,2.243586778640747070e-01,2.150641381740570068e-01,2.100735753774642944e-01,2.112067341804504395e-01,2.127082198858261108e-01,2.182468324899673462e-01,2.258901596069335938e-01,2.314570695161819458e-01,1.000000000000000000e+00,6.655261516571044922e-01
4.833320379257202148e-01,7.577977180480957031e-01,9.439468383789062500e-01,1.000000000000000000e+00,3.497007489204406738e-01,2.746053338050842285e-01,2.359229177236557007e-01,2.151599824428558350e-01,2.053603380918502808e-01,2.048384547233581543e-01,2.080787420272827148e-01,2.324952781200408936e-01,2.619373798370361328e-01,2.435136586427688599e-01,2.228575944900512695e-01,2.111426442861557007e-01,2.060108184814453125e-01,2.048384547233581543e-01,2.048384547233581543e-01,2.060108184814453125e-01,2.111426442861557007e-01,2.228575944900512695e-01,2.435136586427688599e-01,2.845593988895416260e-01,2.846533954143524170e-01,2.238161265850067139e-01,2.048384547233581543e-01,1.899255514144897461e-01,1.897846013307571411e-01,1.907690465450286865e-01,2.023411244153976440e-01,2.285484969615936279e-01,2.522576749324798584e-01,3.031367659568786621e-01,3.730268776416778564e-01,9.419174790382385254e-01,1.000000000000000000e+00
4.069460630416870117e-01,5.826684236526489258e-01,7.658119797706604004e-01,8.855283856391906738e-01,9.588329792022705078e-01,1.000000000000000000e+00,8.787165284156799316e-01,3.813334703445434570e-01,2.742833197116851807e-01,2.542748451232910156e-01,2.463530451059341431e-01,2.504652440547943115e-01,2.766826748847961426e-01,3.179144263267517090e-01,3.952609598636627197e-01,5.398437976837158203e-01,8.776901960372924805e-01,8.663202524185180664e-01,8.663202524185180664e-01,8.776901960372924805e-01,9.083728194236755371e-01,9.437999129295349121e-01,4.734255075454711914e-01,3.224187493324279785e-01,2.504652440547943115e-01,2.108691781759262085e-01,1.866857856512069702e-01,1.771056801080703735e-01,1.767660677433013916e-01,1.767660677433013916e-01,1.797994524240493774e-01,1.860409229993820190e-01,2.219750583171844482e-01,2.404278516769409180e-01,3.057750463485717773e-01,5.572458505630493164e-01,8.256290555000305176e-01
4.417347311973571777e-01,5.677185058593750000e-01,8.274503350257873535e-01,8.154546022415161133e-01,1.000000000000000000e+00,8.880877494812011719e-01,3.646229803562164307e-01,2.824783623218536377e-01,2.367350906133651733e-01,2.265017181634902954e-01,2.204720824956893921e-01,2.172284424304962158e-01,2.344882041215896606e-01,2.501293122768402100e-01,2.501293122768402100e-01,2.405666708946228027e-01,2.330987155437469482e-01,2.305556535720825195e-01,2.305556535720825195e-01,2.379517257213592529e-01,2.452719658613204956e-01,2.610965967178344727e-01,2.885465919971466064e-01,3.400003910064697266e-01,4.169623255729675293e-01,3.807644844055175781e-01,2.747046053409576416e-01,2.320122420787811279e-01,2.193779200315475464e-01,2.178920805454254150e-01,2.221032083034515381e-01,2.423604726791381836e-01,2.632535099983215332e-01,2.947348654270172119e-01,3.589025437831878662e-01,1.000000000000000000e+00,1.000000000000000000e+00
1.996493041515350342e-01,1.996493041515350342e-01,2.033491134643554688e-01,2.176341563463211060e-01,2.924630939960479736e-01,3.736426830291748047e-01,3.720430731773376465e-01,3.629138469696044922e-01,3.116326034069061279e-01,2.912284135818481445e-01,2.351422309875488281e-01,2.156843096017837524e-01,2.009519785642623901e-01,2.011991590261459351e-01,2.087759226560592651e-01,2.166614234447479248e-01,2.527156770229339600e-01,3.011289834976196289e-01,4.039084911346435547e-01,7.655676007270812988e-01,8.434092402458190918e-01,9.052555561065673828e-01,1.000000000000000000e+00,6.050778031349182129e-01,4.102571606636047363e-01,3.191960752010345459e-01,2.592202723026275635e-01,2.103766649961471558e-01,1.939673125743865967e-01,1.923592090606689453e-01,2.116133272647857666e-01,2.492502629756927490e-01,2.723109126091003418e-01,2.395397424697875977e-01,2.099036425352096558e-01,8.848550319671630859e-01,7.630282044410705566e-01
2.192427664995193481e-01,2.608402967453002930e-01,3.092559576034545898e-01,6.784960031509399414e-01,6.738055348396301270e-01,7.529591321945190430e-01,1.000000000000000000e+00,8.875864744186401367e-01,6.112587451934814453e-01,4.940177202224731445e-01,4.608024954795837402e-01,4.472135901451110840e-01,4.779581725597381592e-01,5.092796087265014648e-01,5.650017261505126953e-01,6.797729134559631348e-01,8.162436485290527344e-01,8.525016903877258301e-01,8.525016903877258301e-01,8.726660609245300293e-01,9.060145020484924316e-01,9.665618538856506348e-01,5.642557144165039062e-01,2.463811486959457397e-01,1.673260778188705444e-01,1.493295282125473022e-01,1.204961687326431274e-01,1.072218790650367737e-01,1.072218790650367737e-01,1.072218790650367737e-01,1.113036572933197021e-01,1.194636151194572449e-01,1.328202933073043823e-01,1.516346335411071777e-01,1.809839904308319092e-01,3.592880070209503174e-01,7.669010758399963379e-01
6.276270747184753418e-01,7.636945247650146484e-01,1.000000000000000000e+00,8.255381584167480469e-01,7.741937637329101562e-01,3.998829722404479980e-01,3.165975511074066162e-01,2.876826524734497070e-01,2.655462622642517090e-01,2.574930191040039062e-01,2.615506350994110107e-01,2.805443704128265381e-01,2.967583537101745605e-01,3.374678492546081543e-01,3.398861885070800781e-01,3.106281757354736328e-01,2.935872077941894531e-01,2.826220095157623291e-01,2.773284614086151123e-01,2.773284614086151123e-01,2.827599644660949707e-01,2.968897521495819092e-01,3.258254826068878174e-01,4.496488571166992188e-01,3.949762582778930664e-01,2.979388236999511719e-01,2.737900614738464355e-01,2.655462622642517090e-01,2.656930983066558838e-01,2.771877944469451904e-01,2.941181063652038574e-01,3.269010186195373535e-01,3.714667260646820068e-01,4.859973788261413574e-01,5.735321640968322754e-01,1.000000000000000000e+00,1.000000000000000000e+00
2.649994790554046631e-01,5.455158948898315430e-01,3.968231379985809326e-01,3.213590681552886963e-01,2.782308757305145264e-01,2.574084103107452393e-01,2.574084103107452393e-01,2.604396641254425049e-01,2.732875049114227295e-01,2.649994790554046631e-01,2.447397708892822266e-01,2.345701009035110474e-01,2.317353188991546631e-01,2.442328929901123047e-01,2.472586035728454590e-01,2.805963456630706787e-01,3.683173060417175293e-01,6.042917370796203613e-01,8.915035724639892578e-01,8.824217915534973145e-01,8.996676206588745117e-01,1.000000000000000000e+00,7.157583236694335938e-01,5.110316276550292969e-01,4.064906239509582520e-01,3.529687225818634033e-01,2.910030186176300049e-01,2.359747290611267090e-01,2.235698401927947998e-01,2.244917899370193481e-01,2.378925383090972900e-01,2.317353188991546631e-01,2.272351682186126709e-01,2.272351682186126709e-01,2.336879223585128784e-01,8.830582499504089355e-01,6.995113492012023926e-01
4.532480537891387939e-01,6.031597256660461426e-01,4.799799621105194092e-01,4.090926945209503174e-01,3.578657209873199463e-01,3.346772789955139160e-01,3.240985870361328125e-01,3.192317187786102295e-01,3.230060338973999023e-01,3.215958476066589355e-01,3.023324608802795410e-01,2.930015623569488525e-01,2.955755591392517090e-01,3.130014538764953613e-01,3.400659859180450439e-01,4.092161059379577637e-01,5.315042138099670410e-01,7.980002164840698242e-01,1.000000000000000000e+00,9.823202490806579590e-01,9.517710208892822266e-01,9.797979593276977539e-01,7.630625367164611816e-01,4.944903850555419922e-01,4.225728511810302734e-01,3.608169555664062500e-01,3.117080330848693848e-01,2.900567352771759033e-01,2.930015623569488525e-01,3.068092465400695801e-01,3.204947710037231445e-01,3.500183820724487305e-01,3.914292454719543457e-01,4.513499736785888672e-01,4.440177977085113525e-01,1.000000000000000000e+00,7.214560508728027344e-01
7.842971682548522949e-01,9.445956349372863770e-01,1.000000000000000000e+00,8.514333963394165039e-01,7.600334286689758301e-01,4.387209415435791016e-01,3.323921263217926025e-01,2.996374368667602539e-01,2.589927315711975098e-01,2.521702051162719727e-01,2.550957202911376953e-01,2.619836926460266113e-01,2.773912549018859863e-01,3.169660270214080811e-01,3.752765953540802002e-01,3.029620647430419922e-01,2.863416373729705811e-01,2.756470739841461182e-01,2.534908652305603027e-01,2.402664721012115479e-01,2.352733910083770752e-01,2.352733910083770752e-01,2.413449436426162720e-01,2.561117708683013916e-01,3.726973533630371094e-01,3.260817527770996094e-01,2.756470739841461182e-01,2.635368108749389648e-01,2.671719789505004883e-01,2.748382985591888428e-01,2.868594527244567871e-01,3.135532736778259277e-01,3.622991442680358887e-01,4.740032553672790527e-01,5.778427124023437500e-01,9.593766927719116211e-01,1.000000000000000000e+00
6.141266822814941406e-01,7.642418742179870605e-01,1.000000000000000000e+00,8.500383496284484863e-01,7.638141512870788574e-01,4.219966828823089600e-01,3.288487195968627930e-01,2.775917053222656250e-01,2.562317848205566406e-01,2.556642889976501465e-01,2.607274353504180908e-01,2.708379328250885010e-01,2.982749938964843750e-01,3.376747667789459229e-01,3.054923713207244873e-01,2.811015546321868896e-01,2.748308479785919189e-01,2.558062672615051270e-01,2.423946708440780640e-01,2.377051562070846558e-01,2.377051562070846558e-01,2.484610229730606079e-01,2.719084322452545166e-01,3.555888831615447998e-01,3.697077929973602295e-01,2.874881327152252197e-01,2.472890317440032959e-01,2.423946708440780640e-01,2.425444275140762329e-01,2.558062672615051270e-01,2.774608731269836426e-01,3.034648597240447998e-01,3.469046056270599365e-01,4.420027136802673340e-01,5.366243720054626465e-01,1.000000000000000000e+00,1.000000000000000000e+00
2.557410299777984619e-01,2.845784723758697510e-01,4.776428937911987305e-01,4.124866425991058350e-01,3.569882512092590332e-01,3.331569433212280273e-01,3.277725279331207275e-01,3.260071575641632080e-01,3.152072131633758545e-01,2.982749938964843750e-01,2.678646445274353027e-01,2.530947327613830566e-01,2.530947327613830566e-01,2.635205984115600586e-01,2.884390354156494141e-01,3.465989232063293457e-01,4.688015878200531006e-01,7.884908318519592285e-01,9.419528245925903320e-01,9.350351095199584961e-01,9.273400902748107910e-01,1.000000000000000000e+00,7.233449220657348633e-01,5.100697875022888184e-01,4.123700559139251709e-01,3.521052002906799316e-01,2.845784723758697510e-01,2.521428763866424561e-01,2.422205060720443726e-01,2.457682639360427856e-01,2.712543308734893799e-01,3.063873946666717529e-01,2.667852640151977539e-01,2.579877078533172607e-01,2.557410299777984619e-01,9.156796932220458984e-01,7.098445296287536621e-01
6.106528043746948242e-01,8.143443465232849121e-01,8.588756322860717773e-01,1.000000000000000000e+00,9.053906202316284180e-01,8.548684120178222656e-01,4.275346100330352783e-01,3.484789431095123291e-01,3.216644227504730225e-01,3.042937815189361572e-01,3.042937815189361572e-01,3.161010742187500000e-01,3.445150554180145264e-01,3.785480260848999023e-01,4.480573832988739014e-01,4.673131704330444336e-01,4.418840706348419189e-01,4.279359877109527588e-01,4.184702038764953613e-01,4.129637777805328369e-01,4.094846546649932861e-01,4.214680790901184082e-01,4.628835618495941162e-01,5.864636301994323730e-01,4.020093679428100586e-01,3.378052711486816406e-01,3.209519982337951660e-01,3.087744414806365967e-01,3.020285367965698242e-01,3.119092881679534912e-01,3.331997692584991455e-01,3.726054728031158447e-01,4.354919195175170898e-01,5.109536051750183105e-01,5.540490746498107910e-01,1.000000000000000000e+00,1.000000000000000000e+00
5.621664524078369141e-01,4.157716929912567139e-01,3.127569556236267090e-01,2.606308162212371826e-01,2.404359132051467896e-01,2.331152856349945068e-01,2.331152856349945068e-01,2.473508119583129883e-01,2.725795805454254150e-01,2.807079553604125977e-01,2.643785178661346436e-01,2.498008161783218384e-01,2.331152856349945068e-01,2.331152856349945068e-01,2.443016916513442993e-01,2.597305178642272949e-01,2.846851348876953125e-01,3.628230690956115723e-01,6.292474865913391113e-01,9.549488425254821777e-01,9.672806859016418457e-01,1.000000000000000000e+00,9.481053352355957031e-01,6.742441058158874512e-01,5.324651598930358887e-01,4.367627799510955811e-01,3.002232313156127930e-01,2.822059690952301025e-01,2.939153015613555908e-01,3.222008049488067627e-01,2.284464091062545776e-01,2.209406346082687378e-01,2.209406346082687378e-01,2.300811111927032471e-01,2.582835555076599121e-01,8.349179625511169434e-01,7.332115173339843750e-01
5.260633826255798340e-01,5.804426074028015137e-01,6.786740422248840332e-01,1.000000000000000000e+00,8.521190881729125977e-01,8.846504092216491699e-01,3.593951165676116943e-01,2.809141576290130615e-01,2.600458562374114990e-01,2.460784018039703369e-01,2.424890995025634766e-01,2.582484185695648193e-01,2.857495248317718506e-01,3.147687315940856934e-01,3.179732263088226318e-01,2.928529083728790283e-01,2.763909101486206055e-01,2.664985656738281250e-01,2.544001340866088867e-01,2.497258484363555908e-01,2.504927217960357666e-01,2.585664987564086914e-01,2.730998396873474121e-01,2.984139025211334229e-01,4.394508600234985352e-01,3.573307096958160400e-01,2.962020337581634521e-01,2.603617608547210693e-01,2.416968345642089844e-01,2.402185499668121338e-01,2.465233951807022095e-01,2.740013003349304199e-01,3.013378083705902100e-01,3.371294736862182617e-01,3.992677330970764160e-01,1.000000000000000000e+00,1.000000000000000000e+00
2.605025172233581543e-01,5.505924224853515625e-01,3.828847706317901611e-01,3.061988353729248047e-01,2.578795254230499268e-01,2.445954829454421997e-01,2.507097423076629639e-01,3.375912606716156006e-01,3.160322606563568115e-01,2.779493927955627441e-01,2.540159523487091064e-01,2.028840333223342896e-01,2.004321664571762085e-01,1.941671073436737061e-01,1.941671073436737061e-01,2.004321664571762085e-01,2.213845700025558472e-01,2.391011118888854980e-01,2.909852862358093262e-01,8.866890668869018555e-01,9.123855829238891602e-01,9.282345175743103027e-01,1.000000000000000000e+00,7.428688406944274902e-01,5.133568048477172852e-01,4.213844835758209229e-01,3.224213123321533203e-01,2.365021109580993652e-01,2.145798206329345703e-01,2.063575387001037598e-01,2.063575387001037598e-01,2.063575387001037598e-01,2.116799652576446533e-01,2.163010835647583008e-01,2.268993407487869263e-01,7.688258290290832520e-01,7.210163474082946777e-01
3.671918511390686035e-01,4.673056602478027344e-01,6.668182015419006348e-01,9.050690531730651855e-01,1.000000000000000000e+00,5.846068859100341797e-01,3.880422115325927734e-01,3.034604787826538086e-01,2.560707032680511475e-01,2.409517019987106323e-01,2.305466830730438232e-01,2.341005057096481323e-01,2.505916059017181396e-01,2.564909160137176514e-01,2.515923678874969482e-01,2.543829083442687988e-01,2.525417506694793701e-01,2.495388984680175781e-01,2.414973527193069458e-01,2.361361980438232422e-01,2.352223098278045654e-01,2.385059297084808350e-01,2.356289178133010864e-01,2.421406209468841553e-01,2.836504280567169189e-01,3.797197043895721436e-01,2.984508275985717773e-01,2.610685825347900391e-01,2.450388371944427490e-01,2.330246418714523315e-01,2.353240251541137695e-01,2.348659485578536987e-01,2.472265213727951050e-01,2.629865407943725586e-01,3.080393373966217041e-01,1.000000000000000000e+00,1.000000000000000000e+00
4.192182123661041260e-01,4.064082205295562744e-01,2.458559721708297729e-01,2.144515514373779297e-01,1.890457123517990112e-01,1.777604967355728149e-01,1.782475113868713379e-01,2.724499702453613281e-01,2.390625625848770142e-01,2.159621417522430420e-01,2.016919851303100586e-01,1.860411316156387329e-01,1.810822784900665283e-01,1.653156727552413940e-01,1.653156727552413940e-01,1.791571080684661865e-01,1.863321363925933838e-01,1.922852694988250732e-01,2.188035398721694946e-01,2.824485898017883301e-01,8.966077566146850586e-01,9.787406921386718750e-01,1.000000000000000000e+00,7.695495486259460449e-01,4.206375181674957275e-01,3.217951953411102295e-01,2.374251186847686768e-01,1.829279810190200806e-01,1.645272076129913330e-01,1.668814420700073242e-01,1.788544207811355591e-01,1.686898171901702881e-01,1.634699851274490356e-01,1.634699851274490356e-01,1.762298941612243652e-01,7.793420553207397461e-01,7.403118014335632324e-01
3.279637992382049561e-01,3.915230929851531982e-01,4.207184612751007080e-01,6.556687951087951660e-01,8.865908384323120117e-01,8.124975562095642090e-01,9.271249175071716309e-01,6.879708766937255859e-01,3.714379370212554932e-01,3.222207129001617432e-01,3.017013669013977051e-01,3.021029233932495117e-01,3.007354140281677246e-01,3.255893588066101074e-01,3.690804243087768555e-01,4.306861162185668945e-01,5.303457975387573242e-01,6.790668964385986328e-01,8.781270384788513184e-01,9.492479562759399414e-01,9.602951407432556152e-01,9.510088562965393066e-01,1.000000000000000000e+00,7.962194085121154785e-01,3.737157285213470459e-01,2.704243659973144531e-01,2.159895151853561401e-01,2.027883827686309814e-01,1.931115835905075073e-01,1.970885545015335083e-01,2.122525870800018311e-01,2.229497879743576050e-01,2.367685735225677490e-01,2.731010019779205322e-01,2.923129796981811523e-01,6.131891608238220215e-01,7.653341293334960938e-01
6.579394936561584473e-01,1.000000000000000000e+00,9.463951587677001953e-01,8.704784512519836426e-01,7.835061550140380859e-01,6.883886456489562988e-01,4.256118834018707275e-01,3.425781428813934326e-01,3.043758571147918701e-01,2.942394912242889404e-01,2.924737930297851562e-01,3.051043152809143066e-01,3.239262700080871582e-01,3.699933290481567383e-01,4.386263489723205566e-01,4.545333385467529297e-01,3.788863122463226318e-01,3.408457338809967041e-01,3.220935761928558350e-01,3.077605962753295898e-01,3.077605962753295898e-01,3.101556599140167236e-01,3.172323703765869141e-01,3.268824815750122070e-01,3.427940607070922852e-01,3.220935761928558350e-01,3.041326403617858887e-01,2.942394912242889404e-01,2.962445616722106934e-01,3.048616945743560791e-01,3.355949223041534424e-01,3.458029627799987793e-01,3.592371940612792969e-01,3.930730819702148438e-01,4.724150300025939941e-01,1.000000000000000000e+00,1.000000000000000000e+00
3.298394680023193359e-01,3.011388182640075684e-01,2.892883419990539551e-01,2.632156610488891602e-01,2.490205764770507812e-01,2.403294891119003296e-01,2.357184290885925293e-01,2.307182103395462036e-01,2.371690124273300171e-01,2.470847964286804199e-01,2.734414041042327881e-01,3.045365214347839355e-01,3.281714916229248047e-01,3.396753370761871338e-01,3.541107475757598877e-01,3.877674043178558350e-01,4.633649587631225586e-01,6.261770129203796387e-01,1.000000000000000000e+00,9.376208782196044922e-01,9.148850440979003906e-01,9.080364108085632324e-01,7.305346727371215820e-01,4.357466697692871094e-01,3.199156224727630615e-01,2.734414041042327881e-01,2.459717988967895508e-01,2.388980984687805176e-01,2.414685040712356567e-01,2.619093656539916992e-01,3.074508011341094971e-01,4.499965608119964600e-01,6.265056133270263672e-01,4.043934941291809082e-01,3.515834510326385498e-01,8.461538553237915039e-01,7.601061463356018066e-01
5.974482893943786621e-01,7.603199481964111328e-01,8.286907672882080078e-01,1.000000000000000000e+00,9.271288514137268066e-01,9.223728179931640625e-01,7.374463677406311035e-01,3.772054612636566162e-01,3.363291323184967041e-01,3.251305520534515381e-01,3.289057910442352295e-01,3.390709757804870605e-01,3.653596341609954834e-01,4.395564496517181396e-01,5.202682018280029297e-01,6.603870987892150879e-01,6.148872971534729004e-01,4.349684119224548340e-01,3.900775611400604248e-01,3.706017732620239258e-01,3.670452535152435303e-01,3.668349683284759521e-01,3.687231838703155518e-01,3.953822851181030273e-01,3.670452535152435303e-01,3.411129117012023926e-01,3.354102075099945068e-01,3.225094377994537354e-01,3.184162080287933350e-01,3.344887495040893555e-01,3.611111044883728027e-01,4.151825308799743652e-01,4.501371681690216064e-01,4.557587504386901855e-01,4.824065268039703369e-01,1.000000000000000000e+00,1.000000000000000000e+00
5.400789976119995117e-01,3.359678387641906738e-01,2.651320993900299072e-01,2.375651299953460693e-01,2.247533798217773438e-01,2.242555916309356689e-01,2.242555916309356689e-01,2.412991970777511597e-01,2.846466004848480225e-01,2.902837097644805908e-01,2.902837097644805908e-01,2.978840470314025879e-01,2.990074455738067627e-01,2.961909770965576172e-01,2.937282025814056396e-01,3.027219772338867188e-01,3.209981024265289307e-01,3.632971346378326416e-01,5.391470193862915039e-01,1.000000000000000000e+00,8.971469402313232422e-01,8.888244628906250000e-01,8.703377246856689453e-01,6.917678117752075195e-01,5.578913092613220215e-01,3.462875485420227051e-01,3.065737783908843994e-01,2.774895429611206055e-01,2.649212777614593506e-01,2.318513095378875732e-01,2.114301919937133789e-01,2.114301919937133789e-01,2.140567600727081299e-01,2.318513095378875732e-01,5.266692042350769043e-01,7.930623292922973633e-01,7.455514073371887207e-01
4.712667167186737061e-01,5.198816657066345215e-01,6.126863956451416016e-01,1.000000000000000000e+00,8.768123984336853027e-01,9.374597668647766113e-01,3.874968886375427246e-01,2.976833581924438477e-01,2.599408328533172607e-01,2.510286569595336914e-01,2.555235922336578369e-01,2.631174027919769287e-01,2.808777391910552979e-01,3.276959061622619629e-01,3.983041048049926758e-01,4.564747810363769531e-01,4.282343089580535889e-01,3.608537018299102783e-01,2.773500978946685791e-01,2.532253563404083252e-01,2.421696782112121582e-01,2.421696782112121582e-01,2.401281744241714478e-01,2.440680861473083496e-01,2.719728350639343262e-01,3.046309351921081543e-01,2.588732838630676270e-01,2.399999946355819702e-01,2.421696782112121582e-01,2.394866347312927246e-01,2.443200945854187012e-01,2.621802091598510742e-01,2.880170941352844238e-01,3.398642241954803467e-01,4.231021106243133545e-01,1.000000000000000000e+00,1.000000000000000000e+00
4.706614613533020020e-01,3.911324441432952881e-01,2.903785705566406250e-01,2.394523024559020996e-01,2.217922508716583252e-01,2.217922508716583252e-01,3.054383695125579834e-01,3.305535018444061279e-01,2.881787121295928955e-01,2.651781737804412842e-01,2.577548623085021973e-01,2.281567305326461792e-01,2.200639694929122925e-01,2.235071659088134766e-01,2.177382707595825195e-01,2.212176620960235596e-01,2.422267347574234009e-01,2.662558853626251221e-01,3.190925121307373047e-01,4.275869429111480713e-01,1.000000000000000000e+00,9.153075814247131348e-01,9.173910021781921387e-01,7.762626409530639648e-01,5.280113220214843750e-01,4.024394154548645020e-01,2.314795702695846558e-01,2.128612548112869263e-01,2.170063704252243042e-01,2.285747230052947998e-01,2.318915873765945435e-01,2.177382707595825195e-01,2.177382707595825195e-01,2.222222238779067993e-01,2.691087126731872559e-01,8.985542654991149902e-01,7.515283823013305664e-01
5.392186641693115234e-01,6.745007634162902832e-01,8.883565068244934082e-01,8.879699110984802246e-01,1.000000000000000000e+00,9.082705378532409668e-01,4.207566082477569580e-01,3.328178822994232178e-01,2.828475534915924072e-01,2.745937407016754150e-01,2.620532214641571045e-01,2.743435502052307129e-01,2.900397479534149170e-01,3.166401088237762451e-01,3.654679358005523682e-01,4.341708421707153320e-01,4.523739814758300781e-01,3.977687954902648926e-01,3.351823389530181885e-01,3.016459047794342041e-01,2.743435502052307129e-01,2.705627977848052979e-01,2.758413553237915039e-01,2.929843962192535400e-01,3.241419196128845215e-01,4.141767323017120361e-01,3.067254126071929932e-01,2.733404636383056641e-01,2.699275314807891846e-01,2.735915780067443848e-01,2.759658098220825195e-01,2.886156439781188965e-01,3.188014924526214600e-01,3.695786595344543457e-01,4.714045226573944092e-01,1.000000000000000000e+00,1.000000000000000000e+00
2.567694783210754395e-01,2.444168478250503540e-01,2.444168478250503540e-01,3.133079409599304199e-01,3.818882703781127930e-01,3.617180287837982178e-01,3.631268739700317383e-01,3.562957346439361572e-01,3.291047513484954834e-01,3.045271635055541992e-01,2.908045351505279541e-01,2.769781053066253662e-01,2.598579823970794678e-01,2.548983991146087646e-01,2.548983991146087646e-01,2.717439532279968262e-01,3.007309734821319580e-01,3.626872003078460693e-01,5.273354649543762207e-01,1.000000000000000000e+00,9.183197617530822754e-01,8.789368271827697754e-01,9.011664986610412598e-01,6.475538611412048340e-01,4.394684135913848877e-01,3.526948690414428711e-01,2.717439532279968262e-01,2.403352707624435425e-01,2.360480129718780518e-01,2.438940256834030151e-01,2.773235440254211426e-01,3.290077745914459229e-01,2.955935299396514893e-01,2.851530015468597412e-01,2.800716459751129150e-01,9.487355947494506836e-01,7.811349630355834961e-01
4.347574412822723389e-01,4.726756811141967773e-01,6.325287222862243652e-01,5.056385993957519531e-01,4.326227903366088867e-01,3.961315751075744629e-01,3.792162537574768066e-01,3.777894675731658936e-01,3.856714665889739990e-01,3.745078444480895996e-01,3.576483726501464844e-01,3.410865962505340576e-01,3.480277061462402344e-01,3.693219423294067383e-01,4.134746193885803223e-01,4.780315160751342773e-01,6.569392681121826172e-01,1.000000000000000000e+00,8.367798924446105957e-01,7.923605442047119141e-01,7.821689844131469727e-01,7.833517193794250488e-01,7.747361063957214355e-01,5.937752723693847656e-01,5.111018419265747070e-01,4.190348386764526367e-01,3.726492524147033691e-01,3.435656130313873291e-01,3.417644798755645752e-01,3.559184968471527100e-01,4.129144847393035889e-01,4.772238731384277344e-01,4.871437847614288330e-01,4.433673322200775146e-01,4.354666769504547119e-01,1.000000000000000000e+00,7.414086461067199707e-01
8.018177747726440430e-01,1.000000000000000000e+00,7.548928856849670410e-01,6.512342095375061035e-01,3.209865391254425049e-01,2.289280444383621216e-01,1.731584817171096802e-01,1.609556972980499268e-01,1.474607437849044800e-01,1.430753916501998901e-01,1.430753916501998901e-01,1.457224339246749878e-01,1.612193435430526733e-01,1.760770976543426514e-01,2.175123989582061768e-01,2.472991794347763062e-01,3.354782462120056152e-01,1.577575802803039551e-01,1.430753916501998901e-01,1.403784453868865967e-01,1.329193115234375000e-01,1.309881806373596191e-01,1.309881806373596191e-01,1.309881806373596191e-01,1.439631432294845581e-01,1.731584817171096802e-01,2.349703758955001831e-01,3.421220183372497559e-01,3.614386618137359619e-01,3.859857022762298584e-01,4.366813004016876221e-01,4.885506331920623779e-01,5.399994850158691406e-01,6.411787271499633789e-01,8.244336247444152832e-01,5.213299989700317383e-01,1.000000000000000000e+00
5.231113433837890625e-01,4.807717800140380859e-01,4.346874654293060303e-01,3.945979177951812744e-01,3.733635246753692627e-01,3.626427054405212402e-01,3.638013005256652832e-01,3.716689646244049072e-01,3.705349564552307129e-01,3.613348305225372314e-01,3.601683080196380615e-01,3.716689646244049072e-01,4.021248221397399902e-01,4.574475884437561035e-01,5.577628612518310547e-01,7.866588830947875977e-01,1.000000000000000000e+00,9.855344891548156738e-01,9.851608276367187500e-01,1.000000000000000000e+00,9.066357612609863281e-01,6.632297635078430176e-01,4.429588317871093750e-01,3.815855979919433594e-01,3.395699262619018555e-01,3.409612774848937988e-01,3.829616904258728027e-01,4.453276097774505615e-01,3.601683080196380615e-01,5.207933187484741211e-01,6.094124317169189453e-01,7.493991851806640625e-01,6.266902685165405273e-01,5.996667742729187012e-01,5.349440574645996094e-01,1.000000000000000000e+00,7.630245089530944824e-01
8.875266909599304199e-01,7.636321783065795898e-01,6.885256171226501465e-01,4.768240451812744141e-01,3.132339715957641602e-01,2.482917308807373047e-01,2.136328667402267456e-01,1.957068890333175659e-01,1.865450143814086914e-01,1.863959580659866333e-01,1.887667477130889893e-01,2.104871869087219238e-01,2.387032955884933472e-01,2.316115200519561768e-01,2.007545977830886841e-01,1.916890144348144531e-01,1.869914829730987549e-01,1.863959580659866333e-01,1.863959580659866333e-01,1.869914829730987549e-01,1.916890144348144531e-01,2.007545977830886841e-01,2.213015407323837280e-01,2.583854198455810547e-01,3.000917136669158936e-01,2.857639193534851074e-01,2.857639193534851074e-01,2.923031151294708252e-01,3.045963346958160400e-01,3.185135722160339355e-01,3.479568660259246826e-01,4.264843761920928955e-01,6.738362312316894531e-01,1.000000000000000000e+00,9.526274204254150391e-01,7.056530117988586426e-01,1.000000000000000000e+00
3.378591537475585938e-01,3.274240195751190186e-01,3.100773096084594727e-01,2.877781093120574951e-01,2.681055068969726562e-01,2.605517208576202393e-01,2.587772309780120850e-01,2.707279026508331299e-01,2.597251534461975098e-01,2.383876144886016846e-01,2.357963621616363525e-01,2.348826825618743896e-01,2.509427964687347412e-01,2.720860838890075684e-01,3.000071644783020020e-01,3.653782308101654053e-01,4.619848430156707764e-01,9.445198178291320801e-01,9.492238759994506836e-01,9.562526345252990723e-01,1.000000000000000000e+00,6.223796010017395020e-01,3.996680974960327148e-01,3.354868888854980469e-01,2.874577045440673828e-01,2.567513287067413330e-01,2.508203685283660889e-01,2.509427964687347412e-01,2.553115785121917725e-01,2.809728682041168213e-01,3.327286541461944580e-01,4.201270341873168945e-01,3.944849371910095215e-01,3.597013056278228760e-01,3.463001847267150879e-01,1.000000000000000000e+00,7.531746625900268555e-01
9.809869527816772461e-01,9.673139452934265137e-01,9.006024599075317383e-01,8.232955932617187500e-01,5.850108265876770020e-01,3.894798457622528076e-01,3.009530603885650635e-01,2.529974281787872314e-01,2.414744347333908081e-01,2.336878925561904907e-01,2.362075150012969971e-01,2.541646659374237061e-01,2.890380322933197021e-01,3.286884725093841553e-01,4.176262915134429932e-01,4.680086672306060791e-01,4.487992227077484131e-01,4.473955631256103516e-01,4.473955631256103516e-01,4.440753459930419922e-01,4.624416828155517578e-01,4.963236153125762939e-01,4.143353998661041260e-01,3.131237328052520752e-01,2.655549943447113037e-01,2.446708977222442627e-01,2.408607751131057739e-01,2.414744347333908081e-01,2.529974281787872314e-01,2.626128792762756348e-01,2.743269801139831543e-01,2.995976805686950684e-01,3.810285627841949463e-01,5.358951687812805176e-01,1.000000000000000000e+00,8.787878751754760742e-01,1.000000000000000000e+00
3.621083498001098633e-01,3.626558482646942139e-01,3.525096178054809570e-01,3.468353748321533203e-01,3.117138743400573730e-01,2.822206914424896240e-01,2.634155452251434326e-01,2.600584328174591064e-01,2.648107111454010010e-01,2.661985754966735840e-01,2.600584328174591064e-01,2.569884955883026123e-01,2.635231316089630127e-01,2.770512104034423828e-01,2.986173629760742188e-01,3.440455496311187744e-01,3.981960415840148926e-01,5.604096055030822754e-01,9.505935311317443848e-01,9.643592238426208496e-01,1.000000000000000000e+00,6.921162605285644531e-01,5.071484446525573730e-01,3.704657852649688721e-01,3.165861070156097412e-01,2.850189805030822754e-01,2.710523605346679688e-01,2.629847824573516846e-01,2.619047760963439941e-01,2.673672735691070557e-01,3.089738786220550537e-01,4.035696685314178467e-01,4.362409114837646484e-01,4.001841843128204346e-01,3.776643872261047363e-01,1.000000000000000000e+00,7.497608661651611328e-01
1.000000000000000000e+00,9.708850383758544922e-01,9.563739299774169922e-01,8.554509878158569336e-01,7.529232501983642578e-01,4.490969777107238770e-01,2.953618168830871582e-01,2.409877181053161621e-01,2.227883934974670410e-01,2.101301997900009155e-01,2.101301997900009155e-01,2.167698442935943604e-01,2.444908171892166138e-01,2.808223068714141846e-01,3.323871791362762451e-01,4.408156871795654297e-01,4.332490265369415283e-01,4.286448955535888672e-01,4.286448955535888672e-01,4.332490265369415283e-01,4.469881951808929443e-01,4.756610691547393799e-01,3.710688948631286621e-01,2.952551543712615967e-01,2.522261738777160645e-01,2.257374972105026245e-01,2.222222238779067993e-01,2.148727923631668091e-01,2.234940975904464722e-01,2.382274717092514038e-01,2.638217508792877197e-01,2.937580347061157227e-01,3.338054120540618896e-01,4.592900276184082031e-01,6.680352687835693359e-01,7.802060842514038086e-01,1.000000000000000000e+00
9.494229555130004883e-01,8.540505170822143555e-01,6.514509320259094238e-01,4.367770254611968994e-01,3.441098034381866455e-01,2.982769012451171875e-01,2.688538432121276855e-01,2.436518520116806030e-01,2.356171607971191406e-01,2.356171607971191406e-01,2.246359139680862427e-01,2.246359139680862427e-01,2.384937405586242676e-01,2.850746512413024902e-01,3.428251445293426514e-01,3.912398219108581543e-01,3.800056874752044678e-01,3.672296404838562012e-01,3.672296404838562012e-01,3.699502944946289062e-01,3.826355338096618652e-01,4.047452211380004883e-01,4.446950852870941162e-01,4.281510114669799805e-01,3.165447115898132324e-01,2.652489244937896729e-01,2.419999539852142334e-01,2.424967139959335327e-01,2.522263526916503906e-01,2.688538432121276855e-01,3.109190762042999268e-01,3.762930631637573242e-01,5.247963070869445801e-01,7.929189205169677734e-01,1.000000000000000000e+00,1.000000000000000000e+00,1.000000000000000000e+00
3.817425072193145752e-01,3.817425072193145752e-01,3.467037677764892578e-01,3.201976120471954346e-01,3.103514313697814941e-01,2.961335778236389160e-01,2.787337601184844971e-01,2.526056468486785889e-01,2.421484142541885376e-01,2.414351552724838257e-01,2.458590418100357056e-01,2.621538937091827393e-01,2.990312278270721436e-01,3.548163175582885742e-01,5.049551725387573242e-01,7.035920619964599609e-01,9.459388852119445801e-01,9.850131869316101074e-01,9.850131869316101074e-01,1.000000000000000000e+00,5.743054151535034180e-01,3.889035880565643311e-01,3.285710811614990234e-01,2.731085121631622314e-01,2.414351552724838257e-01,2.276483029127120972e-01,2.328908890485763550e-01,2.514080405235290527e-01,3.024717867374420166e-01,4.124684333801269531e-01,2.321491986513137817e-01,2.321491986513137817e-01,2.500323355197906494e-01,4.371314346790313721e-01,4.187961220741271973e-01,9.481088519096374512e-01,7.730635404586791992e-01
4.105493128299713135e-01,1.000000000000000000e+00,9.730635285377502441e-01,7.240691781044006348e-01,4.953631758689880371e-01,3.475504517555236816e-01,2.676739096641540527e-01,2.211289554834365845e-01,2.041573375463485718e-01,1.898639202117919922e-01,1.902917772531509399e-01,1.996764689683914185e-01,2.084444463253021240e-01,1.902917772531509399e-01,1.735264211893081665e-01,1.641330420970916748e-01,1.588451564311981201e-01,1.578178554773330688e-01,1.578178554773330688e-01,1.588451564311981201e-01,1.629519909620285034e-01,1.735264211893081665e-01,1.913572549819946289e-01,2.231881469488143921e-01,2.939561307430267334e-01,2.504468858242034912e-01,2.074177414178848267e-01,1.902917772531509399e-01,1.855310350656509399e-01,1.840456575155258179e-01,1.914103776216506958e-01,2.092233151197433472e-01,2.278759628534317017e-01,2.609429955482482910e-01,3.069157898426055908e-01,1.000000000000000000e+00,1.000000000000000000e+00
9.816744327545166016e-01,9.647839665412902832e-01,8.905040621757507324e-01,7.392572760581970215e-01,4.489809572696685791e-01,3.574281930923461914e-01,2.946226000785827637e-01,2.579431533813476562e-01,2.463721036911010742e-01,2.391826808452606201e-01,2.419979721307754517e-01,2.485827058553695679e-01,2.584476470947265625e-01,2.860081493854522705e-01,3.183379173278808594e-01,3.981146514415740967e-01,4.989438056945800781e-01,7.757124304771423340e-01,8.597229719161987305e-01,8.722374439239501953e-01,9.061924815177917480e-01,9.652429223060607910e-01,1.000000000000000000e+00,5.027927160263061523e-01,3.454190790653228760e-01,2.803039550781250000e-01,2.455247342586517334e-01,2.364440709352493286e-01,2.356715500354766846e-01,2.402693927288055420e-01,2.603557705879211426e-01,2.773139774799346924e-01,3.519933819770812988e-01,4.930613338947296143e-01,7.392925024032592773e-01,7.900421023368835449e-01,7.011432051658630371e-01
2.203402519226074219e-01,2.016215771436691284e-01,1.960603594779968262e-01,1.787520945072174072e-01,1.698707640171051025e-01,1.623904705047607422e-01,1.503343582153320312e-01,1.477909237146377563e-01,1.425679922103881836e-01,1.383694857358932495e-01,1.359121054410934448e-01,1.398081034421920776e-01,1.542074382305145264e-01,1.753617227077484131e-01,1.960603594779968262e-01,2.549094557762145996e-01,3.784537613391876221e-01,5.576105117797851562e-01,9.376029968261718750e-01,9.622156023979187012e-01,1.000000000000000000e+00,3.848829567432403564e-01,2.568849027156829834e-01,2.093100249767303467e-01,1.724549680948257446e-01,1.503343582153320312e-01,1.422722041606903076e-01,1.425679922103881836e-01,1.494913548231124878e-01,1.707981824874877930e-01,2.142824530601501465e-01,2.524184286594390869e-01,2.454806715250015259e-01,2.304787635803222656e-01,2.256299257278442383e-01,7.223241925239562988e-01,4.070000648498535156e-01
3.812674582004547119e-01,1.000000000000000000e+00,9.684273600578308105e-01,6.765224933624267578e-01,5.131694078445434570e-01,3.228091299533843994e-01,2.697574794292449951e-01,2.323147803544998169e-01,2.117325812578201294e-01,1.051006838679313660e-01,2.806929685175418854e-02,2.314653620123863220e-02,2.024105750024318695e-02,1.984799094498157501e-02,1.984799094498157501e-02,1.984799094498157501e-02,1.984799094498157501e-02,1.984799094498157501e-02,1.984799094498157501e-02,1.984799094498157501e-02,1.984799094498157501e-02,1.984799094498157501e-02,1.984799094498157501e-02,2.024105750024318695e-02,2.314653620123863220e-02,2.806929685175418854e-02,1.051006838679313660e-01,1.868664920330047607e-01,1.741201728582382202e-01,1.750678271055221558e-01,1.852573603391647339e-01,1.984799057245254517e-01,2.183639854192733765e-01,2.510594427585601807e-01,3.060711920261383057e-01,1.000000000000000000e+00,1.000000000000000000e+00
1.000000000000000000e+00,9.639057517051696777e-01,8.666481375694274902e-01,6.187551617622375488e-01,4.164586365222930908e-01,3.294798135757446289e-01,2.889729142189025879e-01,2.686119377613067627e-01,2.608141601085662842e-01,2.489422112703323364e-01,2.405075281858444214e-01,2.374648749828338623e-01,2.397260218858718872e-01,2.617119550704956055e-01,3.020695447921752930e-01,3.588544428348541260e-01,5.299263596534729004e-01,7.422900795936584473e-01,7.470778822898864746e-01,7.578327059745788574e-01,7.862405180931091309e-01,8.393415808677673340e-01,9.342475533485412598e-01,5.209533572196960449e-01,3.675728142261505127e-01,2.875081002712249756e-01,2.534246444702148438e-01,2.392362952232360840e-01,2.382538020610809326e-01,2.455266863107681274e-01,2.617119550704956055e-01,2.986332774162292480e-01,3.340050876140594482e-01,4.765076041221618652e-01,7.499296069145202637e-01,7.884247303009033203e-01,6.626916527748107910e-01
2.432350963354110718e-01,2.238415181636810303e-01,2.159814685583114624e-01,1.967373490333557129e-01,1.797074526548385620e-01,1.721203476190567017e-01,1.572396606206893921e-01,1.479186415672302246e-01,1.406394392251968384e-01,1.363742500543594360e-01,1.385232508182525635e-01,1.424940973520278931e-01,1.599984616041183472e-01,1.787307709455490112e-01,2.062921524047851562e-01,2.745475172996520996e-01,4.764955043792724609e-01,6.013579368591308594e-01,9.462746977806091309e-01,9.623241424560546875e-01,1.000000000000000000e+00,3.609942197799682617e-01,2.385116368532180786e-01,2.002099305391311646e-01,1.715473532676696777e-01,1.476965844631195068e-01,1.403279453516006470e-01,1.406394392251968384e-01,1.479186415672302246e-01,1.676773726940155029e-01,2.183992564678192139e-01,2.675651609897613525e-01,2.649767398834228516e-01,2.541877627372741699e-01,2.439536601305007935e-01,6.435666084289550781e-01,3.759044408798217773e-01
3.649832904338836670e-01,6.226599216461181641e-01,1.000000000000000000e+00,7.361113429069519043e-01,5.444331765174865723e-01,3.588800728321075439e-01,2.837473154067993164e-01,2.459641993045806885e-01,2.237737178802490234e-01,3.905172646045684814e-02,1.773247495293617249e-02,1.634853519499301910e-02,1.586040854454040527e-02,1.586040854454040527e-02,1.586040854454040527e-02,1.586040854454040527e-02,1.586040854454040527e-02,1.586040854454040527e-02,1.586040854454040527e-02,1.586040854454040527e-02,1.586040854454040527e-02,1.586040854454040527e-02,1.586040854454040527e-02,1.586040854454040527e-02,1.634853519499301910e-02,1.773247495293617249e-02,3.905172646045684814e-02,1.836831122636795044e-01,1.703148633241653442e-01,1.705454885959625244e-01,1.794400364160537720e-01,1.895385086536407471e-01,2.127896994352340698e-01,2.420011907815933228e-01,2.862023711204528809e-01,1.000000000000000000e+00,1.000000000000000000e+00
1.000000000000000000e+00,9.853208661079406738e-01,9.044728875160217285e-01,6.873545050621032715e-01,4.564251899719238281e-01,3.418209850788116455e-01,2.923895418643951416e-01,2.780986428260803223e-01,2.631180584430694580e-01,2.497690469026565552e-01,2.318109571933746338e-01,2.311298698186874390e-01,2.442989945411682129e-01,2.659277021884918213e-01,3.109056353569030762e-01,3.939202725887298584e-01,5.518476366996765137e-01,7.125481367111206055e-01,7.186224460601806641e-01,7.293545007705688477e-01,7.555628418922424316e-01,8.074358105659484863e-01,8.966453075408935547e-01,5.104643702507019043e-01,3.601720333099365234e-01,2.817193567752838135e-01,2.484128326177597046e-01,2.344194501638412476e-01,2.356650978326797485e-01,2.497690469026565552e-01,2.614005506038665771e-01,2.966716289520263672e-01,3.332132101058959961e-01,4.181051850318908691e-01,7.348303794860839844e-01,8.227660655975341797e-01,6.663025617599487305e-01
2.235765308141708374e-01,2.093916386365890503e-01,1.976797878742218018e-01,1.897812038660049438e-01,1.788821816444396973e-01,1.645768731832504272e-01,1.596323251724243164e-01,1.486236155033111572e-01,1.417404413223266602e-01,1.415199488401412964e-01,1.440713852643966675e-01,1.510551124811172485e-01,1.633706986904144287e-01,1.807923167943954468e-01,2.215184718370437622e-01,2.779931724071502686e-01,4.736734926700592041e-01,6.047714948654174805e-01,9.458294510841369629e-01,9.619691371917724609e-01,1.000000000000000000e+00,3.724754452705383301e-01,2.326573729515075684e-01,1.889015585184097290e-01,1.612543165683746338e-01,1.494617313146591187e-01,1.460091620683670044e-01,1.466494053602218628e-01,1.543948799371719360e-01,1.760668158531188965e-01,2.259385734796524048e-01,2.509532570838928223e-01,2.397960275411605835e-01,2.291409373283386230e-01,2.247374951839447021e-01,6.943219900131225586e-01,3.606324493885040283e-01
5.612628459930419922e-01,8.861735463142395020e-01,1.000000000000000000e+00,8.716331720352172852e-01,6.991551518440246582e-01,6.278926730155944824e-01,5.769812464714050293e-01,5.520799756050109863e-01,5.314396619796752930e-01,5.112160444259643555e-01,5.112160444259643555e-01,5.211194753646850586e-01,5.612628459930419922e-01,6.434730291366577148e-01,7.434484958648681641e-01,7.295672297477722168e-01,7.118351459503173828e-01,7.077841758728027344e-01,7.077841758728027344e-01,7.118351459503173828e-01,7.295672297477722168e-01,7.700462341308593750e-01,8.045398592948913574e-01,6.730788350105285645e-01,5.775346755981445312e-01,5.362275242805480957e-01,5.314396619796752930e-01,5.566903352737426758e-01,6.077244877815246582e-01,6.459507942199707031e-01,6.434730291366577148e-01,5.543899536132812500e-01,5.445049405097961426e-01,5.403820872306823730e-01,5.403820872306823730e-01,1.000000000000000000e+00,1.000000000000000000e+00
4.444534480571746826e-01,1.000000000000000000e+00,9.763712882995605469e-01,7.166128754615783691e-01,5.087232589721679688e-01,3.642563521862030029e-01,2.805403172969818115e-01,2.257043868303298950e-01,2.092744261026382446e-01,1.905039697885513306e-01,1.937586963176727295e-01,2.050157189369201660e-01,2.221639007329940796e-01,2.412021756172180176e-01,2.241155952215194702e-01,2.109750062227249146e-01,2.051790505647659302e-01,2.032103389501571655e-01,2.032103389501571655e-01,2.051790505647659302e-01,2.109750062227249146e-01,2.241155952215194702e-01,2.477791309356689453e-01,2.907436788082122803e-01,3.255333304405212402e-01,2.430010139942169189e-01,2.079361677169799805e-01,1.902693659067153931e-01,1.825415641069412231e-01,1.835177242755889893e-01,1.938163191080093384e-01,2.022740095853805542e-01,2.198904156684875488e-01,2.600490748882293701e-01,3.170177638530731201e-01,1.000000000000000000e+00,1.000000000000000000e+00
9.244521260261535645e-01,9.306808114051818848e-01,8.250893354415893555e-01,6.473906040191650391e-01,4.199473559856414795e-01,3.143382668495178223e-01,2.666979134082794189e-01,2.424920201301574707e-01,2.403648644685745239e-01,2.508203387260437012e-01,2.642799317836761475e-01,2.666979134082794189e-01,2.596731781959533691e-01,2.738237679004669189e-01,3.061442971229553223e-01,3.754619061946868896e-01,4.727582931518554688e-01,6.845594048500061035e-01,8.893427848815917969e-01,9.037775397300720215e-01,9.382101297378540039e-01,1.000000000000000000e+00,9.469277262687683105e-01,4.991776347160339355e-01,3.525351285934448242e-01,2.868309319019317627e-01,2.579866349697113037e-01,2.474188804626464844e-01,2.467954009771347046e-01,2.507179379463195801e-01,2.689987123012542725e-01,3.010697066783905029e-01,3.878416121006011963e-01,5.212217569351196289e-01,9.298803806304931641e-01,8.488265275955200195e-01,6.994963884353637695e-01
2.328504920005798340e-01,2.335944175720214844e-01,2.180356085300445557e-01,1.999804824590682983e-01,1.825761646032333374e-01,1.647818237543106079e-01,1.550161838531494141e-01,1.472675800323486328e-01,1.400204151868820190e-01,1.357740014791488647e-01,1.340862959623336792e-01,1.375986784696578979e-01,1.499672830104827881e-01,1.779440939426422119e-01,2.157356888055801392e-01,2.586632370948791504e-01,4.642550647258758545e-01,5.755317807197570801e-01,9.467598795890808105e-01,9.626615047454833984e-01,1.000000000000000000e+00,4.113223254680633545e-01,2.540952563285827637e-01,2.058587968349456787e-01,1.749945431947708130e-01,1.571007519960403442e-01,1.397102922201156616e-01,1.400204151868820190e-01,1.414075493812561035e-01,1.669393479824066162e-01,2.174379825592041016e-01,2.663874626159667969e-01,2.490956187248229980e-01,2.384188920259475708e-01,2.335944175720214844e-01,7.309339642524719238e-01,4.201577901840209961e-01
3.090881109237670898e-01,3.852318823337554932e-01,1.000000000000000000e+00,9.388297796249389648e-01,6.346263289451599121e-01,4.278253912925720215e-01,3.016783595085144043e-01,2.384433895349502563e-01,2.043681591749191284e-01,1.903035640716552734e-01,1.920101195573806763e-01,1.928980052471160889e-01,1.979849040508270264e-01,1.758506745100021362e-01,1.598069518804550171e-01,1.507361531257629395e-01,1.460959315299987793e-01,1.448143571615219116e-01,1.448143571615219116e-01,1.460959315299987793e-01,1.507361531257629395e-01,1.598069518804550171e-01,1.758506745100021362e-01,2.025356739759445190e-01,2.759694159030914307e-01,3.200671970844268799e-01,2.446600347757339478e-01,2.108283340930938721e-01,1.957756429910659790e-01,1.883343011140823364e-01,1.911452114582061768e-01,2.027656435966491699e-01,2.130030095577239990e-01,2.330622076988220215e-01,2.613601982593536377e-01,1.000000000000000000e+00,8.448839783668518066e-01
7.056151628494262695e-01,8.416742682456970215e-01,8.013422489166259766e-01,7.179610729217529297e-01,5.096803307533264160e-01,3.448548316955566406e-01,2.810681164264678955e-01,2.366409152746200562e-01,2.143732309341430664e-01,2.008768469095230103e-01,1.917412430047988892e-01,1.927324682474136353e-01,2.026545554399490356e-01,2.111596912145614624e-01,2.379163652658462524e-01,2.928258180618286133e-01,3.422119915485382080e-01,4.475743770599365234e-01,7.157093882560729980e-01,8.097327351570129395e-01,8.399679064750671387e-01,8.979492187500000000e-01,1.000000000000000000e+00,6.989757418632507324e-01,3.790728151798248291e-01,2.629790902137756348e-01,2.130620628595352173e-01,1.952172070741653442e-01,1.901563405990600586e-01,1.997577399015426636e-01,2.176423370838165283e-01,2.339254766702651978e-01,2.710390388965606689e-01,3.084475398063659668e-01,4.032018482685089111e-01,7.364168763160705566e-01,4.755826890468597412e-01
1.767148375511169434e-01,1.603344529867172241e-01,1.556940078735351562e-01,1.495391279458999634e-01,1.368547081947326660e-01,1.335582286119461060e-01,1.279877871274948120e-01,1.287717223167419434e-01,1.299572288990020752e-01,1.300309598445892334e-01,1.314240545034408569e-01,1.332708597183227539e-01,1.368547081947326660e-01,1.514498442411422729e-01,1.640866845846176147e-01,2.012383937835693359e-01,2.800959348678588867e-01,4.011050760746002197e-01,5.703405141830444336e-01,9.022629857063293457e-01,9.380140900611877441e-01,1.000000000000000000e+00,2.283478528261184692e-01,1.610204726457595825e-01,1.315334141254425049e-01,1.269349902868270874e-01,1.272743344306945801e-01,1.299572288990020752e-01,1.293658316135406494e-01,1.322601139545440674e-01,1.357294768095016479e-01,1.393188834190368652e-01,1.467897146940231323e-01,1.635015010833740234e-01,1.766877174377441406e-01,7.093691825866699219e-01,2.135293483734130859e-01
6.833529472351074219e-02,8.170940726995468140e-02,9.696663916110992432e-02,1.472073048353195190e-01,5.825585722923278809e-01,1.000000000000000000e+00,7.351700663566589355e-01,5.911074876785278320e-01,5.104852318763732910e-01,4.525745213031768799e-01,9.703169763088226318e-02,6.824288517236709595e-02,5.328874289989471436e-02,4.766289889812469482e-02,4.394302144646644592e-02,4.277876019477844238e-02,4.263099282979965210e-02,4.263099282979965210e-02,4.263099282979965210e-02,4.263099282979965210e-02,4.277876019477844238e-02,4.394302144646644592e-02,4.766289889812469482e-02,5.049168691039085388e-02,6.049830466508865356e-02,6.434001028537750244e-02,5.695223435759544373e-02,5.411132797598838806e-02,5.123607814311981201e-02,5.123607814311981201e-02,5.123607814311981201e-02,5.281294137239456177e-02,5.328874289989471436e-02,5.560671538114547729e-02,5.955214053392410278e-02,2.595837414264678955e-01,1.000000000000000000e+00
4.292915761470794678e-01,6.959871053695678711e-01,1.000000000000000000e+00,8.104339838027954102e-01,9.298110008239746094e-01,5.191280245780944824e-01,3.001859188079833984e-01,2.611570358276367188e-01,2.601543366909027100e-01,2.621992230415344238e-01,2.639271020889282227e-01,2.658147513866424561e-01,2.562817335128784180e-01,2.576084733009338379e-01,2.608087062835693359e-01,2.904509007930755615e-01,3.491834104061126709e-01,4.501716196537017822e-01,6.156412363052368164e-01,6.349050998687744141e-01,6.587965488433837891e-01,5.576266646385192871e-01,4.364320635795593262e-01,3.625938296318054199e-01,3.155406713485717773e-01,2.902160584926605225e-01,2.813086509704589844e-01,2.590600550174713135e-01,2.430834621191024780e-01,2.446212321519851685e-01,2.561930418014526367e-01,2.621992230415344238e-01,2.793223261833190918e-01,3.015079200267791748e-01,3.432757258415222168e-01,1.000000000000000000e+00,7.361148595809936523e-01
3.608906865119934082e-01,2.182885706424713135e-01,1.796581894159317017e-01,1.647810190916061401e-01,1.666028499603271484e-01,1.852271705865859985e-01,3.008802533149719238e-01,2.757794559001922607e-01,2.360802590847015381e-01,2.081010341644287109e-01,1.917886734008789062e-01,1.745448261499404907e-01,1.750082075595855713e-01,1.704041659832000732e-01,1.724655777215957642e-01,1.924784183502197266e-01,2.029424905776977539e-01,2.432381510734558105e-01,5.608906149864196777e-01,7.262657880783081055e-01,1.000000000000000000e+00,8.729181289672851562e-01,6.820054054260253906e-01,4.387472271919250488e-01,2.539880871772766113e-01,1.973138004541397095e-01,1.803535073995590210e-01,1.694075167179107666e-01,1.703177243471145630e-01,1.777630895376205444e-01,1.845901012420654297e-01,1.949488818645477295e-01,2.162554115056991577e-01,2.511898875236511230e-01,3.425537049770355225e-01,8.639594912528991699e-01,4.064106643199920654e-01
4.765664935111999512e-01,6.038607358932495117e-01,1.000000000000000000e+00,8.810185790061950684e-01,4.450471103191375732e-01,3.575405776500701904e-01,1.717875152826309204e-01,1.343076974153518677e-01,1.138605624437332153e-01,1.013124957680702209e-01,1.023442223668098450e-01,1.073052585124969482e-01,1.108686253428459167e-01,1.170903220772743225e-01,1.174933910369873047e-01,1.139988824725151062e-01,1.109633445739746094e-01,1.102033182978630066e-01,1.102033182978630066e-01,1.109633445739746094e-01,1.139988824725151062e-01,1.204515993595123291e-01,1.330502480268478394e-01,1.341903060674667358e-01,1.188712641596794128e-01,1.093419641256332397e-01,1.069620400667190552e-01,1.074031218886375427e-01,1.127478927373886108e-01,1.250728666782379150e-01,1.467549204826354980e-01,1.782700717449188232e-01,2.391743957996368408e-01,3.424417972564697266e-01,3.969998359680175781e-01,6.113293766975402832e-01,1.000000000000000000e+00
5.019458532333374023e-01,7.789366245269775391e-01,1.000000000000000000e+00,8.553262948989868164e-01,4.995881617069244385e-01,3.390580713748931885e-01,2.830184102058410645e-01,2.485940009355545044e-01,2.240752726793289185e-01,2.121082395315170288e-01,2.122546583414077759e-01,2.219156175851821899e-01,2.385810613632202148e-01,2.684832811355590820e-01,2.518843114376068115e-01,2.381248325109481812e-01,2.302304506301879883e-01,2.285373061895370483e-01,2.285373061895370483e-01,2.302304506301879883e-01,2.381248325109481812e-01,2.518843114376068115e-01,2.767462134361267090e-01,3.271657824516296387e-01,3.639836311340332031e-01,2.636369168758392334e-01,2.229632288217544556e-01,2.014395892620086670e-01,2.019787132740020752e-01,1.998134851455688477e-01,2.171031087636947632e-01,2.307696342468261719e-01,2.567709684371948242e-01,3.067264258861541748e-01,3.629578351974487305e-01,1.000000000000000000e+00,1.000000000000000000e+00
2.163598388433456421e-01,2.466727942228317261e-01,4.090141654014587402e-01,3.333333432674407959e-01,3.043006956577301025e-01,2.875724732875823975e-01,2.820449173450469971e-01,2.610190510749816895e-01,2.224970757961273193e-01,1.925157904624938965e-01,1.831239759922027588e-01,1.790389120578765869e-01,1.847737729549407959e-01,1.960305571556091309e-01,2.135360985994338989e-01,2.507906258106231689e-01,3.257356584072113037e-01,5.203276276588439941e-01,8.879613876342773438e-01,9.023696780204772949e-01,9.368554353713989258e-01,1.000000000000000000e+00,5.551760792732238770e-01,3.376302123069763184e-01,2.589763998985290527e-01,2.138023972511291504e-01,1.970920115709304810e-01,1.837443858385086060e-01,1.870184838771820068e-01,2.070419192314147949e-01,2.614547014236450195e-01,3.301314413547515869e-01,2.552138268947601318e-01,2.005265951156616211e-01,2.005265951156616211e-01,8.165865540504455566e-01,6.923211812973022461e-01
8.962168693542480469e-01,1.000000000000000000e+00,5.814223885536193848e-01,4.214287102222442627e-01,3.149963915348052979e-01,2.704167068004608154e-01,2.452377676963806152e-01,2.292213886976242065e-01,2.254007607698440552e-01,2.372274547815322876e-01,2.558957934379577637e-01,3.094331026077270508e-01,3.354902863502502441e-01,2.851119339466094971e-01,2.596021592617034912e-01,2.462097108364105225e-01,2.365859299898147583e-01,2.307319343090057373e-01,2.307319343090057373e-01,2.386873364448547363e-01,2.438171058893203735e-01,2.535946071147918701e-01,2.796528935432434082e-01,3.354902863502502441e-01,3.006065785884857178e-01,2.558957934379577637e-01,2.307319343090057373e-01,2.237572520971298218e-01,2.252080291509628296e-01,2.340022325515747070e-01,2.566582560539245605e-01,3.057626783847808838e-01,3.713664710521697998e-01,4.855370521545410156e-01,7.214991450309753418e-01,1.000000000000000000e+00,1.000000000000000000e+00
3.146400749683380127e-01,3.333333432674407959e-01,2.764117419719696045e-01,2.201157957315444946e-01,1.887840330600738525e-01,1.882898360490798950e-01,1.887840330600738525e-01,2.015546411275863647e-01,2.251380980014801025e-01,2.133446931838989258e-01,1.801984012126922607e-01,1.770688146352767944e-01,1.801984012126922607e-01,1.834016144275665283e-01,2.007440179586410522e-01,2.993898689746856689e-01,5.280838608741760254e-01,9.908502697944641113e-01,9.843878149986267090e-01,1.000000000000000000e+00,9.810693860054016113e-01,4.717502892017364502e-01,3.383962213993072510e-01,2.730200588703155518e-01,2.259642928838729858e-01,1.941372305154800415e-01,1.911140382289886475e-01,1.916009485721588135e-01,2.007440179586410522e-01,2.063515037298202515e-01,2.075895220041275024e-01,2.075895220041275024e-01,1.989958435297012329e-01,1.987615972757339478e-01,2.036242783069610596e-01,7.751708626747131348e-01,6.967161297798156738e-01
7.055122256278991699e-01,7.472111582756042480e-01,9.443947672843933105e-01,7.662110924720764160e-01,7.359013557434082031e-01,6.853899955749511719e-01,3.912441432476043701e-01,3.529937863349914551e-01,3.494460284709930420e-01,3.524503111839294434e-01,3.610479235649108887e-01,3.897714614868164062e-01,4.405628740787506104e-01,5.829949378967285156e-01,9.436333179473876953e-01,1.000000000000000000e+00,9.641319513320922852e-01,9.431252479553222656e-01,9.411414265632629395e-01,9.544901847839355469e-01,9.180971384048461914e-01,3.882931768894195557e-01,2.839182913303375244e-01,2.253893166780471802e-01,2.018319219350814819e-01,1.773096323013305664e-01,1.762251555919647217e-01,1.734843105077743530e-01,1.734843105077743530e-01,1.797257661819458008e-01,2.018319219350814819e-01,2.219611406326293945e-01,2.938717305660247803e-01,3.563717901706695557e-01,5.587329268455505371e-01,4.665995538234710693e-01,8.065372705459594727e-01
1.000000000000000000e+00,8.383587002754211426e-01,4.480803310871124268e-01,3.346671164035797119e-01,2.920750081539154053e-01,2.598300278186798096e-01,2.417816221714019775e-01,2.382250279188156128e-01,2.390920966863632202e-01,2.518426775932312012e-01,2.878825366497039795e-01,3.538276255130767822e-01,3.661858737468719482e-01,3.052396476268768311e-01,2.767971456050872803e-01,2.599295675754547119e-01,2.533786296844482422e-01,2.517399489879608154e-01,2.517399489879608154e-01,2.533786296844482422e-01,2.599295675754547119e-01,2.767971456050872803e-01,3.052396476268768311e-01,3.438168764114379883e-01,3.024302423000335693e-01,2.652488648891448975e-01,2.517399489879608154e-01,2.442298382520675659e-01,2.501939237117767334e-01,2.676756978034973145e-01,3.154907226562500000e-01,3.855244219303131104e-01,4.921526014804840088e-01,6.573631167411804199e-01,8.005753159523010254e-01,1.000000000000000000e+00,1.000000000000000000e+00
2.569884955883026123e-01,3.851701021194458008e-01,3.287094235420227051e-01,2.661985754966735840e-01,2.469771951436996460e-01,2.458268404006958008e-01,2.622292339801788330e-01,2.619047760963439941e-01,2.263783663511276245e-01,1.831941306591033936e-01,1.691984534263610840e-01,1.720227748155593872e-01,1.882308125495910645e-01,2.289926707744598389e-01,2.986173629760742188e-01,1.000000000000000000e+00,9.569532871246337891e-01,9.422376751899719238e-01,9.419066905975341797e-01,9.569532871246337891e-01,5.942372679710388184e-01,4.261838197708129883e-01,3.251547813415527344e-01,2.635231316089630127e-01,2.224630266427993774e-01,1.993470042943954468e-01,1.813279241323471069e-01,1.813279241323471069e-01,1.833487898111343384e-01,1.924009919166564941e-01,1.882308125495910645e-01,1.882308125495910645e-01,1.924009919166564941e-01,2.097401469945907593e-01,2.246185988187789917e-01,7.075138092041015625e-01,7.334829568862915039e-01
1.000000000000000000e+00,5.560731291770935059e-01,3.977150619029998779e-01,3.284994959831237793e-01,2.843012213706970215e-01,2.596282362937927246e-01,2.451257258653640747e-01,2.395882904529571533e-01,2.424986362457275391e-01,2.578600347042083740e-01,3.032993376255035400e-01,3.737562894821166992e-01,3.755473494529724121e-01,3.206053376197814941e-01,2.902469336986541748e-01,2.746980786323547363e-01,2.673834860324859619e-01,2.655520737171173096e-01,2.655520737171173096e-01,2.673834860324859619e-01,2.746980786323547363e-01,2.902469336986541748e-01,3.206053376197814941e-01,3.660049438476562500e-01,3.109463155269622803e-01,2.787760794162750244e-01,2.655520737171173096e-01,2.665838003158569336e-01,2.716836333274841309e-01,3.013825714588165283e-01,3.536288738250732422e-01,4.295695424079895020e-01,5.763279795646667480e-01,8.004756569862365723e-01,8.551536202430725098e-01,1.000000000000000000e+00,1.000000000000000000e+00
3.869847655296325684e-01,3.929617106914520264e-01,3.258576989173889160e-01,2.774578332901000977e-01,2.576131224632263184e-01,2.561007142066955566e-01,2.566058337688446045e-01,2.722756266593933105e-01,2.178502380847930908e-01,1.878470182418823242e-01,1.781164705753326416e-01,1.838405430316925049e-01,2.030840218067169189e-01,2.674774527549743652e-01,4.085521399974822998e-01,1.000000000000000000e+00,9.644036889076232910e-01,9.503368735313415527e-01,9.503368735313415527e-01,9.644036889076232910e-01,5.230213403701782227e-01,3.727527856826782227e-01,2.960842847824096680e-01,2.366541326045989990e-01,2.092085331678390503e-01,1.912626922130584717e-01,1.931155622005462646e-01,2.013229131698608398e-01,2.112105786800384521e-01,1.992215365171432495e-01,1.937849521636962891e-01,1.937849521636962891e-01,2.056187093257904053e-01,2.092085331678390503e-01,2.244377136230468750e-01,7.288324236869812012e-01,7.421829104423522949e-01
1.000000000000000000e+00,5.648947358131408691e-01,4.040244519710540771e-01,3.337108492851257324e-01,2.888113856315612793e-01,2.637470066547393799e-01,2.490144222974777222e-01,2.483815997838973999e-01,2.485083043575286865e-01,2.698814570903778076e-01,3.253046274185180664e-01,3.974263966083526611e-01,3.815050721168518066e-01,3.256914317607879639e-01,2.948514223098754883e-01,2.790559232234954834e-01,2.716252803802490234e-01,2.697648108005523682e-01,2.697648108005523682e-01,2.716252803802490234e-01,2.790559232234954834e-01,2.948514223098754883e-01,3.256914317607879639e-01,3.618578910827636719e-01,3.087232410907745361e-01,2.754228115081787109e-01,2.619507312774658203e-01,2.629102766513824463e-01,2.759936451911926270e-01,3.061637282371520996e-01,3.592388629913330078e-01,4.363842606544494629e-01,6.032124757766723633e-01,7.327064275741577148e-01,8.126323819160461426e-01,1.000000000000000000e+00,1.000000000000000000e+00
3.976395726203918457e-01,5.871008634567260742e-01,4.591251015663146973e-01,3.951786458492279053e-01,3.463960886001586914e-01,2.748132348060607910e-01,2.259485721588134766e-01,2.143157124519348145e-01,2.081581354141235352e-01,2.081581354141235352e-01,2.282752394676208496e-01,2.545416951179504395e-01,3.155715465545654297e-01,4.342839419841766357e-01,1.000000000000000000e+00,9.409005641937255859e-01,9.056812524795532227e-01,8.933449387550354004e-01,8.933449387550354004e-01,9.056812524795532227e-01,5.292055606842041016e-01,3.776109516620635986e-01,2.997166812419891357e-01,2.526181936264038086e-01,2.261283993721008301e-01,2.104883342981338501e-01,2.104883342981338501e-01,2.165796756744384766e-01,2.254082411527633667e-01,2.382086366415023804e-01,2.493793666362762451e-01,2.600707113742828369e-01,2.662490308284759521e-01,2.880996167659759521e-01,3.149268627166748047e-01,7.095877528190612793e-01,7.967165112495422363e-01
1.000000000000000000e+00,5.752428174018859863e-01,4.242133498191833496e-01,3.503862023353576660e-01,3.032431602478027344e-01,2.774270772933959961e-01,2.658012211322784424e-01,2.634408175945281982e-01,2.689161896705627441e-01,2.915755510330200195e-01,3.415599465370178223e-01,4.247855544090270996e-01,4.005686938762664795e-01,3.419660925865173340e-01,3.095850050449371338e-01,2.930002212524414062e-01,2.851982712745666504e-01,2.832448184490203857e-01,2.832448184490203857e-01,2.851982712745666504e-01,2.930002212524414062e-01,3.095850050449371338e-01,3.419660925865173340e-01,3.682522177696228027e-01,3.241499960422515869e-01,2.891855537891387939e-01,2.832448184490203857e-01,2.760477662086486816e-01,2.897849082946777344e-01,3.214625716209411621e-01,3.771898746490478516e-01,4.581901729106903076e-01,6.706108450889587402e-01,7.668345570564270020e-01,8.532392382621765137e-01,1.000000000000000000e+00,1.000000000000000000e+00
3.329389393329620361e-01,5.413902997970581055e-01,4.447675049304962158e-01,3.828207552433013916e-01,3.232898414134979248e-01,2.538985013961791992e-01,2.188827842473983765e-01,1.991743743419647217e-01,1.991743743419647217e-01,2.098068594932556152e-01,2.312548160552978516e-01,2.660760283470153809e-01,3.249374926090240479e-01,4.453674256801605225e-01,1.000000000000000000e+00,9.280657768249511719e-01,8.960718512535095215e-01,8.828633427619934082e-01,8.828633427619934082e-01,8.537375926971435547e-01,4.576178491115570068e-01,3.343109488487243652e-01,2.656456232070922852e-01,2.254077792167663574e-01,2.110756784677505493e-01,2.039060145616531372e-01,2.025922983884811401e-01,2.098068594932556152e-01,2.183593511581420898e-01,2.277646064758300781e-01,2.286004424095153809e-01,2.231970131397247314e-01,2.231970131397247314e-01,2.351802140474319458e-01,2.605714201927185059e-01,7.142857313156127930e-01,7.894735932350158691e-01
1.000000000000000000e+00,5.566976070404052734e-01,4.105371832847595215e-01,3.353314697742462158e-01,2.807900011539459229e-01,2.571057081222534180e-01,2.530284523963928223e-01,2.488844096660614014e-01,2.503166794776916504e-01,2.741133272647857666e-01,3.130775392055511475e-01,3.930663168430328369e-01,3.762531876564025879e-01,3.197537362575531006e-01,2.890033125877380371e-01,2.757681906223297119e-01,2.679985165596008301e-01,2.660511732101440430e-01,2.660511732101440430e-01,2.679985165596008301e-01,2.757681906223297119e-01,2.890033125877380371e-01,3.197537362575531006e-01,3.563801646232604980e-01,3.136997520923614502e-01,2.798625528812408447e-01,2.660511732101440430e-01,2.671483159065246582e-01,2.804425656795501709e-01,3.110989928245544434e-01,3.650296926498413086e-01,4.434186220169067383e-01,5.949085354804992676e-01,6.988546252250671387e-01,7.607960104942321777e-01,1.000000000000000000e+00,1.000000000000000000e+00
3.077462315559387207e-01,4.246298968791961670e-01,4.961439669132232666e-01,3.993735313415527344e-01,3.606531918048858643e-01,3.257129788398742676e-01,2.460979074239730835e-01,2.056039571762084961e-01,2.001950144767761230e-01,2.073755860328674316e-01,2.193767726421356201e-01,2.545416951179504395e-01,3.155715465545654297e-01,4.215556085109710693e-01,1.000000000000000000e+00,9.295132160186767578e-01,8.967962861061096191e-01,8.843360543251037598e-01,8.843360543251037598e-01,8.967962861061096191e-01,5.292055606842041016e-01,3.776109516620635986e-01,2.997166812419891357e-01,2.526181936264038086e-01,2.143157124519348145e-01,2.081581354141235352e-01,2.073755860328674316e-01,2.075715065002441406e-01,2.167672663927078247e-01,2.201166599988937378e-01,2.112593650817871094e-01,2.112593650817871094e-01,2.180759310722351074e-01,2.226869165897369385e-01,2.493793666362762451e-01,7.058823704719543457e-01,7.954899668693542480e-01
1.000000000000000000e+00,6.332529187202453613e-01,4.669929444789886475e-01,3.571921288967132568e-01,3.194033503532409668e-01,2.982990741729736328e-01,2.799735665321350098e-01,2.784675061702728271e-01,2.825154364109039307e-01,3.027766048908233643e-01,3.561309576034545898e-01,4.593665897846221924e-01,4.279943108558654785e-01,3.637252449989318848e-01,3.287461102008819580e-01,3.136909604072570801e-01,3.048528134822845459e-01,3.026376962661743164e-01,3.026376962661743164e-01,3.048528134822845459e-01,3.136909604072570801e-01,3.287461102008819580e-01,3.637252449989318848e-01,4.053884446620941162e-01,3.446088433265686035e-01,3.183483481407165527e-01,3.118085265159606934e-01,3.038856983184814453e-01,3.190081417560577393e-01,3.538803160190582275e-01,4.152274131774902344e-01,5.043961405754089355e-01,6.767184734344482422e-01,7.976521253585815430e-01,8.548579812049865723e-01,1.000000000000000000e+00,1.000000000000000000e+00
2.718389928340911865e-01,3.340912163257598877e-01,4.704070687294006348e-01,5.443503856658935547e-01,4.183616042137145996e-01,3.257129788398742676e-01,2.583457827568054199e-01,2.056039571762084961e-01,2.001950144767761230e-01,2.073755860328674316e-01,2.193767726421356201e-01,2.545416951179504395e-01,3.155715465545654297e-01,4.021121263504028320e-01,1.000000000000000000e+00,9.295132160186767578e-01,8.967962861061096191e-01,8.843360543251037598e-01,8.843360543251037598e-01,8.967962861061096191e-01,5.292055606842041016e-01,3.776109516620635986e-01,2.997166812419891357e-01,2.526181936264038086e-01,2.261283993721008301e-01,2.104883342981338501e-01,2.073755860328674316e-01,2.075715065002441406e-01,2.167672663927078247e-01,2.171419709920883179e-01,2.127930223941802979e-01,2.102951407432556152e-01,2.102951407432556152e-01,2.226869165897369385e-01,2.405856847763061523e-01,7.078745961189270020e-01,7.950497269630432129e-01
1.000000000000000000e+00,6.844591498374938965e-01,4.986117482185363770e-01,4.043433368206024170e-01,3.423308134078979492e-01,3.129963576793670654e-01,3.017202615737915039e-01,2.967787683010101318e-01,2.984866201877593994e-01,3.268626332283020020e-01,3.941578865051269531e-01,4.944236278533935547e-01,4.486579000949859619e-01,3.812858760356903076e-01,3.446179926395416260e-01,3.288359642028808594e-01,3.195711076259613037e-01,3.172490298748016357e-01,3.172490298748016357e-01,3.195711076259613037e-01,3.288359642028808594e-01,3.446179926395416260e-01,3.812858760356903076e-01,4.114803671836853027e-01,3.612465560436248779e-01,3.243078887462615967e-01,3.172490298748016357e-01,3.149098455905914307e-01,3.253037929534912109e-01,3.577760457992553711e-01,4.216857254505157471e-01,5.152929425239562988e-01,6.793086528778076172e-01,8.269937634468078613e-01,8.771593570709228516e-01,1.000000000000000000e+00,1.000000000000000000e+00
2.740422189235687256e-01,3.277232348918914795e-01,3.796935975551605225e-01,5.351183414459228516e-01,4.671990573406219482e-01,3.540204465389251709e-01,2.604396641254425049e-01,2.072703689336776733e-01,2.001734226942062378e-01,2.001734226942062378e-01,2.211548089981079102e-01,2.566047608852386475e-01,3.181292414665222168e-01,4.053712487220764160e-01,1.000000000000000000e+00,9.284107089042663574e-01,8.951104879379272461e-01,8.824217915534973145e-01,8.824217915534973145e-01,8.951104879379272461e-01,5.334947705268859863e-01,3.806714713573455811e-01,3.021458685398101807e-01,2.546656429767608643e-01,2.279611676931381226e-01,2.121943384408950806e-01,2.090563625097274780e-01,2.092538625001907349e-01,2.185241580009460449e-01,2.219007015228271484e-01,2.200312465429306030e-01,2.200312465429306030e-01,2.244917899370193481e-01,2.279611676931381226e-01,2.425356209278106689e-01,6.764705777168273926e-01,7.985007166862487793e-01
8.754138946533203125e-01,1.000000000000000000e+00,6.778168678283691406e-01,4.742996096611022949e-01,3.604384064674377441e-01,3.251380622386932373e-01,2.861794531345367432e-01,2.744055092334747314e-01,2.719895839691162109e-01,2.892382442951202393e-01,3.201946616172790527e-01,3.615810871124267578e-01,4.143220186233520508e-01,3.517890870571136475e-01,3.087382316589355469e-01,2.933920025825500488e-01,2.842510044574737549e-01,2.819194495677947998e-01,2.826987802982330322e-01,2.914169132709503174e-01,2.933920025825500488e-01,3.087382316589355469e-01,3.517890870571136475e-01,3.961338996887207031e-01,3.482534289360046387e-01,3.113107085227966309e-01,2.892382442951202393e-01,2.719895839691162109e-01,2.744055092334747314e-01,2.861794531345367432e-01,3.148244917392730713e-01,3.545146882534027100e-01,4.477544128894805908e-01,5.840122699737548828e-01,8.390659689903259277e-01,1.000000000000000000e+00,1.000000000000000000e+00
3.665365278720855713e-01,4.091237783432006836e-01,5.027624368667602539e-01,6.959518790245056152e-01,4.760176539421081543e-01,3.241225183010101318e-01,2.497921586036682129e-01,2.263769805431365967e-01,2.170055657625198364e-01,2.163663655519485474e-01,2.203309088945388794e-01,2.349338382482528687e-01,2.796168625354766846e-01,3.297359049320220947e-01,4.710452854633331299e-01,9.751056432723999023e-01,9.549767374992370605e-01,9.412816166877746582e-01,9.412816166877746582e-01,9.549767374992370605e-01,1.000000000000000000e+00,5.566271543502807617e-01,3.890823125839233398e-01,3.095882236957550049e-01,2.568992674350738525e-01,2.285083532333374023e-01,2.163663655519485474e-01,2.095371484756469727e-01,2.133040428161621094e-01,2.271404862403869629e-01,2.771291434764862061e-01,3.500098884105682373e-01,3.370065391063690186e-01,3.342208862304687500e-01,3.476274907588958740e-01,6.846916079521179199e-01,7.763838171958923340e-01
9.003657698631286621e-01,1.000000000000000000e+00,7.475124597549438477e-01,5.145360231399536133e-01,4.022905230522155762e-01,3.433016836643218994e-01,2.995657920837402344e-01,2.895843684673309326e-01,2.809958159923553467e-01,2.974109947681427002e-01,3.208907842636108398e-01,3.745339214801788330e-01,4.261728227138519287e-01,3.603639602661132812e-01,3.186879754066467285e-01,2.999744713306427002e-01,2.999744713306427002e-01,2.974109947681427002e-01,2.974109947681427002e-01,2.999744713306427002e-01,3.096211254596710205e-01,3.258162140846252441e-01,3.603639602661132812e-01,4.180462062358856201e-01,3.675172328948974609e-01,3.208907842636108398e-01,2.974109947681427002e-01,2.856442630290985107e-01,2.848927080631256104e-01,2.953441739082336426e-01,3.211770057678222656e-01,3.741247951984405518e-01,4.410762190818786621e-01,5.692476630210876465e-01,8.601078987121582031e-01,1.000000000000000000e+00,1.000000000000000000e+00
2.088900953531265259e-01,2.231237143278121948e-01,2.579086720943450928e-01,3.356998264789581299e-01,5.506348609924316406e-01,3.698889315128326416e-01,2.756393551826477051e-01,2.261505872011184692e-01,2.005137354135513306e-01,1.999231278896331787e-01,2.035863697528839111e-01,2.170795053243637085e-01,2.476162016391754150e-01,2.938096821308135986e-01,4.010274708271026611e-01,6.554015874862670898e-01,1.000000000000000000e+00,9.780297875404357910e-01,9.853176474571228027e-01,1.000000000000000000e+00,9.495647549629211426e-01,4.352471530437469482e-01,3.212087750434875488e-01,2.476162016391754150e-01,2.100192457437515259e-01,1.946788132190704346e-01,1.923874914646148682e-01,2.005137354135513306e-01,2.334829270839691162e-01,2.286208420991897583e-01,1.922337710857391357e-01,1.891330182552337646e-01,1.858215630054473877e-01,1.872479319572448730e-01,1.976926028728485107e-01,6.800984740257263184e-01,7.370246052742004395e-01
8.668146729469299316e-01,1.000000000000000000e+00,6.284888982772827148e-01,4.377645850181579590e-01,3.571468591690063477e-01,3.066018521785736084e-01,2.780536413192749023e-01,2.649988830089569092e-01,2.627777457237243652e-01,2.764428853988647461e-01,3.063286244869232178e-01,3.575373888015747070e-01,3.909493088722229004e-01,3.422208428382873535e-01,3.042257428169250488e-01,2.863614857196807861e-01,2.789556086063385010e-01,2.765438556671142578e-01,2.765438556671142578e-01,2.789556086063385010e-01,2.884010672569274902e-01,3.110305070877075195e-01,3.440104722976684570e-01,3.885861933231353760e-01,3.508391082286834717e-01,3.063286244869232178e-01,2.839143276214599609e-01,2.755327224731445312e-01,2.789556086063385010e-01,2.985768914222717285e-01,3.275521099567413330e-01,3.631145656108856201e-01,4.510788619518280029e-01,5.741345286369323730e-01,8.284869194030761719e-01,1.000000000000000000e+00,1.000000000000000000e+00
2.469556927680969238e-01,2.779771685600280762e-01,3.312309384346008301e-01,6.170581579208374023e-01,4.250117838382720947e-01,3.365972340106964111e-01,2.557112574577331543e-01,2.081338763236999512e-01,1.983902454376220703e-01,1.917834430932998657e-01,1.929274499416351318e-01,2.061609923839569092e-01,2.332068085670471191e-01,2.917712628841400146e-01,3.673229217529296875e-01,7.435777783393859863e-01,9.907779693603515625e-01,9.761056303977966309e-01,9.764598011970520020e-01,1.000000000000000000e+00,9.541517496109008789e-01,5.018043518066406250e-01,3.424306213855743408e-01,2.775244116783142090e-01,2.270597219467163086e-01,1.929274499416351318e-01,1.917834430932998657e-01,1.983902454376220703e-01,2.507455050945281982e-01,3.101550638675689697e-01,2.489840984344482422e-01,2.287150919437408447e-01,2.311759442090988159e-01,2.309038043022155762e-01,2.348188459873199463e-01,6.842105388641357422e-01,7.472705841064453125e-01
8.688527941703796387e-01,1.000000000000000000e+00,6.192923784255981445e-01,4.313588440418243408e-01,3.519207835197448730e-01,3.071858584880828857e-01,2.840855717658996582e-01,2.793721258640289307e-01,2.750708162784576416e-01,2.871219813823699951e-01,3.178518712520599365e-01,3.687670826911926270e-01,4.112905263900756836e-01,3.492151498794555664e-01,3.162277638912200928e-01,2.983241379261016846e-01,2.894719839096069336e-01,2.871219813823699951e-01,2.806303501129150391e-01,2.858923077583312988e-01,2.912453413009643555e-01,3.064792752265930176e-01,3.389766216278076172e-01,3.932354748249053955e-01,3.457053601741790771e-01,3.090329468250274658e-01,2.871219813823699951e-01,2.786922752857208252e-01,2.793721258640289307e-01,3.004964292049407959e-01,3.331706821918487549e-01,3.784148991107940674e-01,4.708292782306671143e-01,6.192923784255981445e-01,8.329267501831054688e-01,1.000000000000000000e+00,1.000000000000000000e+00
3.471689522266387939e-01,3.806091248989105225e-01,4.827094078063964844e-01,7.163735628128051758e-01,4.541114270687103271e-01,3.388213515281677246e-01,2.478347122669219971e-01,2.246030271053314209e-01,2.153050452470779419e-01,2.146708518266677856e-01,2.186043262481689453e-01,2.330928295850753784e-01,2.774257063865661621e-01,3.449033796787261963e-01,5.041244029998779297e-01,1.000000000000000000e+00,9.652069807052612305e-01,9.504027366638183594e-01,9.435639381408691406e-01,9.556245803833007812e-01,9.490748643875122070e-01,5.522652864456176758e-01,3.682282865047454834e-01,3.005437254905700684e-01,2.623979449272155762e-01,2.348410487174987793e-01,2.148295789957046509e-01,2.143530696630477905e-01,2.167251706123352051e-01,2.478347122669219971e-01,3.388213515281677246e-01,3.400264382362365723e-01,3.238008022308349609e-01,3.187079429626464844e-01,3.287110924720764160e-01,6.750000119209289551e-01,7.684376239776611328e-01
7.641054391860961914e-01,7.970883846282958984e-01,1.000000000000000000e+00,4.056368768215179443e-01,3.144453167915344238e-01,2.722066342830657959e-01,2.470666766166687012e-01,2.399937510490417480e-01,2.404340505599975586e-01,2.418750971555709839e-01,1.674605309963226318e-01,1.055970266461372375e-01,8.245742321014404297e-02,7.375215739011764526e-02,6.799612939357757568e-02,6.619458645582199097e-02,6.596593558788299561e-02,6.596593558788299561e-02,6.596593558788299561e-02,6.596593558788299561e-02,6.619458645582199097e-02,6.799612939357757568e-02,7.375215739011764526e-02,8.245742321014404297e-02,1.055970266461372375e-01,1.674605309963226318e-01,2.418750971555709839e-01,2.319906353950500488e-01,2.329655289649963379e-01,2.394895702600479126e-01,2.566650509834289551e-01,2.825562357902526855e-01,3.392688333988189697e-01,4.224238693714141846e-01,6.018826961517333984e-01,1.000000000000000000e+00,1.000000000000000000e+00
2.123345732688903809e-01,2.200486660003662109e-01,2.394474893808364868e-01,2.734225690364837646e-01,4.279740154743194580e-01,4.772710800170898438e-01,3.368420004844665527e-01,2.709930539131164551e-01,2.204403281211853027e-01,1.994875222444534302e-01,1.943772286176681519e-01,1.971678286790847778e-01,2.124699503183364868e-01,2.520831525325775146e-01,3.071033954620361328e-01,4.450997114181518555e-01,9.638351202011108398e-01,9.490135908126831055e-01,9.486802816390991211e-01,9.638351202011108398e-01,1.000000000000000000e+00,5.748380422592163086e-01,3.759703934192657471e-01,2.927223145961761475e-01,2.410035133361816406e-01,2.156934440135955811e-01,2.123345732688903809e-01,2.128755599260330200e-01,2.230338305234909058e-01,2.549188435077667236e-01,2.593914270401000977e-01,2.204403281211853027e-01,2.086462825536727905e-01,2.086462825536727905e-01,2.097458690404891968e-01,6.385610699653625488e-01,6.854448914527893066e-01
6.254442930221557617e-01,8.888176679611206055e-01,8.950230479240417480e-01,1.000000000000000000e+00,5.782234668731689453e-01,4.088657498359680176e-01,3.263320028781890869e-01,2.848610281944274902e-01,2.635219395160675049e-01,2.495194822549819946e-01,2.544502913951873779e-01,2.676051557064056396e-01,2.946839928627014160e-01,2.572756409645080566e-01,2.347792834043502808e-01,2.217146009206771851e-01,2.167686820030212402e-01,2.150947600603103638e-01,2.150947600603103638e-01,2.167686820030212402e-01,2.217146009206771851e-01,2.347792834043502808e-01,2.516829967498779297e-01,3.041899204254150391e-01,3.757551014423370361e-01,3.032974302768707275e-01,2.622328996658325195e-01,2.413272261619567871e-01,2.376483827829360962e-01,2.386917471885681152e-01,2.568362355232238770e-01,2.729544639587402344e-01,3.127582669258117676e-01,3.826065063476562500e-01,4.707597792148590088e-01,1.000000000000000000e+00,1.000000000000000000e+00
2.291445732116699219e-01,2.295650094747543335e-01,2.329012900590896606e-01,2.503613531589508057e-01,2.859621345996856689e-01,5.990188121795654297e-01,4.276486039161682129e-01,3.405282497406005859e-01,2.722278535366058350e-01,2.248968482017517090e-01,1.999276578426361084e-01,1.985968202352523804e-01,1.985968202352523804e-01,2.210041135549545288e-01,2.503613531589508057e-01,2.827404141426086426e-01,4.008188247680664062e-01,6.556997299194335938e-01,8.897790908813476562e-01,9.030378460884094238e-01,9.376153349876403809e-01,1.000000000000000000e+00,5.814556479454040527e-01,3.903982639312744141e-01,2.919690012931823730e-01,2.342430651187896729e-01,2.084289342164993286e-01,2.022057771682739258e-01,2.042225450277328491e-01,2.215488553047180176e-01,2.606460452079772949e-01,2.920515537261962891e-01,2.657752037048339844e-01,2.397362738847732544e-01,2.292497456073760986e-01,8.010879755020141602e-01,7.416187524795532227e-01
4.412457644939422607e-01,5.714036226272583008e-01,7.098478078842163086e-01,8.486422300338745117e-01,1.000000000000000000e+00,4.746408462524414062e-01,3.212770819664001465e-01,2.550034821033477783e-01,2.240800112485885620e-01,2.153416723012924194e-01,2.139709293842315674e-01,2.178548127412796021e-01,2.240471839904785156e-01,1.957667022943496704e-01,1.768130958080291748e-01,1.675421744585037231e-01,1.627313494682312012e-01,1.610958129167556763e-01,1.610958129167556763e-01,1.627313494682312012e-01,1.675421744585037231e-01,1.768130958080291748e-01,1.957667022943496704e-01,2.305520325899124146e-01,2.642123401165008545e-01,2.409425526857376099e-01,2.340039312839508057e-01,2.159215956926345825e-01,2.025262713432312012e-01,2.032875865697860718e-01,2.142801135778427124e-01,2.332167327404022217e-01,2.573008537292480469e-01,3.020409643650054932e-01,3.613222241401672363e-01,1.000000000000000000e+00,1.000000000000000000e+00
3.914564847946166992e-01,4.338502883911132812e-01,5.110438466072082520e-01,5.886189341545104980e-01,9.862095713615417480e-01,8.254874348640441895e-01,8.089793324470520020e-01,4.379145503044128418e-01,3.055266141891479492e-01,2.649797797203063965e-01,2.510496377944946289e-01,2.584714293479919434e-01,2.862406373023986816e-01,3.184660673141479492e-01,3.533546030521392822e-01,3.847854137420654297e-01,4.388471245765686035e-01,6.330693364143371582e-01,8.823011517524719238e-01,9.021186232566833496e-01,9.376719594001770020e-01,9.998637437820434570e-01,1.000000000000000000e+00,6.755811572074890137e-01,4.803571701049804688e-01,3.680879175662994385e-01,3.151864409446716309e-01,2.703887522220611572e-01,2.610290050506591797e-01,2.580097019672393799e-01,2.642717063426971436e-01,2.883750200271606445e-01,3.132348060607910156e-01,3.322356641292572021e-01,3.560439348220825195e-01,8.253892064094543457e-01,6.397605538368225098e-01
1.642299443483352661e-01,1.971781849861145020e-01,2.729403674602508545e-01,2.931327819824218750e-01,2.082972526550292969e-01,1.725381165742874146e-01,1.660766452550888062e-01,1.709941178560256958e-01,1.833798140287399292e-01,1.581002473831176758e-01,1.393784731626510620e-01,1.262493431568145752e-01,1.237028762698173523e-01,1.232195571064949036e-01,1.232195571064949036e-01,1.271911263465881348e-01,1.360566020011901855e-01,1.467923969030380249e-01,1.711491495370864868e-01,1.987856477499008179e-01,5.377677679061889648e-01,9.024459123611450195e-01,1.000000000000000000e+00,7.077956199645996094e-01,4.757523238658905029e-01,3.471642136573791504e-01,2.512879073619842529e-01,1.978830546140670776e-01,1.563714146614074707e-01,1.394260376691818237e-01,1.245574802160263062e-01,1.223556026816368103e-01,1.238100230693817139e-01,1.359591037034988403e-01,1.449744701385498047e-01,6.250000000000000000e-01,3.583843410015106201e-01
5.614778995513916016e-01,7.603642344474792480e-01,7.833846211433410645e-01,1.000000000000000000e+00,4.057964980602264404e-01,2.994872629642486572e-01,2.567804455757141113e-01,2.242238819599151611e-01,2.131386846303939819e-01,2.117122262716293335e-01,2.150634825229644775e-01,1.734456419944763184e-01,1.324789226055145264e-01,1.148357093334197998e-01,1.043279469013214111e-01,1.004209145903587341e-01,9.859381616115570068e-02,9.847080707550048828e-02,9.847080707550048828e-02,9.859381616115570068e-02,1.004209145903587341e-01,1.043279469013214111e-01,1.148357093334197998e-01,1.324789226055145264e-01,1.734456419944763184e-01,2.424562424421310425e-01,2.067886888980865479e-01,1.934644430875778198e-01,1.884500682353973389e-01,1.940274685621261597e-01,2.090041339397430420e-01,2.255174964666366577e-01,2.664631605148315430e-01,3.207488954067230225e-01,4.047197997570037842e-01,1.000000000000000000e+00,1.000000000000000000e+00
1.998439282178878784e-01,1.999414861202239990e-01,2.033264636993408203e-01,2.113215178251266479e-01,2.711419165134429932e-01,4.813608527183532715e-01,3.568474352359771729e-01,2.705659270286560059e-01,2.131591439247131348e-01,2.007202357053756714e-01,1.856808513402938843e-01,1.871453970670700073e-01,1.873536854982376099e-01,2.075975090265274048e-01,2.442793250083923340e-01,2.935872077941894531e-01,3.938390612602233887e-01,7.717971205711364746e-01,8.878843188285827637e-01,9.015500545501708984e-01,9.361020326614379883e-01,1.000000000000000000e+00,4.917811155319213867e-01,3.335737586021423340e-01,2.569623291492462158e-01,2.167876362800598145e-01,1.998439282178878784e-01,2.007202357053756714e-01,2.113215178251266479e-01,2.495706081390380859e-01,3.014525473117828369e-01,2.238682806491851807e-01,2.113215178251266479e-01,2.033264636993408203e-01,1.999414861202239990e-01,7.663363218307495117e-01,7.094868421554565430e-01
6.020076274871826172e-01,5.708168745040893555e-01,5.907676815986633301e-01,6.206486225128173828e-01,1.000000000000000000e+00,6.947940587997436523e-01,4.261614680290222168e-01,3.612152040004730225e-01,3.201777040958404541e-01,3.113832771778106689e-01,3.108446002006530762e-01,3.218928873538970947e-01,3.598871827125549316e-01,4.315762817859649658e-01,5.340231657028198242e-01,6.586744785308837891e-01,6.393451690673828125e-01,6.300282478332519531e-01,6.300282478332519531e-01,6.393451690673828125e-01,6.630217432975769043e-01,7.055646181106567383e-01,2.988286018371582031e-01,2.035123705863952637e-01,1.799103319644927979e-01,1.467874795198440552e-01,1.316549032926559448e-01,1.316549032926559448e-01,1.336402148008346558e-01,1.364763975143432617e-01,1.373506933450698853e-01,1.471133083105087280e-01,1.709022074937820435e-01,2.017401009798049927e-01,2.551832795143127441e-01,4.605947732925415039e-01,7.986563444137573242e-01
4.835135638713836670e-01,5.570358037948608398e-01,6.610811352729797363e-01,8.976022601127624512e-01,1.000000000000000000e+00,9.339160919189453125e-01,3.614697456359863281e-01,3.005988597869873047e-01,2.788220643997192383e-01,2.626515626907348633e-01,2.491139918565750122e-01,2.431247979402542114e-01,2.552514374256134033e-01,2.885900139808654785e-01,3.194279372692108154e-01,4.264957010746002197e-01,5.583837628364562988e-01,6.903350353240966797e-01,6.903350353240966797e-01,7.007828950881958008e-01,7.168992757797241211e-01,5.233351588249206543e-01,4.081279039382934570e-01,3.400367498397827148e-01,2.986802756786346436e-01,2.739151120185852051e-01,2.660529911518096924e-01,2.598303258419036865e-01,2.476897984743118286e-01,2.469746172428131104e-01,2.610754370689392090e-01,2.758456170558929443e-01,2.865396142005920410e-01,3.313868045806884766e-01,3.856200575828552246e-01,1.000000000000000000e+00,7.615333199501037598e-01
1.877930909395217896e-01,2.361047863960266113e-01,3.239937424659729004e-01,3.459701538085937500e-01,2.049581706523895264e-01,1.692685335874557495e-01,1.483965218067169189e-01,1.498890519142150879e-01,2.369115352630615234e-01,1.968460083007812500e-01,1.778345853090286255e-01,1.548458337783813477e-01,1.539189070463180542e-01,1.493044793605804443e-01,1.483965218067169189e-01,1.534533500671386719e-01,1.692685335874557495e-01,1.765784323215484619e-01,1.913991868495941162e-01,2.379829287528991699e-01,1.000000000000000000e+00,9.926590323448181152e-01,7.709775567054748535e-01,6.310436129570007324e-01,4.013317823410034180e-01,3.007841706275939941e-01,1.993741542100906372e-01,1.721558570861816406e-01,1.604930907487869263e-01,1.548458337783813477e-01,1.501010656356811523e-01,1.471051573753356934e-01,1.498890519142150879e-01,1.614807546138763428e-01,1.673793196678161621e-01,8.124980330467224121e-01,3.983458578586578369e-01
5.951623320579528809e-01,7.308925986289978027e-01,8.977491259574890137e-01,1.000000000000000000e+00,3.041180074214935303e-01,2.155789285898208618e-01,1.742403060197830200e-01,1.503502279520034790e-01,1.346925497055053711e-01,1.308249682188034058e-01,1.338099539279937744e-01,1.396357119083404541e-01,1.411361992359161377e-01,1.257972568273544312e-01,1.138772740960121155e-01,1.082465276122093201e-01,1.057860553264617920e-01,1.052245199680328369e-01,1.052245199680328369e-01,1.057860553264617920e-01,1.082465276122093201e-01,1.138772740960121155e-01,1.257972568273544312e-01,1.462667584419250488e-01,1.492957472801208496e-01,1.373542398214340210e-01,1.342519670724868774e-01,1.346925497055053711e-01,1.422974467277526855e-01,1.580764055252075195e-01,1.848008334636688232e-01,2.256931215524673462e-01,3.034462332725524902e-01,4.212263822555541992e-01,4.921443164348602295e-01,7.663727998733520508e-01,1.000000000000000000e+00
1.098054572939872742e-01,1.144714578986167908e-01,1.254697442054748535e-01,1.825596541166305542e-01,3.378376364707946777e-01,6.678183078765869141e-01,5.185768008232116699e-01,6.226532459259033203e-01,4.870178103446960449e-01,3.497811257839202881e-01,2.897337973117828369e-01,2.733301520347595215e-01,2.778701484203338623e-01,2.974820733070373535e-01,3.443735837936401367e-01,4.366504251956939697e-01,5.044335722923278809e-01,7.565563917160034180e-01,9.839465022087097168e-01,1.000000000000000000e+00,8.379519581794738770e-01,5.963581204414367676e-01,4.604621529579162598e-01,2.242240160703659058e-01,1.515816599130630493e-01,1.160504519939422607e-01,1.050405129790306091e-01,9.959309548139572144e-02,9.407208859920501709e-02,8.768884092569351196e-02,8.768884092569351196e-02,8.794789016246795654e-02,8.999346196651458740e-02,1.027412787079811096e-01,1.076080799102783203e-01,3.886898458003997803e-01,5.862643122673034668e-01
3.801771402359008789e-01,3.736218810081481934e-01,3.358224928379058838e-01,3.099434673786163330e-01,2.914803326129913330e-01,2.766254246234893799e-01,2.666094005107879639e-01,2.546533942222595215e-01,2.481662929058074951e-01,2.422796338796615601e-01,2.421650290489196777e-01,2.366865873336791992e-01,2.356580942869186401e-01,2.347433716058731079e-01,2.409007549285888672e-01,2.559853196144104004e-01,2.764999270439147949e-01,3.073350787162780762e-01,3.765821754932403564e-01,8.081237673759460449e-01,9.343277215957641602e-01,1.000000000000000000e+00,8.425165414810180664e-01,5.314065814018249512e-01,3.499898314476013184e-01,2.846380174160003662e-01,2.533692717552185059e-01,2.331711798906326294e-01,2.289966046810150146e-01,2.294507622718811035e-01,2.397456318140029907e-01,2.481662929058074951e-01,2.632563412189483643e-01,2.969294786453247070e-01,3.436060249805450439e-01,1.000000000000000000e+00,3.992533981800079346e-01
4.434706270694732666e-01,6.842718124389648438e-01,1.000000000000000000e+00,9.758751392364501953e-01,9.013944864273071289e-01,7.079514265060424805e-01,2.558547556400299072e-01,2.217857539653778076e-01,2.128747850656509399e-01,2.145495861768722534e-01,2.211219370365142822e-01,2.244213819503784180e-01,2.149067670106887817e-01,2.105805575847625732e-01,2.158563733100891113e-01,2.178312093019485474e-01,2.350218445062637329e-01,2.372952550649642944e-01,2.396537959575653076e-01,2.427541017532348633e-01,2.510380744934082031e-01,2.670271098613739014e-01,2.967739105224609375e-01,2.819981276988983154e-01,2.462828755378723145e-01,2.245921939611434937e-01,2.181244194507598877e-01,2.199627012014389038e-01,2.330829799175262451e-01,2.496082186698913574e-01,2.502986192703247070e-01,2.539491057395935059e-01,2.718191444873809814e-01,3.041553199291229248e-01,3.514932990074157715e-01,9.169961214065551758e-01,1.000000000000000000e+00
2.548545002937316895e-01,3.910465538501739502e-01,6.698504686355590820e-01,1.000000000000000000e+00,9.647052884101867676e-01,9.251753091812133789e-01,8.697556257247924805e-01,7.615790963172912598e-01,5.565210580825805664e-01,4.324151873588562012e-01,3.956712186336517334e-01,3.775109052658081055e-01,3.802495002746582031e-01,4.161216914653778076e-01,5.190612673759460449e-01,7.018369436264038086e-01,7.455387711524963379e-01,8.079413175582885742e-01,8.524005413055419922e-01,8.664648532867431641e-01,8.996548056602478027e-01,7.186093330383300781e-01,5.603337287902832031e-01,3.032412528991699219e-01,1.950747817754745483e-01,1.476583629846572876e-01,1.198525801301002502e-01,1.171231344342231750e-01,1.138561069965362549e-01,1.111006289720535278e-01,1.138561069965362549e-01,1.216381937265396118e-01,1.397824883460998535e-01,1.513537764549255371e-01,1.863846927881240845e-01,3.383442461490631104e-01,7.378371357917785645e-01
8.394347429275512695e-01,1.000000000000000000e+00,9.230760931968688965e-01,8.414069414138793945e-01,7.559542655944824219e-01,6.109427809715270996e-01,2.438738942146301270e-01,1.390295177698135376e-01,1.136601790785789490e-01,9.586080908775329590e-02,8.831722289323806763e-02,8.790226280689239502e-02,8.790226280689239502e-02,9.076716005802154541e-02,9.183505177497863770e-02,9.935687482357025146e-02,1.139814108610153198e-01,1.307162046432495117e-01,2.221687287092208862e-01,5.965908169746398926e-01,7.244233489036560059e-01,7.795120477676391602e-01,8.669607639312744141e-01,7.705962061882019043e-01,6.694436669349670410e-01,5.832657217979431152e-01,4.395112991333007812e-01,3.989578485488891602e-01,3.820740878582000732e-01,3.847758471965789795e-01,4.084671437740325928e-01,4.505747556686401367e-01,5.145236253738403320e-01,5.996472835540771484e-01,7.191891074180603027e-01,2.802033126354217529e-01,6.955157518386840820e-01
8.500358462333679199e-01,6.654186248779296875e-01,4.128589630126953125e-01,3.133227527141571045e-01,2.625206708908081055e-01,2.288535982370376587e-01,2.032107710838317871e-01,1.856471896171569824e-01,1.790934652090072632e-01,1.778177469968795776e-01,8.271870762109756470e-02,5.555204302072525024e-02,4.341084510087966919e-02,3.830311819911003113e-02,3.626784682273864746e-02,3.556355088949203491e-02,3.556355088949203491e-02,3.556355088949203491e-02,3.556355088949203491e-02,3.556355088949203491e-02,3.556355088949203491e-02,3.626784682273864746e-02,3.830311819911003113e-02,4.341084510087966919e-02,5.555204302072525024e-02,8.271870762109756470e-02,1.813741028308868408e-01,1.778533160686492920e-01,1.789875030517578125e-01,1.884868144989013672e-01,2.062685936689376831e-01,2.319277971982955933e-01,2.783288061618804932e-01,3.498448431491851807e-01,1.000000000000000000e+00,1.000000000000000000e+00,1.000000000000000000e+00
6.785672903060913086e-01,5.273755788803100586e-01,4.690062105655670166e-01,2.728495895862579346e-01,2.324599176645278931e-01,1.973973363637924194e-01,1.823215633630752563e-01,1.712945252656936646e-01,1.671269387006759644e-01,1.682812720537185669e-01,1.774013489484786987e-01,2.023780047893524170e-01,2.472190409898757935e-01,3.319708406925201416e-01,4.644734859466552734e-01,5.820413231849670410e-01,5.611401796340942383e-01,5.525734424591064453e-01,5.525734424591064453e-01,5.611401796340942383e-01,5.820413231849670410e-01,5.609923005104064941e-01,3.616349995136260986e-01,2.661280035972595215e-01,2.163785845041275024e-01,1.877026855945587158e-01,1.735400557518005371e-01,1.695908606052398682e-01,1.779461205005645752e-01,1.957089453935623169e-01,2.158026844263076782e-01,2.513789534568786621e-01,3.715921938419342041e-01,1.000000000000000000e+00,9.216694235801696777e-01,6.470588445663452148e-01,7.787258625030517578e-01
3.735783696174621582e-01,2.464924007654190063e-01,1.997829973697662354e-01,1.817832589149475098e-01,1.714650094509124756e-01,1.631836742162704468e-01,1.631836742162704468e-01,1.753732860088348389e-01,1.744260191917419434e-01,1.669250279664993286e-01,1.679146140813827515e-01,1.694326251745223999e-01,1.844155490398406982e-01,2.215190678834915161e-01,3.228875994682312012e-01,5.788960456848144531e-01,1.000000000000000000e+00,9.836755394935607910e-01,9.836755394935607910e-01,1.000000000000000000e+00,4.331713616847991943e-01,2.664589881896972656e-01,2.097138017416000366e-01,1.844155490398406982e-01,1.718160063028335571e-01,1.637365370988845825e-01,1.647452712059020996e-01,1.704960167407989502e-01,1.909164190292358398e-01,2.193325310945510864e-01,2.872935533523559570e-01,5.481046438217163086e-01,6.543939709663391113e-01,5.763929486274719238e-01,4.964251518249511719e-01,6.163492798805236816e-01,6.202018260955810547e-01
1.334650218486785889e-01,1.204585358500480652e-01,1.150038912892341614e-01,1.150038912892341614e-01,1.166539639234542847e-01,1.133972406387329102e-01,1.136665940284729004e-01,1.207121387124061584e-01,1.224726140499114990e-01,1.290382444858551025e-01,1.442028880119323730e-01,1.696345508098602295e-01,2.198450714349746704e-01,3.860071897506713867e-01,4.573822319507598877e-01,8.736761212348937988e-01,1.000000000000000000e+00,2.855553328990936279e-01,1.465691775083541870e-01,1.262229532003402710e-01,1.119725108146667480e-01,1.073717847466468811e-01,1.073717847466468811e-01,1.107367202639579773e-01,1.127888411283493042e-01,1.227220520377159119e-01,1.212177425622940063e-01,1.138681918382644653e-01,1.049230098724365234e-01,1.052866950631141663e-01,1.191824600100517273e-01,1.361867636442184448e-01,1.583530455827713013e-01,1.510895341634750366e-01,1.487951427698135376e-01,5.896739363670349121e-01,4.291903376579284668e-01
8.687966465950012207e-01,6.677393317222595215e-01,4.032176733016967773e-01,3.111268877983093262e-01,2.578186392784118652e-01,2.197446972131729126e-01,1.969069689512252808e-01,1.836344152688980103e-01,1.794092059135437012e-01,1.836344152688980103e-01,1.075783073902130127e-01,6.783657521009445190e-02,5.297146365046501160e-02,4.737911745905876160e-02,4.368139058351516724e-02,4.252406209707260132e-02,4.237717017531394958e-02,4.237717017531394958e-02,4.237717017531394958e-02,4.237717017531394958e-02,4.252406209707260132e-02,4.368139058351516724e-02,4.737911745905876160e-02,5.297146365046501160e-02,6.783657521009445190e-02,1.075783073902130127e-01,1.836344152688980103e-01,1.766068637371063232e-01,1.777331084012985229e-01,1.871658414602279663e-01,2.048230022192001343e-01,2.323778271675109863e-01,2.716448605060577393e-01,3.484504222869873047e-01,1.000000000000000000e+00,1.000000000000000000e+00,1.000000000000000000e+00
7.055799365043640137e-01,5.240098834037780762e-01,4.775584042072296143e-01,2.827905714511871338e-01,2.309763580560684204e-01,1.961375474929809570e-01,1.811579912900924683e-01,1.702013313770294189e-01,1.679404824972152710e-01,1.672073006629943848e-01,1.813839226961135864e-01,2.080270797014236450e-01,2.497746497392654419e-01,3.298522233963012695e-01,4.615092277526855469e-01,5.948504209518432617e-01,5.729910135269165039e-01,5.647115707397460938e-01,5.647115707397460938e-01,5.729910135269165039e-01,5.948504209518432617e-01,5.574120879173278809e-01,3.445878624916076660e-01,2.497746497392654419e-01,2.080270797014236450e-01,1.762691736221313477e-01,1.724325269460678101e-01,1.685085445642471313e-01,1.756485104560852051e-01,1.828083246946334839e-01,2.035157531499862671e-01,2.424528300762176514e-01,3.692207038402557373e-01,1.000000000000000000e+00,9.209751486778259277e-01,6.321143507957458496e-01,7.836043238639831543e-01
4.028618037700653076e-01,2.684136033058166504e-01,2.054312378168106079e-01,1.730869561433792114e-01,1.642923951148986816e-01,1.632369756698608398e-01,1.635895371437072754e-01,1.752371937036514282e-01,1.730869561433792114e-01,1.671604514122009277e-01,1.629720479249954224e-01,1.680198907852172852e-01,1.803410649299621582e-01,2.317859381437301636e-01,3.157537281513214111e-01,5.830517411231994629e-01,1.000000000000000000e+00,9.836627244949340820e-01,9.833844304084777832e-01,1.000000000000000000e+00,4.116329848766326904e-01,2.486351579427719116e-01,2.050803750753402710e-01,1.793801039457321167e-01,1.704877763986587524e-01,1.642047017812728882e-01,1.618190407752990723e-01,1.667290627956390381e-01,1.935171037912368774e-01,2.338276058435440063e-01,3.188856840133666992e-01,6.015095114707946777e-01,6.399357318878173828e-01,5.636580586433410645e-01,5.180389285087585449e-01,6.129593253135681152e-01,6.314163804054260254e-01
1.247192323207855225e-01,1.187192574143409729e-01,1.187192574143409729e-01,1.217871233820915222e-01,1.187826618552207947e-01,1.152437925338745117e-01,1.153743863105773926e-01,1.178280562162399292e-01,1.204818934202194214e-01,1.241747364401817322e-01,1.309044510126113892e-01,1.596657335758209229e-01,2.018212527036666870e-01,3.636883795261383057e-01,4.312726259231567383e-01,7.725625634193420410e-01,1.000000000000000000e+00,9.832584261894226074e-01,2.074504494667053223e-01,1.535113304853439331e-01,1.355386525392532349e-01,1.141277626156806946e-01,1.128006502985954285e-01,1.087221652269363403e-01,1.078181564807891846e-01,1.182108223438262939e-01,1.363141238689422607e-01,1.401807963848114014e-01,1.521813422441482544e-01,1.637168079614639282e-01,1.811805218458175659e-01,1.771463155746459961e-01,1.657733470201492310e-01,1.582923531532287598e-01,1.515368223190307617e-01,5.926741361618041992e-01,4.618125855922698975e-01
1.000000000000000000e+00,1.000000000000000000e+00,1.000000000000000000e+00,1.000000000000000000e+00,1.000000000000000000e+00,1.000000000000000000e+00,1.000000000000000000e+00,1.000000000000000000e+00,1.000000000000000000e+00,1.000000000000000000e+00,1.000000000000000000e+00,1.000000000000000000e+00,1.000000000000000000e+00,1.000000000000000000e+00,1.000000000000000000e+00,1.000000000000000000e+00,1.000000000000000000e+00,1.000000000000000000e+00,1.000000000000000000e+00,1.000000000000000000e+00,1.000000000000000000e+00,1.000000000000000000e+00,1.000000000000000000e+00,1.000000000000000000e+00,1.000000000000000000e+00,1.000000000000000000e+00,1.000000000000000000e+00,1.000000000000000000e+00,1.000000000000000000e+00,1.000000000000000000e+00,1.000000000000000000e+00,1.000000000000000000e+00,1.000000000000000000e+00,1.000000000000000000e+00,1.000000000000000000e+00,1.000000000000000000e+00,1.000000000000000000e+00
8.481609225273132324e-01,1.000000000000000000e+00,9.840151071548461914e-01,8.689622879028320312e-01,5.355275273323059082e-01,4.609006643295288086e-01,3.125788271427154541e-01,2.622103393077850342e-01,2.285966724157333374e-01,2.222911715507507324e-01,2.258652150630950928e-01,2.377836555242538452e-01,2.442630529403686523e-01,2.822162508964538574e-01,3.407717943191528320e-01,3.972032070159912109e-01,5.341049432754516602e-01,5.824829936027526855e-01,5.824829936027526855e-01,5.909121036529541016e-01,6.123438477516174316e-01,6.537442803382873535e-01,7.239378690719604492e-01,7.859179973602294922e-01,4.641903936862945557e-01,3.253833949565887451e-01,2.531980276107788086e-01,2.271909862756729126e-01,2.179249674081802368e-01,2.193900197744369507e-01,2.237276434898376465e-01,2.342205047607421875e-01,2.520090937614440918e-01,2.881834506988525391e-01,3.611382842063903809e-01,6.895503401756286621e-01,7.618494033813476562e-01
2.195010930299758911e-01,2.051905393600463867e-01,2.051905393600463867e-01,1.980512887239456177e-01,1.913775056600570679e-01,1.833754330873489380e-01,1.663998961448669434e-01,1.512971967458724976e-01,1.437071263790130615e-01,1.403998434543609619e-01,1.329395771026611328e-01,1.321098804473876953e-01,1.439850926399230957e-01,1.615226417779922485e-01,1.773342043161392212e-01,2.889404892921447754e-01,3.318372368812561035e-01,4.360091388225555420e-01,8.685725331306457520e-01,9.014626741409301758e-01,9.360606074333190918e-01,1.000000000000000000e+00,2.439594119787216187e-01,1.913775056600570679e-01,1.639793962240219116e-01,1.464630365371704102e-01,1.430797427892684937e-01,1.437071263790130615e-01,1.555323898792266846e-01,1.725343167781829834e-01,1.833754330873489380e-01,1.825011670589447021e-01,1.799640059471130371e-01,1.952044069766998291e-01,2.236067950725555420e-01,6.175864934921264648e-01,5.294559001922607422e-01
5.680525302886962891e-01,5.242664217948913574e-01,4.090675115585327148e-01,1.389095336198806763e-01,1.116388216614723206e-01,1.001375094056129456e-01,9.309844672679901123e-02,8.603498339653015137e-02,8.511084318161010742e-02,8.511084318161010742e-02,8.731234818696975708e-02,8.803395181894302368e-02,8.892771601676940918e-02,9.155669063329696655e-02,9.577808529138565063e-02,1.032481044530868530e-01,1.138830482959747314e-01,1.433916389942169189e-01,2.587170004844665527e-01,8.119251728057861328e-01,8.430422544479370117e-01,9.005879759788513184e-01,1.000000000000000000e+00,7.503728866577148438e-01,4.251451790332794189e-01,3.123882710933685303e-01,2.699655592441558838e-01,2.658329010009765625e-01,2.686147093772888184e-01,2.855673730373382568e-01,3.262084126472473145e-01,3.903511464595794678e-01,5.131368041038513184e-01,5.392569899559020996e-01,6.093463301658630371e-01,3.156732320785522461e-01,6.801434755325317383e-01
4.191238284111022949e-01,1.000000000000000000e+00,8.783260583877563477e-01,6.644200682640075684e-01,4.097696840763092041e-01,3.141968548297882080e-01,2.606149315834045410e-01,2.342734634876251221e-01,2.173015922307968140e-01,1.837230026721954346e-01,4.231631755828857422e-02,3.051473014056682587e-02,2.676318772137165070e-02,2.574001066386699677e-02,2.538979053497314453e-02,2.538979053497314453e-02,2.538979053497314453e-02,2.538979053497314453e-02,2.538979053497314453e-02,2.538979053497314453e-02,2.538979053497314453e-02,2.538979053497314453e-02,2.574001066386699677e-02,2.676318772137165070e-02,3.051473014056682587e-02,4.231631755828857422e-02,1.837230026721954346e-01,2.042611688375473022e-01,1.981199085712432861e-01,1.996056586503982544e-01,2.035586386919021606e-01,2.175075113773345947e-01,2.384778857231140137e-01,2.770022153854370117e-01,3.262749910354614258e-01,1.000000000000000000e+00,1.000000000000000000e+00
1.000000000000000000e+00,9.219284653663635254e-01,7.777774333953857422e-01,5.286912322044372559e-01,4.648950695991516113e-01,4.013621807098388672e-01,2.757316231727600098e-01,2.349858731031417847e-01,2.171197086572647095e-01,2.161718159914016724e-01,2.146889865398406982e-01,2.236425131559371948e-01,2.458991408348083496e-01,2.872422337532043457e-01,3.523169457912445068e-01,4.754743278026580811e-01,6.519543528556823730e-01,6.423286795616149902e-01,6.420799493789672852e-01,6.519543528556823730e-01,6.750638484954833984e-01,7.190264463424682617e-01,8.011879324913024902e-01,4.758101403713226318e-01,3.172147572040557861e-01,2.557244002819061279e-01,2.162773311138153076e-01,2.000547498464584351e-01,2.008515596389770508e-01,2.027736306190490723e-01,2.154316753149032593e-01,2.405518591403961182e-01,2.841273248195648193e-01,5.191095471382141113e-01,8.674798607826232910e-01,6.446049213409423828e-01,7.773053646087646484e-01
2.014569044113159180e-01,1.907523274421691895e-01,1.724847555160522461e-01,1.670121550559997559e-01,1.572646498680114746e-01,1.563413590192794800e-01,1.499605774879455566e-01,1.506828963756561279e-01,1.493963599205017090e-01,1.522757858037948608e-01,1.551017612218856812e-01,1.626201868057250977e-01,1.827415078878402710e-01,2.260110080242156982e-01,3.723505437374114990e-01,4.278060793876647949e-01,5.754735469818115234e-01,9.839092493057250977e-01,9.836516976356506348e-01,1.000000000000000000e+00,3.037979900836944580e-01,2.494081407785415649e-01,2.051950544118881226e-01,1.719242781400680542e-01,1.516406387090682983e-01,1.430431604385375977e-01,1.445533335208892822e-01,1.578771620988845825e-01,1.626943498849868774e-01,1.603790968656539917e-01,1.563413590192794800e-01,1.572646498680114746e-01,2.066013216972351074e-01,2.466844171285629272e-01,2.215361744165420532e-01,6.359831094741821289e-01,5.259987115859985352e-01
4.583376049995422363e-01,3.557420372962951660e-01,1.756884753704071045e-01,1.354189664125442505e-01,1.151278093457221985e-01,1.072910353541374207e-01,9.974912554025650024e-02,9.974912554025650024e-02,1.010152548551559448e-01,1.091366782784461975e-01,1.159136742353439331e-01,1.298054158687591553e-01,1.387304365634918213e-01,1.577172130346298218e-01,1.688373833894729614e-01,1.860288232564926147e-01,2.193520665168762207e-01,3.939590454101562500e-01,8.868353366851806641e-01,9.006497859954833984e-01,9.356715083122253418e-01,1.000000000000000000e+00,6.890035271644592285e-01,3.943275511264801025e-01,2.964431941509246826e-01,2.660355865955352783e-01,2.591207921504974365e-01,2.728416919708251953e-01,3.011826872825622559e-01,3.360037803649902344e-01,4.048241972923278809e-01,5.065121650695800781e-01,5.309096574783325195e-01,6.270003914833068848e-01,5.330598354339599609e-01,3.670913875102996826e-01,6.841824650764465332e-01
1.000000000000000000e+00,1.000000000000000000e+00,1.000000000000000000e+00,1.000000000000000000e+00,1.000000000000000000e+00,1.000000000000000000e+00,1.000000000000000000e+00,1.000000000000000000e+00,1.000000000000000000e+00,1.000000000000000000e+00,1.000000000000000000e+00,1.000000000000000000e+00,1.000000000000000000e+00,1.000000000000000000e+00,1.000000000000000000e+00,1.000000000000000000e+00,1.000000000000000000e+00,1.000000000000000000e+00,1.000000000000000000e+00,1.000000000000000000e+00,1.000000000000000000e+00,1.000000000000000000e+00,1.000000000000000000e+00,1.000000000000000000e+00,1.000000000000000000e+00,1.000000000000000000e+00,1.000000000000000000e+00,1.000000000000000000e+00,1.000000000000000000e+00,1.000000000000000000e+00,1.000000000000000000e+00,1.000000000000000000e+00,1.000000000000000000e+00,1.000000000000000000e+00,1.000000000000000000e+00,1.000000000000000000e+00,1.000000000000000000e+00
5.129172801971435547e-01,1.000000000000000000e+00,9.970524907112121582e-01,8.831094503402709961e-01,5.899626016616821289e-01,4.877467751502990723e-01,3.353825807571411133e-01,2.741553783416748047e-01,2.480856180191040039e-01,2.285966724157333374e-01,2.258652150630950928e-01,2.377836555242538452e-01,2.708490788936614990e-01,3.137296736240386963e-01,3.548746407032012939e-01,4.653534889221191406e-01,6.047437191009521484e-01,6.585958003997802734e-01,6.585958003997802734e-01,6.678935289382934570e-01,6.923855543136596680e-01,7.386401295661926270e-01,8.226365447044372559e-01,9.025961756706237793e-01,5.293227434158325195e-01,3.652726411819458008e-01,2.847588062286376953e-01,2.425356209278106689e-01,2.237276434898376465e-01,2.247098833322525024e-01,2.326767444610595703e-01,2.431128025054931641e-01,2.575881481170654297e-01,2.941657006740570068e-01,3.413001596927642822e-01,6.131151318550109863e-01,7.228654026985168457e-01
2.046761065721511841e-01,1.869639903306961060e-01,1.628913879394531250e-01,1.542097032070159912e-01,1.422348171472549438e-01,1.414687335491180420e-01,1.394052654504776001e-01,1.386235505342483521e-01,1.322035044431686401e-01,1.322035044431686401e-01,1.343776136636734009e-01,1.408914327621459961e-01,1.489523500204086304e-01,1.626131832599639893e-01,1.971488147974014282e-01,2.900495529174804688e-01,3.416573703289031982e-01,4.662363529205322266e-01,9.419131875038146973e-01,9.623431563377380371e-01,1.000000000000000000e+00,3.225983381271362305e-01,2.049855887889862061e-01,1.429967880249023438e-01,1.257437616586685181e-01,1.239302307367324829e-01,1.294345408678054810e-01,1.367821693420410156e-01,1.440064907073974609e-01,1.509453207254409790e-01,1.505849212408065796e-01,1.534443795680999756e-01,1.542097032070159912e-01,1.628913879394531250e-01,1.828005611896514893e-01,5.200787186622619629e-01,4.697805047035217285e-01
5.150593519210815430e-01,4.370423257350921631e-01,3.851170837879180908e-01,2.414066493511199951e-01,1.476856619119644165e-01,1.299430131912231445e-01,1.173576638102531433e-01,1.081191226840019226e-01,1.040769219398498535e-01,9.950249642133712769e-02,9.726060181856155396e-02,9.751224517822265625e-02,9.900868684053421021e-02,1.015744209289550781e-01,1.059439256787300110e-01,1.328340917825698853e-01,1.598001420497894287e-01,1.855587661266326904e-01,4.954393208026885986e-01,8.107385039329528809e-01,8.422433733940124512e-01,8.989776372909545898e-01,1.000000000000000000e+00,6.604703068733215332e-01,3.453970253467559814e-01,2.497394829988479614e-01,2.178191095590591431e-01,2.029678076505661011e-01,2.051296532154083252e-01,2.224943488836288452e-01,2.451339960098266602e-01,2.722738981246948242e-01,4.184508323669433594e-01,4.666030704975128174e-01,5.070269703865051270e-01,3.375313580036163330e-01,6.212375164031982422e-01
1.000000000000000000e+00,1.000000000000000000e+00,1.000000000000000000e+00,1.000000000000000000e+00,1.000000000000000000e+00,1.000000000000000000e+00,1.000000000000000000e+00,1.000000000000000000e+00,1.000000000000000000e+00,1.000000000000000000e+00,1.000000000000000000e+00,1.000000000000000000e+00,1.000000000000000000e+00,1.000000000000000000e+00,1.000000000000000000e+00,1.000000000000000000e+00,1.000000000000000000e+00,1.000000000000000000e+00,1.000000000000000000e+00,1.000000000000000000e+00,1.000000000000000000e+00,1.000000000000000000e+00,1.000000000000000000e+00,1.000000000000000000e+00,1.000000000000000000e+00,1.000000000000000000e+00,1.000000000000000000e+00,1.000000000000000000e+00,1.000000000000000000e+00,1.000000000000000000e+00,1.000000000000000000e+00,1.000000000000000000e+00,1.000000000000000000e+00,1.000000000000000000e+00,1.000000000000000000e+00,1.000000000000000000e+00,1.000000000000000000e+00
5.032643079757690430e-01,1.000000000000000000e+00,9.214822649955749512e-01,8.292502760887145996e-01,5.452471971511840820e-01,4.342377781867980957e-01,2.888873517513275146e-01,2.533761560916900635e-01,2.351008951663970947e-01,2.125616967678070068e-01,2.113514244556427002e-01,2.250666320323944092e-01,2.503204643726348877e-01,2.778429388999938965e-01,3.149434626102447510e-01,3.931903243064880371e-01,5.291063189506530762e-01,5.969905257225036621e-01,5.969905257225036621e-01,6.057493686676025391e-01,6.287999749183654785e-01,6.695789694786071777e-01,7.439141869544982910e-01,8.589118719100952148e-01,4.892034828662872314e-01,3.375872969627380371e-01,2.631759047508239746e-01,2.226986587047576904e-01,2.119170725345611572e-01,2.076783031225204468e-01,2.192157506942749023e-01,2.246863991022109985e-01,2.459787130355834961e-01,2.738128900527954102e-01,3.337662816047668457e-01,6.405839323997497559e-01,7.486426830291748047e-01
1.742527186870574951e-01,1.471396535634994507e-01,1.421082764863967896e-01,1.403910815715789795e-01,1.297495961189270020e-01,1.297495961189270020e-01,1.351750940084457397e-01,1.354406625032424927e-01,1.316739469766616821e-01,1.277962625026702881e-01,1.296803355216979980e-01,1.330314427614212036e-01,1.330989599227905273e-01,1.468952298164367676e-01,1.869373172521591187e-01,2.755177319049835205e-01,3.320582509040832520e-01,4.643687903881072998e-01,9.339077472686767578e-01,9.626500606536865234e-01,1.000000000000000000e+00,3.801887333393096924e-01,2.161338925361633301e-01,1.695493757724761963e-01,1.347090899944305420e-01,1.287068575620651245e-01,1.320146322250366211e-01,1.404550522565841675e-01,1.474446058273315430e-01,1.535919904708862305e-01,1.528885066509246826e-01,1.568904370069503784e-01,1.725430488586425781e-01,1.984524577856063843e-01,1.953960061073303223e-01,5.295048952102661133e-01,5.190650820732116699e-01
4.721985757350921631e-01,4.291878938674926758e-01,4.073740839958190918e-01,2.287549227476119995e-01,1.643115431070327759e-01,1.359791159629821777e-01,1.232030093669891357e-01,1.121096909046173096e-01,1.082710549235343933e-01,1.042912229895591736e-01,1.041752770543098450e-01,1.052141711115837097e-01,1.052141711115837097e-01,1.112439706921577454e-01,1.240826919674873352e-01,1.429123729467391968e-01,1.648255884647369385e-01,2.530838549137115479e-01,4.969391226768493652e-01,8.099876642227172852e-01,8.410957455635070801e-01,8.994206786155700684e-01,1.000000000000000000e+00,5.621201395988464355e-01,3.100410997867584229e-01,2.373118698596954346e-01,2.114024162292480469e-01,1.979397386312484741e-01,1.974506974220275879e-01,2.141852676868438721e-01,2.434454858303070068e-01,2.703984379768371582e-01,3.957573473453521729e-01,4.540096521377563477e-01,5.375018119812011719e-01,3.652486801147460938e-01,6.516505479812622070e-01
0.000000000000000000e+00,0.000000000000000000e+00,0.000000000000000000e+00,0.000000000000000000e+00,0.000000000000000000e+00,0.000000000000000000e+00,0.000000000000000000e+00,0.000000000000000000e+00,0.000000000000000000e+00,0.000000000000000000e+00,0.000000000000000000e+00,0.000000000000000000e+00,0.000000000000000000e+00,0.000000000000000000e+00,0.000000000000000000e+00,0.000000000000000000e+00,0.000000000000000000e+00,0.000000000000000000e+00,0.000000000000000000e+00,0.000000000000000000e+00,0.000000000000000000e+00,0.000000000000000000e+00,0.000000000000000000e+00,0.000000000000000000e+00,0.000000000000000000e+00,0.000000000000000000e+00,0.000000000000000000e+00,0.000000000000000000e+00,0.000000000000000000e+00,0.000000000000000000e+00,0.000000000000000000e+00,0.000000000000000000e+00,0.000000000000000000e+00,0.000000000000000000e+00,0.000000000000000000e+00,1.000000000000000000e+00,1.000000000000000000e+00
2.529356777667999268e-01,3.505783677101135254e-01,6.929843425750732422e-01,8.878533244132995605e-01,8.148758411407470703e-01,5.886471867561340332e-01,4.379328489303588867e-01,3.212098181247711182e-01,2.591875195503234863e-01,2.158986926078796387e-01,2.124645709991455078e-01,1.981337219476699829e-01,2.063348144292831421e-01,2.319363206624984741e-01,2.487964630126953125e-01,2.813847362995147705e-01,3.438913524150848389e-01,4.323648214340209961e-01,5.104690194129943848e-01,5.236069560050964355e-01,5.418002605438232422e-01,5.788637399673461914e-01,6.412736773490905762e-01,7.601363658905029297e-01,1.000000000000000000e+00,4.833016097545623779e-01,3.276555538177490234e-01,2.592431604862213135e-01,2.306268215179443359e-01,2.204597443342208862e-01,2.021688669919967651e-01,1.998008787631988525e-01,2.066142112016677856e-01,2.156981974840164185e-01,2.254406809806823730e-01,6.122953295707702637e-01,6.949101686477661133e-01
1.618438363075256348e-01,1.814814656972885132e-01,1.853265762329101562e-01,1.778583824634552002e-01,1.685060709714889526e-01,1.477774977684020996e-01,1.323402822017669678e-01,1.257956624031066895e-01,1.265327632427215576e-01,1.230552345514297485e-01,1.184341907501220703e-01,1.199297159910202026e-01,1.280547380447387695e-01,1.281757205724716187e-01,1.332157403230667114e-01,1.603042632341384888e-01,1.795496195554733276e-01,2.734648287296295166e-01,3.427126407623291016e-01,4.841729402542114258e-01,8.416469097137451172e-01,8.999294042587280273e-01,1.000000000000000000e+00,2.686906456947326660e-01,1.883955150842666626e-01,1.451851725578308105e-01,1.260418444871902466e-01,1.212790906429290771e-01,1.207668185234069824e-01,1.256107240915298462e-01,1.281757205724716187e-01,1.299768686294555664e-01,1.303935647010803223e-01,1.345470696687698364e-01,1.490307599306106567e-01,5.045672059059143066e-01,4.416937530040740967e-01
4.319450557231903076e-01,4.954153001308441162e-01,4.809359610080718994e-01,3.924395143985748291e-01,2.918833196163177490e-01,1.496478170156478882e-01,1.007535532116889954e-01,9.219419211149215698e-02,8.446609228849411011e-02,8.446609228849411011e-02,8.459634333848953247e-02,8.459634333848953247e-02,8.853905647993087769e-02,9.628329426050186157e-02,9.764586389064788818e-02,1.007535532116889954e-01,1.098500341176986694e-01,1.334701478481292725e-01,1.502352505922317505e-01,2.176862657070159912e-01,5.535033941268920898e-01,7.555605769157409668e-01,8.409116268157958984e-01,1.000000000000000000e+00,8.505064249038696289e-01,4.029322564601898193e-01,2.487057149410247803e-01,2.254871875047683716e-01,2.161636203527450562e-01,2.173825949430465698e-01,2.389061897993087769e-01,2.487499862909317017e-01,2.791186273097991943e-01,3.264619708061218262e-01,3.996122479438781738e-01,2.878787815570831299e-01,5.908641815185546875e-01
0.000000000000000000e+00,0.000000000000000000e+00,0.000000000000000000e+00,0.000000000000000000e+00,0.000000000000000000e+00,0.000000000000000000e+00,0.000000000000000000e+00,0.000000000000000000e+00,0.000000000000000000e+00,0.000000000000000000e+00,0.000000000000000000e+00,0.000000000000000000e+00,0.000000000000000000e+00,0.000000000000000000e+00,0.000000000000000000e+00,0.000000000000000000e+00,0.000000000000000000e+00,0.000000000000000000e+00,0.000000000000000000e+00,0.000000000000000000e+00,0.000000000000000000e+00,0.000000000000000000e+00,0.000000000000000000e+00,0.000000000000000000e+00,0.000000000000000000e+00,0.000000000000000000e+00,0.000000000000000000e+00,0.000000000000000000e+00,0.000000000000000000e+00,0.000000000000000000e+00,0.000000000000000000e+00,0.000000000000000000e+00,0.000000000000000000e+00,0.000000000000000000e+00,0.000000000000000000e+00,1.000000000000000000e+00,1.000000000000000000e+00
3.448261916637420654e-01,5.404107570648193359e-01,8.923437595367431641e-01,1.000000000000000000e+00,8.596808314323425293e-01,5.297017693519592285e-01,4.021838307380676270e-01,3.019402027130126953e-01,2.675244808197021484e-01,2.255568951368331909e-01,2.286903411149978638e-01,2.212274968624114990e-01,2.247464060783386230e-01,2.608940303325653076e-01,2.932949066162109375e-01,3.276213705539703369e-01,4.175877869129180908e-01,5.770868062973022461e-01,6.166781783103942871e-01,6.257258653640747070e-01,6.495366096496582031e-01,6.916604638099670410e-01,7.684471011161804199e-01,9.107027649879455566e-01,7.757737040519714355e-01,4.175877869129180908e-01,3.141434788703918457e-01,2.622891962528228760e-01,2.431544512510299683e-01,2.274100482463836670e-01,2.308347225189208984e-01,2.320961356163024902e-01,2.459155321121215820e-01,2.617320120334625244e-01,2.950318455696105957e-01,6.044637560844421387e-01,6.584174036979675293e-01
1.302909553050994873e-01,1.524754911661148071e-01,1.665749251842498779e-01,1.675630211830139160e-01,1.506145745515823364e-01,1.495145261287689209e-01,1.329561024904251099e-01,1.255045384168624878e-01,1.229016929864883423e-01,1.192083954811096191e-01,1.197265759110450745e-01,1.261059641838073730e-01,1.320736855268478394e-01,1.339867860078811646e-01,1.471028327941894531e-01,1.694813519716262817e-01,1.961566060781478882e-01,2.834412753582000732e-01,3.971400856971740723e-01,7.056266665458679199e-01,8.398405313491821289e-01,8.975853919982910156e-01,1.000000000000000000e+00,2.085301876068115234e-01,1.476628780364990234e-01,1.287508755922317505e-01,1.261059641838073730e-01,1.229016929864883423e-01,1.227897107601165771e-01,1.234600841999053955e-01,1.235157847404479980e-01,1.228457093238830566e-01,1.198414191603660583e-01,1.197265759110450745e-01,1.207562536001205444e-01,5.155001878738403320e-01,3.118558228015899658e-01
4.080440104007720947e-01,4.587464928627014160e-01,4.273234605789184570e-01,3.531109094619750977e-01,2.570536434650421143e-01,1.213261336088180542e-01,8.827772736549377441e-02,8.194762468338012695e-02,7.895800471305847168e-02,7.572369277477264404e-02,7.572369277477264404e-02,7.907975465059280396e-02,8.088409155607223511e-02,8.380502462387084961e-02,8.426298201084136963e-02,1.020286828279495239e-01,1.235265284776687622e-01,1.377406418323516846e-01,2.017815560102462769e-01,3.064943850040435791e-01,7.088462114334106445e-01,7.573512196540832520e-01,8.422300815582275391e-01,1.000000000000000000e+00,4.768450260162353516e-01,2.893797159194946289e-01,2.149412333965301514e-01,2.074706405401229858e-01,1.982218474149703979e-01,2.069134116172790527e-01,2.234130948781967163e-01,2.351210117340087891e-01,2.903422713279724121e-01,3.551214039325714111e-01,3.952040672302246094e-01,2.880736291408538818e-01,4.915546178817749023e-01
0.000000000000000000e+00,0.000000000000000000e+00,0.000000000000000000e+00,0.000000000000000000e+00,0.000000000000000000e+00,0.000000000000000000e+00,0.000000000000000000e+00,0.000000000000000000e+00,0.000000000000000000e+00,0.000000000000000000e+00,0.000000000000000000e+00,0.000000000000000000e+00,0.000000000000000000e+00,0.000000000000000000e+00,0.000000000000000000e+00,0.000000000000000000e+00,0.000000000000000000e+00,0.000000000000000000e+00,0.000000000000000000e+00,0.000000000000000000e+00,0.000000000000000000e+00,0.000000000000000000e+00,0.000000000000000000e+00,0.000000000000000000e+00,0.000000000000000000e+00,0.000000000000000000e+00,0.000000000000000000e+00,0.000000000000000000e+00,0.000000000000000000e+00,0.000000000000000000e+00,0.000000000000000000e+00,0.000000000000000000e+00,0.000000000000000000e+00,0.000000000000000000e+00,0.000000000000000000e+00,1.000000000000000000e+00,1.000000000000000000e+00
3.098577260971069336e-01,4.372676610946655273e-01,8.226444125175476074e-01,9.035008549690246582e-01,7.866646647453308105e-01,5.023496150970458984e-01,3.686820864677429199e-01,2.736289501190185547e-01,2.303138673305511475e-01,2.120604515075683594e-01,2.032074928283691406e-01,1.925921738147735596e-01,2.005245089530944824e-01,2.231475859880447388e-01,2.272290140390396118e-01,2.693367004394531250e-01,3.015360832214355469e-01,3.865878880023956299e-01,4.872913062572479248e-01,5.293611288070678711e-01,5.489646792411804199e-01,5.841890573501586914e-01,6.474330425262451172e-01,7.704113125801086426e-01,1.000000000000000000e+00,4.794137179851531982e-01,3.151099383831024170e-01,2.654081583023071289e-01,2.332172393798828125e-01,2.076021134853363037e-01,2.066512554883956909e-01,2.025603353977203369e-01,2.025603353977203369e-01,2.192896902561187744e-01,2.337093353271484375e-01,5.950005054473876953e-01,7.325527667999267578e-01
1.909350305795669556e-01,1.993842869997024536e-01,2.126095145940780640e-01,2.158722430467605591e-01,1.998332440853118896e-01,1.797163337469100952e-01,1.575560271739959717e-01,1.432560235261917114e-01,1.360693424940109253e-01,1.354752928018569946e-01,1.313099563121795654e-01,1.270786374807357788e-01,1.304197162389755249e-01,1.409859806299209595e-01,1.467784792184829712e-01,1.629249751567840576e-01,2.064505666494369507e-01,2.725664675235748291e-01,3.770046830177307129e-01,5.596688985824584961e-01,8.421465754508972168e-01,8.995285630226135254e-01,1.000000000000000000e+00,2.439745813608169556e-01,1.685484498739242554e-01,1.428174525499343872e-01,1.354752928018569946e-01,1.360693424940109253e-01,1.432560235261917114e-01,1.469615250825881958e-01,1.469615250825881958e-01,1.541054844856262207e-01,1.628699600696563721e-01,1.740417778491973877e-01,1.818479150533676147e-01,5.267028808593750000e-01,5.128528475761413574e-01
1.000000000000000000e+00,1.000000000000000000e+00,1.000000000000000000e+00,1.000000000000000000e+00,1.000000000000000000e+00,1.000000000000000000e+00,1.000000000000000000e+00,1.000000000000000000e+00,1.000000000000000000e+00,1.000000000000000000e+00,1.000000000000000000e+00,1.000000000000000000e+00,1.000000000000000000e+00,1.000000000000000000e+00,1.000000000000000000e+00,1.000000000000000000e+00,1.000000000000000000e+00,1.000000000000000000e+00,1.000000000000000000e+00,1.000000000000000000e+00,1.000000000000000000e+00,1.000000000000000000e+00,1.000000000000000000e+00,1.000000000000000000e+00,1.000000000000000000e+00,1.000000000000000000e+00,1.000000000000000000e+00,1.000000000000000000e+00,1.000000000000000000e+00,1.000000000000000000e+00,1.000000000000000000e+00,1.000000000000000000e+00,1.000000000000000000e+00,1.000000000000000000e+00,1.000000000000000000e+00,1.000000000000000000e+00,1.000000000000000000e+00
2.657804787158966064e-01,3.313587605953216553e-01,7.156461477279663086e-01,9.070918560028076172e-01,8.604781627655029297e-01,6.929227113723754883e-01,4.534812867641448975e-01,3.168435394763946533e-01,2.558916807174682617e-01,2.220381349325180054e-01,2.091216444969177246e-01,1.987739801406860352e-01,2.089814394712448120e-01,2.209132164716720581e-01,2.238131612539291382e-01,2.715625762939453125e-01,2.967815101146697998e-01,3.653115630149841309e-01,4.658832550048828125e-01,5.162312388420104980e-01,5.358721017837524414e-01,5.714222788810729980e-01,6.345191597938537598e-01,7.509605288505554199e-01,1.000000000000000000e+00,5.726520419120788574e-01,3.627753257751464844e-01,2.626186311244964600e-01,2.300134301185607910e-01,2.114216685295104980e-01,2.108663916587829590e-01,2.089814394712448120e-01,2.156086415052413940e-01,2.277081161737442017e-01,2.431462258100509644e-01,5.870335698127746582e-01,7.824047803878784180e-01
1.641694158315658569e-01,1.801044344902038574e-01,1.985916495323181152e-01,1.858137547969818115e-01,1.741165220737457275e-01,1.722749322652816772e-01,1.528508067131042480e-01,1.439861059188842773e-01,1.433756351470947266e-01,1.372378319501876831e-01,1.365972161293029785e-01,1.406807899475097656e-01,1.355423927307128906e-01,1.386252790689468384e-01,1.495281308889389038e-01,1.626077294349670410e-01,1.908938884735107422e-01,2.892982661724090576e-01,3.396551311016082764e-01,4.825641810894012451e-01,8.322596549987792969e-01,8.985365033149719238e-01,1.000000000000000000e+00,2.444830238819122314e-01,1.679152101278305054e-01,1.472713798284530640e-01,1.397709697484970093e-01,1.402834653854370117e-01,1.393138170242309570e-01,1.374120265245437622e-01,1.329886764287948608e-01,1.318445503711700439e-01,1.357775032520294189e-01,1.364804208278656006e-01,1.433756351470947266e-01,5.177938342094421387e-01,6.416527032852172852e-01
3.975219428539276123e-01,4.499952793121337891e-01,4.300075173377990723e-01,3.779313862323760986e-01,2.903552055358886719e-01,1.098122745752334595e-01,8.982386440038681030e-02,8.219301700592041016e-02,7.948677986860275269e-02,7.634197920560836792e-02,7.634197920560836792e-02,7.781787216663360596e-02,7.691297680139541626e-02,7.691297680139541626e-02,7.781787216663360596e-02,8.614383637905120850e-02,9.539880603551864624e-02,9.846823662519454956e-02,1.130323410034179688e-01,1.686428636312484741e-01,2.712840735912322998e-01,6.511785387992858887e-01,7.229132652282714844e-01,8.588746190071105957e-01,1.000000000000000000e+00,3.632678389549255371e-01,2.552286684513092041e-01,2.100940793752670288e-01,1.964470744132995605e-01,1.973359882831573486e-01,2.129897922277450562e-01,2.183858752250671387e-01,2.656778693199157715e-01,3.374154269695281982e-01,3.652138710021972656e-01,2.778217792510986328e-01,7.548910379409790039e-01
1.000000000000000000e+00,1.000000000000000000e+00,1.000000000000000000e+00,1.000000000000000000e+00,1.000000000000000000e+00,1.000000000000000000e+00,1.000000000000000000e+00,1.000000000000000000e+00,1.000000000000000000e+00,1.000000000000000000e+00,1.000000000000000000e+00,1.000000000000000000e+00,1.000000000000000000e+00,1.000000000000000000e+00,1.000000000000000000e+00,1.000000000000000000e+00,1.000000000000000000e+00,1.000000000000000000e+00,1.000000000000000000e+00,1.000000000000000000e+00,1.000000000000000000e+00,1.000000000000000000e+00,1.000000000000000000e+00,1.000000000000000000e+00,1.000000000000000000e+00,1.000000000000000000e+00,1.000000000000000000e+00,1.000000000000000000e+00,1.000000000000000000e+00,1.000000000000000000e+00,1.000000000000000000e+00,1.000000000000000000e+00,1.000000000000000000e+00,1.000000000000000000e+00,1.000000000000000000e+00,1.000000000000000000e+00,1.000000000000000000e+00
3.443056344985961914e-01,8.772799372673034668e-01,1.000000000000000000e+00,9.096923470497131348e-01,6.299164295196533203e-01,5.114236474037170410e-01,3.651130795478820801e-01,2.568432092666625977e-01,2.324196845293045044e-01,2.029550075531005859e-01,1.999894529581069946e-01,2.095160037279129028e-01,2.111035734415054321e-01,2.265230417251586914e-01,2.746317982673645020e-01,3.106040656566619873e-01,4.040441513061523438e-01,5.244186520576477051e-01,5.755414962768554688e-01,5.838174223899841309e-01,6.055368185043334961e-01,6.442596316337585449e-01,7.161570191383361816e-01,8.518113493919372559e-01,6.046946644783020020e-01,3.666499853134155273e-01,2.786338329315185547e-01,2.329483330249786377e-01,2.148168385028839111e-01,2.019133120775222778e-01,2.054506242275238037e-01,2.111035734415054321e-01,2.176611423492431641e-01,2.400810569524765015e-01,2.778759598731994629e-01,6.193873882293701172e-01,7.866225242614746094e-01
1.986237764358520508e-01,1.895142793655395508e-01,1.746969074010848999e-01,1.621565073728561401e-01,1.536112129688262939e-01,1.465433835983276367e-01,1.435929685831069946e-01,1.418982148170471191e-01,1.386479437351226807e-01,1.380426436662673950e-01,1.413068324327468872e-01,1.524560004472732544e-01,1.604838520288467407e-01,1.712542623281478882e-01,1.998380273580551147e-01,2.764221131801605225e-01,3.682962357997894287e-01,4.292426109313964844e-01,6.176167130470275879e-01,9.619460105895996094e-01,1.000000000000000000e+00,3.329205811023712158e-01,2.077816873788833618e-01,1.570258736610412598e-01,1.428132653236389160e-01,1.362105906009674072e-01,1.337983757257461548e-01,1.381100267171859741e-01,1.405144482851028442e-01,1.375700086355209351e-01,1.342149674892425537e-01,1.347684413194656372e-01,1.408451497554779053e-01,1.474296152591705322e-01,1.802025884389877319e-01,5.517240166664123535e-01,5.862959623336791992e-01
5.740221142768859863e-01,5.134209990501403809e-01,4.497173428535461426e-01,3.422329425811767578e-01,1.913795173168182373e-01,1.575952172279357910e-01,1.366038322448730469e-01,1.243080049753189087e-01,1.207072660326957703e-01,1.240927502512931824e-01,1.258044540882110596e-01,1.271782517433166504e-01,1.304983049631118774e-01,1.316202431917190552e-01,1.376760154962539673e-01,1.503015756607055664e-01,1.669048815965652466e-01,1.989143043756484985e-01,2.999353706836700439e-01,5.669929981231689453e-01,8.404300808906555176e-01,8.972920179367065430e-01,1.000000000000000000e+00,9.646193981170654297e-01,3.677262067794799805e-01,2.495819181203842163e-01,2.120548337697982788e-01,2.091350406408309937e-01,2.104730159044265747e-01,2.110438346862792969e-01,2.376757711172103882e-01,2.699096500873565674e-01,3.930964171886444092e-01,4.611348807811737061e-01,4.981183707714080811e-01,4.242654442787170410e-01,7.166462540626525879e-01
3.809221684932708740e-01,4.633015394210815430e-01,5.887027382850646973e-01,1.000000000000000000e+00,7.053485512733459473e-01,4.589383602142333984e-01,3.554150164127349854e-01,2.988382875919342041e-01,2.706723511219024658e-01,8.766973018646240234e-02,2.341400273144245148e-02,1.930768229067325592e-02,1.688407734036445618e-02,1.655620150268077850e-02,1.655620150268077850e-02,1.655620150268077850e-02,1.655620150268077850e-02,1.655620150268077850e-02,1.655620150268077850e-02,1.655620150268077850e-02,1.655620150268077850e-02,1.655620150268077850e-02,1.655620150268077850e-02,1.688407734036445618e-02,1.930768229067325592e-02,2.341400273144245148e-02,8.766973018646240234e-02,2.472589761018753052e-01,2.384552806615829468e-01,2.360289543867111206e-01,2.411756068468093872e-01,2.536721229553222656e-01,2.724891006946563721e-01,3.016319870948791504e-01,3.386056721210479736e-01,1.000000000000000000e+00,1.000000000000000000e+00
3.816482126712799072e-01,5.224856138229370117e-01,8.294378519058227539e-01,9.457381963729858398e-01,7.387255430221557617e-01,5.228367447853088379e-01,3.717266917228698730e-01,2.887136638164520264e-01,2.672879993915557861e-01,2.443297207355499268e-01,2.368399649858474731e-01,2.505999207496643066e-01,2.796725928783416748e-01,3.032569289207458496e-01,3.527029454708099365e-01,4.612594544887542725e-01,5.884465575218200684e-01,7.286744117736816406e-01,7.284224629402160645e-01,7.398765087127685547e-01,7.672208547592163086e-01,8.189925551414489746e-01,9.115479588508605957e-01,1.000000000000000000e+00,6.565006375312805176e-01,4.357398152351379395e-01,3.177121281623840332e-01,2.775767445564270020e-01,2.583366930484771729e-01,2.544321417808532715e-01,2.532490491867065430e-01,2.627552151679992676e-01,2.738856375217437744e-01,2.941523790359497070e-01,3.172391653060913086e-01,6.013676524162292480e-01,6.002847552299499512e-01
1.409265249967575073e-01,1.411117166280746460e-01,2.548222541809082031e-01,2.310945987701416016e-01,1.936849802732467651e-01,1.839694231748580933e-01,1.605061590671539307e-01,1.451260298490524292e-01,1.122514083981513977e-01,1.086456552147865295e-01,1.078010872006416321e-01,1.099003329873085022e-01,1.113169342279434204e-01,1.278587132692337036e-01,1.574259251356124878e-01,1.893212348222732544e-01,2.234826683998107910e-01,2.725499570369720459e-01,5.027443170547485352e-01,8.277519941329956055e-01,8.605064749717712402e-01,9.197477102279663086e-01,1.000000000000000000e+00,2.031610161066055298e-01,1.357830315828323364e-01,1.140973940491676331e-01,1.120185181498527527e-01,1.052267253398895264e-01,1.020134165883064270e-01,1.035379841923713684e-01,1.152361184358596802e-01,1.337483525276184082e-01,1.535206288099288940e-01,1.509474813938140869e-01,1.447205841541290283e-01,4.283717870712280273e-01,2.932510673999786377e-01
1.000000000000000000e+00,1.000000000000000000e+00,1.000000000000000000e+00,1.000000000000000000e+00,1.000000000000000000e+00,1.000000000000000000e+00,1.000000000000000000e+00,1.000000000000000000e+00,1.000000000000000000e+00,1.000000000000000000e+00,1.000000000000000000e+00,1.000000000000000000e+00,1.000000000000000000e+00,1.000000000000000000e+00,1.000000000000000000e+00,1.000000000000000000e+00,1.000000000000000000e+00,1.000000000000000000e+00,1.000000000000000000e+00,1.000000000000000000e+00,1.000000000000000000e+00,1.000000000000000000e+00,1.000000000000000000e+00,1.000000000000000000e+00,1.000000000000000000e+00,1.000000000000000000e+00,1.000000000000000000e+00,1.000000000000000000e+00,1.000000000000000000e+00,1.000000000000000000e+00,1.000000000000000000e+00,1.000000000000000000e+00,1.000000000000000000e+00,1.000000000000000000e+00,1.000000000000000000e+00,1.000000000000000000e+00,1.000000000000000000e+00
3.521144092082977295e-01,4.995127320289611816e-01,7.705525159835815430e-01,8.096323013305664062e-01,8.324647545814514160e-01,5.401709079742431641e-01,3.901469707489013672e-01,2.973262071609497070e-01,2.684815526008605957e-01,2.371490299701690674e-01,2.354378551244735718e-01,2.494618296623229980e-01,2.680019140243530273e-01,2.834658324718475342e-01,3.296866118907928467e-01,4.053039252758026123e-01,5.249517560005187988e-01,6.642054915428161621e-01,6.734113097190856934e-01,6.838113069534301758e-01,7.093774080276489258e-01,7.565191984176635742e-01,8.403095602989196777e-01,1.000000000000000000e+00,7.514489889144897461e-01,4.764631092548370361e-01,3.395186662673950195e-01,2.749747335910797119e-01,2.467952966690063477e-01,2.414500117301940918e-01,2.400759607553482056e-01,2.510042190551757812e-01,2.603490948677062988e-01,2.838545739650726318e-01,3.091450631618499756e-01,5.774430632591247559e-01,6.427648663520812988e-01
1.788610666990280151e-01,1.792958378791809082e-01,1.816923022270202637e-01,2.039881348609924316e-01,2.737103998661041260e-01,2.294931262731552124e-01,1.962060332298278809e-01,1.486424356698989868e-01,1.336895674467086792e-01,1.224070116877555847e-01,1.144445985555648804e-01,1.172080934047698975e-01,1.281387358903884888e-01,1.471802443265914917e-01,1.684493273496627808e-01,1.824525296688079834e-01,2.199852615594863892e-01,2.765403389930725098e-01,4.536971747875213623e-01,8.084647655487060547e-01,8.405707478523254395e-01,8.987151980400085449e-01,1.000000000000000000e+00,3.989058732986450195e-01,1.860211640596389771e-01,1.362533569335937500e-01,1.289463490247726440e-01,1.171342656016349792e-01,1.144445985555648804e-01,1.191842705011367798e-01,1.295487433671951294e-01,1.364437043666839600e-01,1.470626443624496460e-01,1.684493273496627808e-01,1.778424531221389771e-01,4.337033331394195557e-01,4.127221107482910156e-01
0.000000000000000000e+00,0.000000000000000000e+00,0.000000000000000000e+00,0.000000000000000000e+00,0.000000000000000000e+00,0.000000000000000000e+00,0.000000000000000000e+00,0.000000000000000000e+00,0.000000000000000000e+00,0.000000000000000000e+00,0.000000000000000000e+00,0.000000000000000000e+00,0.000000000000000000e+00,0.000000000000000000e+00,0.000000000000000000e+00,0.000000000000000000e+00,0.000000000000000000e+00,0.000000000000000000e+00,0.000000000000000000e+00,0.000000000000000000e+00,0.000000000000000000e+00,0.000000000000000000e+00,0.000000000000000000e+00,0.000000000000000000e+00,0.000000000000000000e+00,0.000000000000000000e+00,0.000000000000000000e+00,0.000000000000000000e+00,0.000000000000000000e+00,0.000000000000000000e+00,0.000000000000000000e+00,0.000000000000000000e+00,0.000000000000000000e+00,0.000000000000000000e+00,0.000000000000000000e+00,1.000000000000000000e+00,1.000000000000000000e+00
3.647704422473907471e-01,5.164507627487182617e-01,8.387444615364074707e-01,1.000000000000000000e+00,8.846745491027832031e-01,7.053009271621704102e-01,4.191488921642303467e-01,3.704953193664550781e-01,2.948444485664367676e-01,2.407641857862472534e-01,2.307010740041732788e-01,2.222747355699539185e-01,2.305463999509811401e-01,2.371064275503158569e-01,2.501381933689117432e-01,2.941176593303680420e-01,3.331846594810485840e-01,3.970784842967987061e-01,5.139581561088562012e-01,5.518459677696228027e-01,5.722821354866027832e-01,6.090027093887329102e-01,6.749330163002014160e-01,8.031347990036010742e-01,9.995718598365783691e-01,4.751522243022918701e-01,3.165490925312042236e-01,2.708833813667297363e-01,2.431232333183288574e-01,2.332384437322616577e-01,2.365038692951202393e-01,2.389049828052520752e-01,2.484209686517715454e-01,2.607513964176177979e-01,2.975542247295379639e-01,6.882302761077880859e-01,6.870351433753967285e-01
2.448827922344207764e-01,2.672587037086486816e-01,2.819108664989471436e-01,2.597328424453735352e-01,2.340538352727890015e-01,2.038807421922683716e-01,1.782319098711013794e-01,1.646057516336441040e-01,1.533930003643035889e-01,1.484659463167190552e-01,1.410906463861465454e-01,1.320143193006515503e-01,1.345182061195373535e-01,1.451540291309356689e-01,1.477579027414321899e-01,1.640836447477340698e-01,2.129383534193038940e-01,2.903080582618713379e-01,3.888521790504455566e-01,5.233603119850158691e-01,8.409960269927978516e-01,8.985109925270080566e-01,1.000000000000000000e+00,4.528698027133941650e-01,2.597328424453735352e-01,2.022845894098281860e-01,1.528949737548828125e-01,1.313627511262893677e-01,1.298297047615051270e-01,1.370459049940109253e-01,1.545076966285705566e-01,1.746658235788345337e-01,1.836588531732559204e-01,2.044411152601242065e-01,2.226561158895492554e-01,5.576214194297790527e-01,4.002546966075897217e-01
1.000000000000000000e+00,1.000000000000000000e+00,1.000000000000000000e+00,1.000000000000000000e+00,1.000000000000000000e+00,1.000000000000000000e+00,1.000000000000000000e+00,1.000000000000000000e+00,1.000000000000000000e+00,1.000000000000000000e+00,1.000000000000000000e+00,1.000000000000000000e+00,1.000000000000000000e+00,1.000000000000000000e+00,1.000000000000000000e+00,1.000000000000000000e+00,1.000000000000000000e+00,1.000000000000000000e+00,1.000000000000000000e+00,1.000000000000000000e+00,1.000000000000000000e+00,1.000000000000000000e+00,1.000000000000000000e+00,1.000000000000000000e+00,1.000000000000000000e+00,1.000000000000000000e+00,1.000000000000000000e+00,1.000000000000000000e+00,1.000000000000000000e+00,1.000000000000000000e+00,1.000000000000000000e+00,1.000000000000000000e+00,1.000000000000000000e+00,1.000000000000000000e+00,1.000000000000000000e+00,1.000000000000000000e+00,1.000000000000000000e+00
4.520329535007476807e-01,9.973844885826110840e-01,1.000000000000000000e+00,8.893234729766845703e-01,5.946887135505676270e-01,4.909113645553588867e-01,4.094242453575134277e-01,2.792836725711822510e-01,2.300505936145782471e-01,2.173587083816528320e-01,2.027611136436462402e-01,2.053214758634567261e-01,2.264682650566101074e-01,2.480102926492691040e-01,2.729495167732238770e-01,3.504804074764251709e-01,4.185322225093841553e-01,5.426020026206970215e-01,5.597859025001525879e-01,5.673229098320007324e-01,5.882756710052490234e-01,6.269656419754028320e-01,6.942535042762756348e-01,8.251762390136718750e-01,5.245527625083923340e-01,3.253406584262847900e-01,2.494713366031646729e-01,2.240482270717620850e-01,2.140947282314300537e-01,2.076316177845001221e-01,2.145186811685562134e-01,2.157855331897735596e-01,2.382952570915222168e-01,2.579759359359741211e-01,3.159187436103820801e-01,6.880847811698913574e-01,8.045012354850769043e-01
2.250014692544937134e-01,2.196932286024093628e-01,1.983684599399566650e-01,1.799527853727340698e-01,1.637496650218963623e-01,1.591360718011856079e-01,1.502469331026077271e-01,1.407976895570755005e-01,1.381687968969345093e-01,1.348106116056442261e-01,1.361638307571411133e-01,1.414472758769989014e-01,1.532672643661499023e-01,1.591360718011856079e-01,1.832340955734252930e-01,2.508179843425750732e-01,3.703870773315429688e-01,4.187147021293640137e-01,6.230069994926452637e-01,9.013544321060180664e-01,9.371430873870849609e-01,1.000000000000000000e+00,2.544466257095336914e-01,1.780965626239776611e-01,1.521416753530502319e-01,1.381687968969345093e-01,1.391604542732238770e-01,1.439367532730102539e-01,1.513866186141967773e-01,1.527430266141891479e-01,1.558620631694793701e-01,1.637496650218963623e-01,1.757650077342987061e-01,2.090012729167938232e-01,2.227493524551391602e-01,6.153895258903503418e-01,5.988311767578125000e-01
6.203912496566772461e-01,5.422811508178710938e-01,4.467577934265136719e-01,2.995368242263793945e-01,1.612329930067062378e-01,1.352742612361907959e-01,1.154068633913993835e-01,1.088451594114303589e-01,1.088451594114303589e-01,1.105647757649421692e-01,1.181531101465225220e-01,1.243758946657180786e-01,1.328823268413543701e-01,1.433978229761123657e-01,1.550293713808059692e-01,1.621663272380828857e-01,1.748182624578475952e-01,1.989445388317108154e-01,2.518419921398162842e-01,7.614703178405761719e-01,8.430214524269104004e-01,8.983374834060668945e-01,1.000000000000000000e+00,8.934522271156311035e-01,4.285678267478942871e-01,2.964983284473419189e-01,2.579844892024993896e-01,2.494333982467651367e-01,2.566648423671722412e-01,2.591518461704254150e-01,2.867956459522247314e-01,3.378368318080902100e-01,4.642761647701263428e-01,5.166996717453002930e-01,6.240597963333129883e-01,3.734541535377502441e-01,7.340517640113830566e-01
0.000000000000000000e+00,0.000000000000000000e+00,0.000000000000000000e+00,0.000000000000000000e+00,0.000000000000000000e+00,0.000000000000000000e+00,0.000000000000000000e+00,0.000000000000000000e+00,0.000000000000000000e+00,0.000000000000000000e+00,0.000000000000000000e+00,0.000000000000000000e+00,0.000000000000000000e+00,0.000000000000000000e+00,0.000000000000000000e+00,0.000000000000000000e+00,0.000000000000000000e+00,0.000000000000000000e+00,0.000000000000000000e+00,0.000000000000000000e+00,0.000000000000000000e+00,0.000000000000000000e+00,0.000000000000000000e+00,0.000000000000000000e+00,0.000000000000000000e+00,0.000000000000000000e+00,0.000000000000000000e+00,0.000000000000000000e+00,0.000000000000000000e+00,0.000000000000000000e+00,0.000000000000000000e+00,0.000000000000000000e+00,0.000000000000000000e+00,0.000000000000000000e+00,0.000000000000000000e+00,1.000000000000000000e+00,1.000000000000000000e+00
3.920847475528717041e-01,8.558679223060607910e-01,9.758956432342529297e-01,9.270605444908142090e-01,7.416644096374511719e-01,5.203571915626525879e-01,3.914448916912078857e-01,2.924852073192596436e-01,2.438804805278778076e-01,2.237035930156707764e-01,2.181333303451538086e-01,2.113415151834487915e-01,2.174008190631866455e-01,2.388767898082733154e-01,2.434128373861312866e-01,2.872176170349121094e-01,3.227118253707885742e-01,4.212248623371124268e-01,5.132579803466796875e-01,5.405063629150390625e-01,5.594015717506408691e-01,5.978022217750549316e-01,6.616380810737609863e-01,7.834135890007019043e-01,1.000000000000000000e+00,4.814124107360839844e-01,3.172996938228607178e-01,2.522403299808502197e-01,2.385904192924499512e-01,2.248213589191436768e-01,2.248213589191436768e-01,2.309216856956481934e-01,2.446268647909164429e-01,2.583988606929779053e-01,3.164366781711578369e-01,6.743603348731994629e-01,8.041681647300720215e-01
2.804521024227142334e-01,3.013338148593902588e-01,3.156251907348632812e-01,2.820551991462707520e-01,2.502441108226776123e-01,2.195312678813934326e-01,1.862596273422241211e-01,1.693544387817382812e-01,1.608584970235824585e-01,1.558761745691299438e-01,1.505629569292068481e-01,1.477923989295959473e-01,1.541796177625656128e-01,1.770908087491989136e-01,2.096083909273147583e-01,2.398691326379776001e-01,2.888992130756378174e-01,3.675437569618225098e-01,4.706984460353851318e-01,7.431027889251708984e-01,8.404179215431213379e-01,8.976755142211914062e-01,1.000000000000000000e+00,2.282577455043792725e-01,1.880663931369781494e-01,1.688359677791595459e-01,1.601562350988388062e-01,1.541796177625656128e-01,1.582682728767395020e-01,1.682414859533309937e-01,1.841633468866348267e-01,2.102646231651306152e-01,2.261077016592025757e-01,2.532292306423187256e-01,2.650225758552551270e-01,6.393213272094726562e-01,6.346564888954162598e-01
3.897691071033477783e-01,3.605776131153106689e-01,3.349160254001617432e-01,2.864338457584381104e-01,2.618732750415802002e-01,2.449048161506652832e-01,2.408970147371292114e-01,2.401099503040313721e-01,2.363642007112503052e-01,2.290432006120681763e-01,2.212360203266143799e-01,2.203787416219711304e-01,2.265503108501434326e-01,2.444627434015274048e-01,2.775150537490844727e-01,3.225775063037872314e-01,4.263495504856109619e-01,6.951893568038940430e-01,9.431658983230590820e-01,9.564050436019897461e-01,1.000000000000000000e+00,6.167396306991577148e-01,4.275529384613037109e-01,3.250826597213745117e-01,2.861504852771759033e-01,2.480862438678741455e-01,2.353322952985763550e-01,2.363642007112503052e-01,2.419051826000213623e-01,2.572896182537078857e-01,3.121827840805053711e-01,3.941843211650848389e-01,4.752386808395385742e-01,4.443016946315765381e-01,4.055456519126892090e-01,1.000000000000000000e+00,7.392163872718811035e-01
1.000000000000000000e+00,9.606716036796569824e-01,8.513190746307373047e-01,7.532318830490112305e-01,4.947574138641357422e-01,3.191727101802825928e-01,2.630504667758941650e-01,2.211344540119171143e-01,2.110626846551895142e-01,2.042568027973175049e-01,2.045333981513977051e-01,2.122645676136016846e-01,2.316228896379470825e-01,2.766672074794769287e-01,3.315951526165008545e-01,4.314636588096618652e-01,4.129182100296020508e-01,4.060846567153930664e-01,4.060846567153930664e-01,4.104464352130889893e-01,4.234624803066253662e-01,4.574123620986938477e-01,3.621532320976257324e-01,2.736883461475372314e-01,2.389511018991470337e-01,2.138565778732299805e-01,2.105263173580169678e-01,2.097191810607910156e-01,2.117312401533126831e-01,2.256891876459121704e-01,2.503883540630340576e-01,2.842264473438262939e-01,3.330411314964294434e-01,4.684035480022430420e-01,7.008631825447082520e-01,8.787878751754760742e-01,1.000000000000000000e+00
2.470116913318634033e-01,2.342636436223983765e-01,2.356122881174087524e-01,2.148295640945434570e-01,2.018329203128814697e-01,1.880928575992584229e-01,1.786482632160186768e-01,1.868829876184463501e-01,1.842441409826278687e-01,1.799735277891159058e-01,1.756605803966522217e-01,1.764785647392272949e-01,1.793723404407501221e-01,1.924078166484832764e-01,2.130793929100036621e-01,2.421834468841552734e-01,3.117694854736328125e-01,9.551881551742553711e-01,1.000000000000000000e+00,9.579170942306518555e-01,5.053576827049255371e-01,3.594766259193420410e-01,2.800225019454956055e-01,2.326132804155349731e-01,2.053873091936111450e-01,1.887616515159606934e-01,1.824966073036193848e-01,1.836765408515930176e-01,1.893900632858276367e-01,2.150975614786148071e-01,2.580612599849700928e-01,3.141509890556335449e-01,2.960114479064941406e-01,2.596885561943054199e-01,2.532304227352142334e-01,1.000000000000000000e+00,2.991153597831726074e-01
1.000000000000000000e+00,9.435136914253234863e-01,3.042969107627868652e-01,2.168310135602951050e-01,1.808311641216278076e-01,1.696414351463317871e-01,1.672184020280838013e-01,1.777367740869522095e-01,1.807782649993896484e-01,1.767834573984146118e-01,1.661280244588851929e-01,1.667601615190505981e-01,1.684532016515731812e-01,1.646823137998580933e-01,1.675993055105209351e-01,1.697729527950286865e-01,1.689634770154953003e-01,1.693592816591262817e-01,1.717892438173294067e-01,1.789346188306808472e-01,2.012586295604705811e-01,2.236067950725555420e-01,2.311783730983734131e-01,2.027266025543212891e-01,1.864221543073654175e-01,1.745510101318359375e-01,1.692086011171340942e-01,1.707093715667724609e-01,1.810426265001296997e-01,1.933072209358215332e-01,2.142720520496368408e-01,2.501115798950195312e-01,3.219037055969238281e-01,4.849540889263153076e-01,9.924373030662536621e-01,9.855072498321533203e-01,1.000000000000000000e+00
9.495584368705749512e-01,9.393791556358337402e-01,8.821951150894165039e-01,7.818254828453063965e-01,5.556575655937194824e-01,2.861318588256835938e-01,2.289181053638458252e-01,2.002325952053070068e-01,1.853731721639633179e-01,1.806816458702087402e-01,1.855895072221755981e-01,2.006729692220687866e-01,2.308729141950607300e-01,2.755010128021240234e-01,3.682704865932464600e-01,7.849498987197875977e-01,8.621270060539245605e-01,8.986878395080566406e-01,9.309090971946716309e-01,9.273073077201843262e-01,6.480357050895690918e-01,3.861414492130279541e-01,2.898380458354949951e-01,2.340146601200103760e-01,2.060399204492568970e-01,1.894835680723190308e-01,1.809922754764556885e-01,1.853731721639633179e-01,1.964699327945709229e-01,2.178533375263214111e-01,2.578049004077911377e-01,3.157579302787780762e-01,4.228639304637908936e-01,6.488896012306213379e-01,1.000000000000000000e+00,6.811594367027282715e-01,3.675993978977203369e-01
3.483863174915313721e-02,3.483863174915313721e-02,3.490661084651947021e-02,3.591084107756614685e-02,3.701604902744293213e-02,3.925389796495437622e-02,4.467681050300598145e-02,5.266463011503219604e-02,5.923207849264144897e-02,1.459030210971832275e-01,2.165624648332595825e-01,2.922930717468261719e-01,3.365496993064880371e-01,3.591084182262420654e-01,3.978238403797149658e-01,4.844686090946197510e-01,9.574782848358154297e-01,1.000000000000000000e+00,3.737676441669464111e-01,1.193612515926361084e-01,7.695242762565612793e-02,5.923207849264144897e-02,4.926926642656326294e-02,4.108337685465812683e-02,3.720767423510551453e-02,3.510975465178489685e-02,3.295025974512100220e-02,3.295025974512100220e-02,3.330803662538528442e-02,3.604262322187423706e-02,3.746165707707405090e-02,3.517720848321914673e-02,3.442794829607009888e-02,3.442794829607009888e-02,3.442794829607009888e-02,2.444583177566528320e-01,7.222686409950256348e-01
1.000000000000000000e+00,9.792462587356567383e-01,9.593654870986938477e-01,8.550229072570800781e-01,4.832061529159545898e-01,3.535605669021606445e-01,2.941337525844573975e-01,2.631776034832000732e-01,2.477125674486160278e-01,2.484892904758453369e-01,2.634087204933166504e-01,3.276542425155639648e-01,4.611790478229522705e-01,5.028419494628906250e-01,5.230788588523864746e-01,5.287487506866455078e-01,5.215642452239990234e-01,5.371602177619934082e-01,5.400601625442504883e-01,3.568726778030395508e-01,2.070063650608062744e-01,1.007094830274581909e-01,7.656570523977279663e-02,6.008905172348022461e-02,5.442040786147117615e-02,5.135196074843406677e-02,4.787674173712730408e-02,4.787674173712730408e-02,4.871674627065658569e-02,5.271638557314872742e-02,6.117634475231170654e-02,7.220244407653808594e-02,8.575103431940078735e-02,1.259875148534774780e-01,2.523772418498992920e-01,2.381711900234222412e-01,6.782750487327575684e-01
4.726669788360595703e-01,1.000000000000000000e+00,9.361368417739868164e-01,6.969049572944641113e-01,4.582241475582122803e-01,3.341175913810729980e-01,2.621592283248901367e-01,2.222066223621368408e-01,2.054274529218673706e-01,1.890284568071365356e-01,7.236401736736297607e-02,4.815914109349250793e-02,3.807314485311508179e-02,3.510170429944992065e-02,3.431866690516471863e-02,3.405365347862243652e-02,3.405365347862243652e-02,3.405365347862243652e-02,3.405365347862243652e-02,3.405365347862243652e-02,3.405365347862243652e-02,3.431866690516471863e-02,3.510170429944992065e-02,3.807314485311508179e-02,4.815914109349250793e-02,7.236401736736297607e-02,1.974671632051467896e-01,1.837793439626693726e-01,1.763838827610015869e-01,1.759724915027618408e-01,1.866166740655899048e-01,2.009237706661224365e-01,2.246396094560623169e-01,2.638471424579620361e-01,3.240134119987487793e-01,1.000000000000000000e+00,1.000000000000000000e+00
1.000000000000000000e+00,9.495828747749328613e-01,8.672602176666259766e-01,7.545809149742126465e-01,5.116532444953918457e-01,3.753228485584259033e-01,2.870071232318878174e-01,2.581451237201690674e-01,2.457468211650848389e-01,2.448979616165161133e-01,2.428104579448699951e-01,2.556230425834655762e-01,2.762440741062164307e-01,3.033891618251800537e-01,3.396595418453216553e-01,4.359052777290344238e-01,6.022233366966247559e-01,6.468310952186584473e-01,6.465806365013122559e-01,6.565242409706115723e-01,6.797957420349121094e-01,7.240664958953857422e-01,7.778041958808898926e-01,4.355866909027099609e-01,3.194382786750793457e-01,2.641699016094207764e-01,2.517006695270538330e-01,2.442356944084167480e-01,2.412809282541275024e-01,2.509641647338867188e-01,2.599315941333770752e-01,2.857952713966369629e-01,3.285791873931884766e-01,3.958458900451660156e-01,5.658947825431823730e-01,8.141140937805175781e-01,7.173458933830261230e-01
2.524172663688659668e-01,2.410047203302383423e-01,2.211548089981079102e-01,2.002642005681991577e-01,1.790774613618850708e-01,1.745166182518005371e-01,1.640530973672866821e-01,1.633262932300567627e-01,1.607155203819274902e-01,1.601387411355972290e-01,1.623521745204925537e-01,1.634072065353393555e-01,1.758747398853302002e-01,1.964658051729202271e-01,2.267620265483856201e-01,2.855868041515350342e-01,3.716311454772949219e-01,6.354373097419738770e-01,9.472121596336364746e-01,9.630448222160339355e-01,1.000000000000000000e+00,5.599783062934875488e-01,3.134356439113616943e-01,2.417167127132415771e-01,2.047034502029418945e-01,1.684264838695526123e-01,1.645358353853225708e-01,1.652573198080062866e-01,1.739855855703353882e-01,2.169304639101028442e-01,2.764136195182800293e-01,3.126333057880401611e-01,3.208135664463043213e-01,3.006052374839782715e-01,2.732875049114227295e-01,7.261017560958862305e-01,4.339767098426818848e-01
8.520464301109313965e-01,1.000000000000000000e+00,4.016671478748321533e-01,3.280862867832183838e-01,2.747232615947723389e-01,2.622081339359283447e-01,2.475615292787551880e-01,2.469324022531509399e-01,2.506834864616394043e-01,2.683068215847015381e-01,3.234066069126129150e-01,4.056746661663055420e-01,3.681238591670989990e-01,3.128451406955718994e-01,2.827591001987457275e-01,2.698099613189697266e-01,2.622081339359283447e-01,2.603028714656829834e-01,2.603028714656829834e-01,2.622081339359283447e-01,2.698099613189697266e-01,2.827591001987457275e-01,3.128451406955718994e-01,3.265656232833862305e-01,2.892851829528808594e-01,2.660946547985076904e-01,2.603028714656829834e-01,2.601833343505859375e-01,2.669118046760559082e-01,2.935552895069122314e-01,3.459932208061218262e-01,4.227979183197021484e-01,5.397351980209350586e-01,6.860716938972473145e-01,7.352752089500427246e-01,1.000000000000000000e+00,1.000000000000000000e+00
2.483901381492614746e-01,3.092243373394012451e-01,3.684643507003784180e-01,5.503512620925903320e-01,4.216390848159790039e-01,3.310954868793487549e-01,2.768317162990570068e-01,2.205148041248321533e-01,2.030652761459350586e-01,2.028736174106597900e-01,2.059188038110733032e-01,2.293353974819183350e-01,2.840449810028076172e-01,3.684643507003784180e-01,1.000000000000000000e+00,9.372268319129943848e-01,9.049171209335327148e-01,8.915781974792480469e-01,8.915781974792480469e-01,9.050890207290649414e-01,5.177169442176818848e-01,3.694133162498474121e-01,2.932100594043731689e-01,2.471340447664260864e-01,2.096630781888961792e-01,1.972344368696212769e-01,1.948532462120056152e-01,1.958489269018173218e-01,2.011404484510421753e-01,1.999766528606414795e-01,1.934506893157958984e-01,1.942533999681472778e-01,1.982181519269943237e-01,2.064847648143768311e-01,2.182094007730484009e-01,6.913877129554748535e-01,7.863775491714477539e-01
1.000000000000000000e+00,7.088927626609802246e-01,4.784786701202392578e-01,3.803106248378753662e-01,3.154328167438507080e-01,2.719418108463287354e-01,2.477691918611526489e-01,2.365721911191940308e-01,2.326809316873550415e-01,2.392965704202651978e-01,2.684274911880493164e-01,3.363598585128784180e-01,2.961760759353637695e-01,2.513543963432312012e-01,2.274425625801086426e-01,2.136576622724533081e-01,2.072809636592864990e-01,2.051113545894622803e-01,2.051113545894622803e-01,2.072809636592864990e-01,2.136576622724533081e-01,2.217515259981155396e-01,2.453995645046234131e-01,2.961760759353637695e-01,2.694798111915588379e-01,2.466612607240676880e-01,2.392965704202651978e-01,2.369192689657211304e-01,2.420657277107238770e-01,2.595742642879486084e-01,2.931084036827087402e-01,3.402728736400604248e-01,4.089744687080383301e-01,5.190078020095825195e-01,7.868637442588806152e-01,1.000000000000000000e+00,1.000000000000000000e+00
7.783838510513305664e-01,9.067011475563049316e-01,5.195102691650390625e-01,3.811585903167724609e-01,2.865644097328186035e-01,2.489584684371948242e-01,2.298397272825241089e-01,2.148289978504180908e-01,2.061307728290557861e-01,2.162446975708007812e-01,2.337885946035385132e-01,2.596817016601562500e-01,3.298763036727905273e-01,4.380972683429718018e-01,6.863867044448852539e-01,1.000000000000000000e+00,9.678050279617309570e-01,9.523709416389465332e-01,9.520705342292785645e-01,9.606055021286010742e-01,9.267142415046691895e-01,6.228173375129699707e-01,4.380972683429718018e-01,3.385497331619262695e-01,2.761946320533752441e-01,2.337885946035385132e-01,2.223323881626129150e-01,2.169490754604339600e-01,2.168611437082290649e-01,2.278396338224411011e-01,2.621667385101318359e-01,3.051294386386871338e-01,3.618571162223815918e-01,5.195102691650390625e-01,8.132747411727905273e-01,6.345449090003967285e-01,7.343119978904724121e-01
1.006441265344619751e-01,1.269569247961044312e-01,2.103761583566665649e-01,1.703305840492248535e-01,1.339286714792251587e-01,1.226319447159767151e-01,1.154265031218528748e-01,1.058013215661048889e-01,1.041106432676315308e-01,1.000546962022781372e-01,1.018127501010894775e-01,1.050298064947128296e-01,1.130970343947410583e-01,1.360646486282348633e-01,1.781385838985443115e-01,2.620812952518463135e-01,1.000000000000000000e+00,9.861145019531250000e-01,9.858970642089843750e-01,9.956133365631103516e-01,3.399007022380828857e-01,2.091071158647537231e-01,1.606352478265762329e-01,1.292082071304321289e-01,1.136188209056854248e-01,1.055914685130119324e-01,1.038261875510215759e-01,1.079459264874458313e-01,1.130970343947410583e-01,1.240108907222747803e-01,1.334862858057022095e-01,1.031832993030548096e-01,9.613536298274993896e-02,9.427149593830108643e-02,9.427149593830108643e-02,4.766501784324645996e-01,5.623325705528259277e-01
7.647125124931335449e-01,3.895231783390045166e-01,3.172866702079772949e-01,2.658381164073944092e-01,2.377140372991561890e-01,2.272951751947402954e-01,2.197929769754409790e-01,2.228450775146484375e-01,2.317603230476379395e-01,2.526298761367797852e-01,3.013216555118560791e-01,4.120720922946929932e-01,3.378372192382812500e-01,2.935690879821777344e-01,2.688873112201690674e-01,2.466584593057632446e-01,2.404419928789138794e-01,2.388869822025299072e-01,2.388869822025299072e-01,2.404419928789138794e-01,2.466584593057632446e-01,2.626648545265197754e-01,2.953094542026519775e-01,3.112834990024566650e-01,2.717309296131134033e-01,2.436178773641586304e-01,2.388869822025299072e-01,2.397629171609878540e-01,2.525376677513122559e-01,2.785876989364624023e-01,3.379750847816467285e-01,4.395859539508819580e-01,6.165894865989685059e-01,7.210999131202697754e-01,1.000000000000000000e+00,1.000000000000000000e+00,1.000000000000000000e+00
6.864637136459350586e-01,5.609434843063354492e-01,4.536268413066864014e-01,4.223725199699401855e-01,3.102615177631378174e-01,2.338337004184722900e-01,2.111862599849700928e-01,2.031417340040206909e-01,2.031417340040206909e-01,2.056653350591659546e-01,2.255415171384811401e-01,2.632113397121429443e-01,3.563341796398162842e-01,6.444872617721557617e-01,1.000000000000000000e+00,9.465519785881042480e-01,9.051519632339477539e-01,8.915478587150573730e-01,8.915478587150573730e-01,7.799772024154663086e-01,4.468407928943634033e-01,3.409700989723205566e-01,2.900350093841552734e-01,2.495929598808288574e-01,2.234203964471817017e-01,2.167496234178543091e-01,2.138005048036575317e-01,2.139860242605209351e-01,2.227088660001754761e-01,2.597209215164184570e-01,2.966629266738891602e-01,3.297294676303863525e-01,3.466254472732543945e-01,3.607608675956726074e-01,4.175538718700408936e-01,7.056160569190979004e-01,7.861350774765014648e-01
2.138544172048568726e-01,2.114431113004684448e-01,2.140698283910751343e-01,2.193602323532104492e-01,2.261113524436950684e-01,2.212952673435211182e-01,2.222046107053756714e-01,2.212952673435211182e-01,2.143656760454177856e-01,2.077598124742507935e-01,2.039535492658615112e-01,2.015095353126525879e-01,2.030475884675979614e-01,2.051646411418914795e-01,2.101585566997528076e-01,2.233167439699172974e-01,2.313505411148071289e-01,2.661611139774322510e-01,3.226396143436431885e-01,6.943836212158203125e-01,1.000000000000000000e+00,7.098757028579711914e-01,5.550628304481506348e-01,4.481016397476196289e-01,3.386527895927429199e-01,2.560553252696990967e-01,2.206695526838302612e-01,2.058374881744384766e-01,2.010802179574966431e-01,2.005350887775421143e-01,2.064802497625350952e-01,2.186235934495925903e-01,2.383423000574111938e-01,2.338276058435440063e-01,2.182015478610992432e-01,1.000000000000000000e+00,4.238699376583099365e-01
6.946457624435424805e-01,8.990684151649475098e-01,9.052367210388183594e-01,9.302385449409484863e-01,8.729643225669860840e-01,3.325950503349304199e-01,2.390307039022445679e-01,2.212308198213577271e-01,2.217542380094528198e-01,2.201802581548690796e-01,2.196970582008361816e-01,2.241806983947753906e-01,2.369604408740997314e-01,2.493567168712615967e-01,2.555561661720275879e-01,2.563111484050750732e-01,2.772080600261688232e-01,3.402907848358154297e-01,5.455097556114196777e-01,1.000000000000000000e+00,6.220342516899108887e-01,4.493084847927093506e-01,3.523421585559844971e-01,2.876413762569427490e-01,2.516322135925292969e-01,2.303027957677841187e-01,2.241806983947753906e-01,2.257267832756042480e-01,2.392327189445495605e-01,2.670184075832366943e-01,3.077304065227508545e-01,3.464525640010833740e-01,3.970998525619506836e-01,4.518172442913055420e-01,5.340549349784851074e-01,8.264636993408203125e-01,6.412423253059387207e-01
6.502649188041687012e-01,9.120461344718933105e-01,1.000000000000000000e+00,9.988142848014831543e-01,4.239324629306793213e-01,3.365193605422973633e-01,1.488676220178604126e-01,1.134068891406059265e-01,9.408053755760192871e-02,9.073789417743682861e-02,9.117012470960617065e-02,9.443803876638412476e-02,9.856999665498733521e-02,1.066697835922241211e-01,1.208393499255180359e-01,1.456641405820846558e-01,1.772486418485641479e-01,2.328012734651565552e-01,4.462002515792846680e-01,3.926384747028350830e-01,2.358928024768829346e-01,1.701681017875671387e-01,1.400020569562911987e-01,1.173018142580986023e-01,1.034625396132469177e-01,9.532590955495834351e-02,9.384145587682723999e-02,9.408053755760192871e-02,9.856999665498733521e-02,1.080819964408874512e-01,1.258033514022827148e-01,1.481490880250930786e-01,1.963693052530288696e-01,2.957099974155426025e-01,5.019730329513549805e-01,4.588085412979125977e-01,8.628473877906799316e-01
6.631105542182922363e-01,9.242611527442932129e-01,1.000000000000000000e+00,5.149481296539306641e-01,1.489803791046142578e-01,1.019266992807388306e-01,7.454361021518707275e-02,6.162286549806594849e-02,5.643034353852272034e-02,5.390501022338867188e-02,5.187296122312545776e-02,5.187296122312545776e-02,5.323627963662147522e-02,5.789269506931304932e-02,6.659019738435745239e-02,8.079595863819122314e-02,9.729121625423431396e-02,1.564352512359619141e-01,2.229712754487991333e-01,2.210348546504974365e-01,1.415265798568725586e-01,1.017312481999397278e-01,8.182399719953536987e-02,6.888201087713241577e-02,6.077734008431434631e-02,5.706165358424186707e-02,5.643034353852272034e-02,5.643034353852272034e-02,5.816706642508506775e-02,6.309103965759277344e-02,7.803931087255477905e-02,9.429948031902313232e-02,1.249776110053062439e-01,1.846962720155715942e-01,3.516045212745666504e-01,3.316602706909179688e-01,1.000000000000000000e+00
9.363838285207748413e-02,1.265323609113693237e-01,2.250595539808273315e-01,4.588891863822937012e-01,4.779500067234039307e-01,5.296673774719238281e-01,5.350157618522644043e-01,4.952199161052703857e-01,4.105641543865203857e-01,3.040691912174224854e-01,2.702425420284271240e-01,2.707126736640930176e-01,3.048499822616577148e-01,3.801937401294708252e-01,4.305969178676605225e-01,4.600442647933959961e-01,5.049483776092529297e-01,6.873190402984619141e-01,1.000000000000000000e+00,3.895592391490936279e-01,2.340428233146667480e-01,1.688335537910461426e-01,1.295120269060134888e-01,9.316486120223999023e-02,7.597182691097259521e-02,6.022186949849128723e-02,5.652834102511405945e-02,5.372019484639167786e-02,5.372019484639167786e-02,5.453727766871452332e-02,5.453727766871452332e-02,5.643045529723167419e-02,5.720884352922439575e-02,6.549877673387527466e-02,7.903902232646942139e-02,2.839796841144561768e-01,6.446936726570129395e-01
1.807348877191543579e-01,1.409393996000289917e-01,1.317805796861648560e-01,1.310021430253982544e-01,1.469235420227050781e-01,2.343483418226242065e-01,2.066121250391006470e-01,1.858741790056228638e-01,1.652375906705856323e-01,1.518247425556182861e-01,1.464832127094268799e-01,1.356454640626907349e-01,1.378499418497085571e-01,1.358437389135360718e-01,1.374197006225585938e-01,1.529551446437835693e-01,1.631722450256347656e-01,1.982079893350601196e-01,9.826666712760925293e-01,1.000000000000000000e+00,6.947262883186340332e-01,4.952999353408813477e-01,3.751645982265472412e-01,2.449507266283035278e-01,1.878332346677780151e-01,1.583843231201171875e-01,1.443732976913452148e-01,1.377327293157577515e-01,1.359625756740570068e-01,1.419669091701507568e-01,1.531310081481933594e-01,1.621131002902984619e-01,1.804964542388916016e-01,2.044118344783782959e-01,2.529939711093902588e-01,1.000000000000000000e+00,4.437146484851837158e-01
9.286827445030212402e-01,1.000000000000000000e+00,2.773616015911102295e-01,1.995112895965576172e-01,1.626645475625991821e-01,1.416946053504943848e-01,1.296452283859252930e-01,1.211627796292304993e-01,1.167497411370277405e-01,1.183947399258613586e-01,8.288854360580444336e-02,5.168018862605094910e-02,4.127726703882217407e-02,3.666920587420463562e-02,3.392970561981201172e-02,3.352007642388343811e-02,3.338241577148437500e-02,3.338241577148437500e-02,3.338241577148437500e-02,3.338241577148437500e-02,3.352007642388343811e-02,3.392970561981201172e-02,3.666920587420463562e-02,4.127726703882217407e-02,5.168018862605094910e-02,8.288854360580444336e-02,1.213906034827232361e-01,1.219960451126098633e-01,1.286110430955886841e-01,1.431495845317840576e-01,1.674354523420333862e-01,2.063863426446914673e-01,2.741553783416748047e-01,4.127726852893829346e-01,6.686683297157287598e-01,9.099784493446350098e-01,1.000000000000000000e+00
5.565809607505798340e-01,8.201505541801452637e-01,7.432469129562377930e-01,7.390515208244323730e-01,7.785498499870300293e-01,3.021728396415710449e-01,2.343255132436752319e-01,2.058447152376174927e-01,1.947562992572784424e-01,1.888376027345657349e-01,1.880518645048141479e-01,1.932936161756515503e-01,2.096459716558456421e-01,2.462892830371856689e-01,3.033140301704406738e-01,3.920701146125793457e-01,6.530954837799072266e-01,1.000000000000000000e+00,1.000000000000000000e+00,8.809776306152343750e-01,5.239677429199218750e-01,3.765627741813659668e-01,2.958175539970397949e-01,2.444285601377487183e-01,2.155084908008575439e-01,1.988317817449569702e-01,1.937399506568908691e-01,1.891640275716781616e-01,1.901399493217468262e-01,1.985212564468383789e-01,2.108783274888992310e-01,2.305029928684234619e-01,2.621604502201080322e-01,3.094755709171295166e-01,3.928246796131134033e-01,8.874731063842773438e-01,6.289694905281066895e-01
7.259633541107177734e-01,1.000000000000000000e+00,9.198116660118103027e-01,3.181684315204620361e-01,2.195811271667480469e-01,1.737208515405654907e-01,1.424541324377059937e-01,1.290522962808609009e-01,1.232631430029869080e-01,1.227860972285270691e-01,1.253613829612731934e-01,1.357024312019348145e-01,1.625110059976577759e-01,2.150501012802124023e-01,3.078137934207916260e-01,3.608826994895935059e-01,3.485285639762878418e-01,3.433827757835388184e-01,3.432498276233673096e-01,3.485285639762878418e-01,3.272613584995269775e-01,2.335126250982284546e-01,1.868505775928497314e-01,1.545727699995040894e-01,1.357024312019348145e-01,1.253613829612731934e-01,1.227860972285270691e-01,1.232631430029869080e-01,1.302092820405960083e-01,1.443187445402145386e-01,1.686158925294876099e-01,2.065746039152145386e-01,2.745580673217773438e-01,4.078274369239807129e-01,5.296395421028137207e-01,7.876884341239929199e-01,8.263357877731323242e-01
1.000000000000000000e+00,4.583477973937988281e-01,2.881157696247100830e-01,2.306269556283950806e-01,1.911115050315856934e-01,1.684518754482269287e-01,1.495770066976547241e-01,1.419615596532821655e-01,1.386156380176544189e-01,1.413569003343582153e-01,9.625240415334701538e-02,6.178041920065879822e-02,4.660718515515327454e-02,4.097380489110946655e-02,3.811458498239517212e-02,3.702015429735183716e-02,3.664808347821235657e-02,3.664808347821235657e-02,3.664808347821235657e-02,3.664808347821235657e-02,3.702015429735183716e-02,3.811458498239517212e-02,4.097380489110946655e-02,4.660718515515327454e-02,6.178041920065879822e-02,9.625240415334701538e-02,1.387638747692108154e-01,1.425396203994750977e-01,1.507406979799270630e-01,1.684518754482269287e-01,1.980664879083633423e-01,2.440524101257324219e-01,3.278426826000213623e-01,4.919364452362060547e-01,7.459584474563598633e-01,1.000000000000000000e+00,1.000000000000000000e+00
7.834827899932861328e-01,1.000000000000000000e+00,4.560678601264953613e-01,2.793777883052825928e-01,2.174826115369796753e-01,1.767585575580596924e-01,1.592832654714584351e-01,1.505991518497467041e-01,1.461806744337081909e-01,1.485791355371475220e-01,1.597122251987457275e-01,1.812180280685424805e-01,2.283524870872497559e-01,3.043805062770843506e-01,4.372791051864624023e-01,4.420898854732513428e-01,4.258650541305541992e-01,4.192129075527191162e-01,4.190632998943328857e-01,4.258650541305541992e-01,3.956766426563262939e-01,2.831884026527404785e-01,2.201403379440307617e-01,1.851089447736740112e-01,1.615931242704391479e-01,1.490771472454071045e-01,1.452023386955261230e-01,1.461806744337081909e-01,1.537834256887435913e-01,1.714535951614379883e-01,2.006284445524215698e-01,2.465294301509857178e-01,3.307366967201232910e-01,4.977772235870361328e-01,6.112844944000244141e-01,8.083211183547973633e-01,7.717407345771789551e-01
3.383944928646087646e-01,5.590434074401855469e-01,5.686786770820617676e-01,5.763623714447021484e-01,6.026578545570373535e-01,2.729597985744476318e-01,2.131589353084564209e-01,1.837388128042221069e-01,1.627959012985229492e-01,1.545773297548294067e-01,1.515755504369735718e-01,1.545773297548294067e-01,1.705794483423233032e-01,2.057713419198989868e-01,2.540869116783142090e-01,3.645420968532562256e-01,1.000000000000000000e+00,9.831057190895080566e-01,9.831057190895080566e-01,7.420648336410522461e-01,4.423733651638031006e-01,3.164990246295928955e-01,2.476219087839126587e-01,2.066887915134429932e-01,1.808474361896514893e-01,1.658798307180404663e-01,1.580786257982254028e-01,1.571783721446990967e-01,1.523315459489822388e-01,1.544461250305175781e-01,1.559699475765228271e-01,1.705794483423233032e-01,1.825211346149444580e-01,2.127464115619659424e-01,2.574685513973236084e-01,8.058892488479614258e-01,5.575356483459472656e-01
1.049425080418586731e-01,1.015954092144966125e-01,9.767980873584747314e-02,9.767980873584747314e-02,1.077423244714736938e-01,1.467181146144866943e-01,1.589229404926300049e-01,1.423855572938919067e-01,1.236559450626373291e-01,1.135871186852455139e-01,1.104092225432395935e-01,1.015954092144966125e-01,1.021664589643478394e-01,1.092876568436622620e-01,1.088169291615486145e-01,1.113044917583465576e-01,1.351598501205444336e-01,1.895266622304916382e-01,9.827674627304077148e-01,1.000000000000000000e+00,6.375195384025573730e-01,4.546270966529846191e-01,3.493798077106475830e-01,1.879491358995437622e-01,1.404008269309997559e-01,1.180489957332611084e-01,1.072648093104362488e-01,1.036628708243370056e-01,1.034976691007614136e-01,1.067851632833480835e-01,1.128617003560066223e-01,1.250594407320022583e-01,1.298918426036834717e-01,1.464379429817199707e-01,1.153807118535041809e-01,7.649576067924499512e-01,4.467410147190093994e-01
4.669485986232757568e-01,6.645426750183105469e-01,9.687142968177795410e-01,1.000000000000000000e+00,5.284693837165832520e-01,3.806120157241821289e-01,3.009296059608459473e-01,2.702153325080871582e-01,2.498474270105361938e-01,2.481429427862167358e-01,2.600777745246887207e-01,2.839995026588439941e-01,3.408554196357727051e-01,4.388150572776794434e-01,6.650348305702209473e-01,8.724160790443420410e-01,8.395686149597167969e-01,8.255178928375244141e-01,8.252929449081420898e-01,3.681899607181549072e-01,2.203224301338195801e-01,1.574568450450897217e-01,1.248883232474327087e-01,1.061346679925918579e-01,9.607774019241333008e-02,8.920594304800033569e-02,8.830937743186950684e-02,8.840944617986679077e-02,9.184314310550689697e-02,9.969094395637512207e-02,1.163103207945823669e-01,1.405445933341979980e-01,1.862674802541732788e-01,2.752725780010223389e-01,3.753958344459533691e-01,4.041605591773986816e-01,6.956775188446044922e-01
1.000000000000000000e+00,9.879869818687438965e-01,2.252965569496154785e-01,1.525612473487854004e-01,1.065533980727195740e-01,9.121111780405044556e-02,7.914587855339050293e-02,7.296889275312423706e-02,7.079022377729415894e-02,7.079022377729415894e-02,7.134112715721130371e-02,7.976180315017700195e-02,8.958704769611358643e-02,1.063695251941680908e-01,1.301251798868179321e-01,1.940688490867614746e-01,8.566078543663024902e-01,8.462157249450683594e-01,8.462157249450683594e-01,8.599377870559692383e-01,7.912732362747192383e-01,5.630632638931274414e-01,4.395981729030609131e-01,3.648444712162017822e-01,3.185867369174957275e-01,2.918755710124969482e-01,2.831954658031463623e-01,2.853645086288452148e-01,3.024159669876098633e-01,3.386898040771484375e-01,4.004499912261962891e-01,4.701108336448669434e-01,5.185413956642150879e-01,6.004956960678100586e-01,7.252355217933654785e-01,3.123058974742889404e-01,6.024940609931945801e-01
3.896881341934204102e-01,5.661268830299377441e-01,1.000000000000000000e+00,6.986531019210815430e-01,6.319535374641418457e-01,3.741837739944458008e-01,2.914954721927642822e-01,2.395697236061096191e-01,2.260843068361282349e-01,2.173127830028533936e-01,1.003706827759742737e-01,6.258013099431991577e-02,4.998311772942543030e-02,4.440316185355186462e-02,4.108586907386779785e-02,4.058984294533729553e-02,4.042315110564231873e-02,4.042315110564231873e-02,4.042315110564231873e-02,4.042315110564231873e-02,4.058984294533729553e-02,4.108586907386779785e-02,4.440316185355186462e-02,4.998311772942543030e-02,6.258013099431991577e-02,1.003706827759742737e-01,2.352179437875747681e-01,2.104623317718505859e-01,2.005057781934738159e-01,1.999324709177017212e-01,2.079448252916336060e-01,2.234406471252441406e-01,2.432338893413543701e-01,2.707680463790893555e-01,3.165692090988159180e-01,1.000000000000000000e+00,1.000000000000000000e+00
7.002171277999877930e-01,7.149770855903625488e-01,5.397753715515136719e-01,3.205233514308929443e-01,2.538310587406158447e-01,2.320913821458816528e-01,2.169637233018875122e-01,2.153021991252899170e-01,2.361814230680465698e-01,2.406996488571166992e-01,2.388274371623992920e-01,2.291065752506256104e-01,2.298238575458526611e-01,2.326065748929977417e-01,2.534180879592895508e-01,2.866117060184478760e-01,3.953887820243835449e-01,5.552166104316711426e-01,7.996026277542114258e-01,8.122277259826660156e-01,8.442230224609375000e-01,9.004161953926086426e-01,1.000000000000000000e+00,5.092218518257141113e-01,3.376200795173645020e-01,2.640588581562042236e-01,2.352291941642761230e-01,2.202491611242294312e-01,2.133474051952362061e-01,2.232853621244430542e-01,2.476850003004074097e-01,2.735223174095153809e-01,3.498520553112030029e-01,7.854806780815124512e-01,7.043930292129516602e-01,7.366706728935241699e-01,5.563044548034667969e-01
1.338862925767898560e-01,1.341177225112915039e-01,1.482843458652496338e-01,1.744241714477539062e-01,1.661839783191680908e-01,1.533733755350112915e-01,1.431768834590911865e-01,1.369777023792266846e-01,1.344064623117446899e-01,1.299484521150588989e-01,1.308995932340621948e-01,1.373733431100845337e-01,1.512865573167800903e-01,1.841120719909667969e-01,2.228965908288955688e-01,4.687508940696716309e-01,5.177013874053955078e-01,7.233723402023315430e-01,9.464650750160217285e-01,9.622823596000671387e-01,1.000000000000000000e+00,1.999395191669464111e-01,1.560295969247817993e-01,1.371473968029022217e-01,1.268079727888107300e-01,1.251462548971176147e-01,1.265631616115570068e-01,1.383294910192489624e-01,1.719169169664382935e-01,2.621543407440185547e-01,2.819058597087860107e-01,1.992792040109634399e-01,1.419805437326431274e-01,1.359550356864929199e-01,1.341177225112915039e-01,5.787272453308105469e-01,2.557245790958404541e-01
1.438744813203811646e-01,1.982029676437377930e-01,1.000000000000000000e+00,9.909843802452087402e-01,7.426255941390991211e-01,6.180579662322998047e-01,5.860345363616943359e-01,5.430794954299926758e-01,4.159357249736785889e-01,3.807354867458343506e-01,3.842118680477142334e-01,3.909560143947601318e-01,4.328818321228027344e-01,4.877627491950988770e-01,5.986860394477844238e-01,5.667144060134887695e-01,5.467672348022460938e-01,5.391703844070434570e-01,5.391703844070434570e-01,5.467672348022460938e-01,5.667144060134887695e-01,6.047877073287963867e-01,4.406310021877288818e-01,2.000996917486190796e-01,1.306660324335098267e-01,9.955783188343048096e-02,8.812620490789413452e-02,8.373026549816131592e-02,8.373026549816131592e-02,8.172117918729782104e-02,8.172117918729782104e-02,8.551575988531112671e-02,9.457673877477645874e-02,1.032822877168655396e-01,1.147840991616249084e-01,2.723422348499298096e-01,7.240113019943237305e-01
3.856849670410156250e-01,4.094886183738708496e-01,3.562452197074890137e-01,3.228841423988342285e-01,3.115125894546508789e-01,3.020127117633819580e-01,2.893300652503967285e-01,2.751583456993103027e-01,2.742743492126464844e-01,2.617758810520172119e-01,2.595838904380798340e-01,2.552553117275238037e-01,2.486786842346191406e-01,2.509659528732299805e-01,2.560376226902008057e-01,2.645983397960662842e-01,2.805057466030120850e-01,3.080308437347412109e-01,3.592401146888732910e-01,4.878161847591400146e-01,9.681951403617858887e-01,1.000000000000000000e+00,7.821196317672729492e-01,6.354323029518127441e-01,3.770698308944702148e-01,3.053057789802551270e-01,2.683775722980499268e-01,2.476136833429336548e-01,2.402345389127731323e-01,2.434244304895401001e-01,2.512219846248626709e-01,2.623210251331329346e-01,2.704454958438873291e-01,2.976292669773101807e-01,3.374012410640716553e-01,1.000000000000000000e+00,4.233974218368530273e-01
5.127460956573486328e-01,7.516163587570190430e-01,1.000000000000000000e+00,9.585627913475036621e-01,8.884048461914062500e-01,3.499890565872192383e-01,2.069053500890731812e-01,1.891038417816162109e-01,1.879103332757949829e-01,1.882094144821166992e-01,1.856013089418411255e-01,1.882094144821166992e-01,1.875108033418655396e-01,1.879103332757949829e-01,1.834677010774612427e-01,1.812400221824645996e-01,1.869767755270004272e-01,2.170761525630950928e-01,2.475806325674057007e-01,2.615496516227722168e-01,2.705927193164825439e-01,2.877626121044158936e-01,2.910664975643157959e-01,2.462645173072814941e-01,2.150514125823974609e-01,1.963672339916229248e-01,1.909128576517105103e-01,1.925102174282073975e-01,2.035863697528839111e-01,2.275066226720809937e-01,2.625037133693695068e-01,2.913883924484252930e-01,3.084137737751007080e-01,3.410355150699615479e-01,4.045395851135253906e-01,7.959420084953308105e-01,1.000000000000000000e+00
2.473885416984558105e-01,3.970817625522613525e-01,6.420555710792541504e-01,1.000000000000000000e+00,9.602551460266113281e-01,9.360464811325073242e-01,8.727451562881469727e-01,7.685806155204772949e-01,5.546088814735412598e-01,4.167439043521881104e-01,3.671092987060546875e-01,3.549477458000183105e-01,3.548102676868438721e-01,3.819584846496582031e-01,5.268662571907043457e-01,6.457113027572631836e-01,6.948404312133789062e-01,7.288501858711242676e-01,8.158739805221557617e-01,8.340290188789367676e-01,7.254956960678100586e-01,5.158479809761047363e-01,4.066118597984313965e-01,3.301306366920471191e-01,2.429612129926681519e-01,1.559469252824783325e-01,1.333499997854232788e-01,1.221813634037971497e-01,1.214806064963340759e-01,1.195578426122665405e-01,1.222811415791511536e-01,1.296399533748626709e-01,1.458436399698257446e-01,1.578127592802047729e-01,1.966273337602615356e-01,3.773787319660186768e-01,7.775734663009643555e-01
8.142952322959899902e-01,1.000000000000000000e+00,9.785882830619812012e-01,9.039269685745239258e-01,8.220216631889343262e-01,7.091253995895385742e-01,3.731552958488464355e-01,1.774029433727264404e-01,1.142887100577354431e-01,1.012539640069007874e-01,9.327231347560882568e-02,8.949670940637588501e-02,8.949670940637588501e-02,9.484442323446273804e-02,9.928768128156661987e-02,1.022229269146919250e-01,1.146117076277732849e-01,1.412016153335571289e-01,1.837492883205413818e-01,5.901147723197937012e-01,7.174351215362548828e-01,8.060209155082702637e-01,8.009291887283325195e-01,6.623314619064331055e-01,5.752905011177062988e-01,5.250995159149169922e-01,4.718515872955322266e-01,4.040715992450714111e-01,3.881437480449676514e-01,3.896646201610565186e-01,4.072005748748779297e-01,4.449428915977478027e-01,4.973312020301818848e-01,6.015104651451110840e-01,7.035427689552307129e-01,2.871735095977783203e-01,7.198272943496704102e-01
1.000000000000000000e+00,7.429131865501403809e-01,4.789444208145141602e-01,3.504741787910461426e-01,2.922859489917755127e-01,2.511116564273834229e-01,2.219522595405578613e-01,2.130674868822097778e-01,2.049776315689086914e-01,2.010385394096374512e-01,1.243391558527946472e-01,7.840560376644134521e-02,6.122449040412902832e-02,5.476084724068641663e-02,5.048700794577598572e-02,4.914936423301696777e-02,4.897959157824516296e-02,4.897959157824516296e-02,4.897959157824516296e-02,4.897959157824516296e-02,4.914936423301696777e-02,5.048700794577598572e-02,5.476084724068641663e-02,6.122449040412902832e-02,7.840560376644134521e-02,1.243391558527946472e-01,2.081632614135742188e-01,1.961308419704437256e-01,1.956205219030380249e-01,2.016177773475646973e-01,2.194233536720275879e-01,2.457807213068008423e-01,2.865875959396362305e-01,3.550081849098205566e-01,5.374907255172729492e-01,1.000000000000000000e+00,1.000000000000000000e+00
4.859061539173126221e-01,3.368622362613677979e-01,2.342638373374938965e-01,2.093645185232162476e-01,1.895876377820968628e-01,1.888463348150253296e-01,1.971142292022705078e-01,1.960439085960388184e-01,1.903260499238967896e-01,1.801021695137023926e-01,1.760654747486114502e-01,1.774541884660720825e-01,1.906941831111907959e-01,2.262687087059020996e-01,2.956713438034057617e-01,4.673661291599273682e-01,1.000000000000000000e+00,9.841468930244445801e-01,9.841468930244445801e-01,1.000000000000000000e+00,7.818692922592163086e-01,3.483765125274658203e-01,2.557334303855895996e-01,2.155539691448211670e-01,1.986206173896789551e-01,1.895876377820968628e-01,1.894951313734054565e-01,1.903260499238967896e-01,2.059874534606933594e-01,2.417049705982208252e-01,3.099726438522338867e-01,5.947721600532531738e-01,6.422817707061767578e-01,6.103972196578979492e-01,5.415058732032775879e-01,6.470588445663452148e-01,6.465644240379333496e-01
1.398950666189193726e-01,1.262371838092803955e-01,1.178753972053527832e-01,1.173425391316413879e-01,1.173425391316413879e-01,1.317887008190155029e-01,1.255972832441329956e-01,1.244515627622604370e-01,1.232225596904754639e-01,1.270149052143096924e-01,1.386092305183410645e-01,1.533875018358230591e-01,1.929851770401000977e-01,3.543343544006347656e-01,4.020574092864990234e-01,6.082154512405395508e-01,1.000000000000000000e+00,9.832433462142944336e-01,3.444175124168395996e-01,2.022718340158462524e-01,1.495455652475357056e-01,1.314485967159271240e-01,1.258109509944915771e-01,1.235852986574172974e-01,1.220545470714569092e-01,1.367233097553253174e-01,1.528612971305847168e-01,1.570785641670227051e-01,1.634469032287597656e-01,1.749296039342880249e-01,1.863773614168167114e-01,1.627882868051528931e-01,1.525681763887405396e-01,1.460933387279510498e-01,1.441190242767333984e-01,6.100010871887207031e-01,4.765275716781616211e-01
7.932935953140258789e-01,5.435935854911804199e-01,4.905500411987304688e-01,2.713428437709808350e-01,2.031046301126480103e-01,1.777449548244476318e-01,1.670940518379211426e-01,1.549500674009323120e-01,1.520701050758361816e-01,1.516221910715103149e-01,1.544003933668136597e-01,1.646336317062377930e-01,2.041067928075790405e-01,2.600799202919006348e-01,3.770765066146850586e-01,5.836868882179260254e-01,5.925341844558715820e-01,5.836285948753356934e-01,5.836285948753356934e-01,5.925341844558715820e-01,6.140950322151184082e-01,6.546239852905273438e-01,4.965447783470153809e-01,3.488265872001647949e-01,2.738379836082458496e-01,2.390965223312377930e-01,2.157700359821319580e-01,2.106661051511764526e-01,2.212945222854614258e-01,2.361627072095870972e-01,2.640379369258880615e-01,3.207392394542694092e-01,4.876993894577026367e-01,1.000000000000000000e+00,9.454065561294555664e-01,5.183100700378417969e-01,7.989209890365600586e-01
1.000000000000000000e+00,1.000000000000000000e+00,1.000000000000000000e+00,1.000000000000000000e+00,1.000000000000000000e+00,1.000000000000000000e+00,1.000000000000000000e+00,1.000000000000000000e+00,1.000000000000000000e+00,1.000000000000000000e+00,1.000000000000000000e+00,1.000000000000000000e+00,1.000000000000000000e+00,1.000000000000000000e+00,1.000000000000000000e+00,1.000000000000000000e+00,1.000000000000000000e+00,1.000000000000000000e+00,1.000000000000000000e+00,1.000000000000000000e+00,1.000000000000000000e+00,1.000000000000000000e+00,1.000000000000000000e+00,1.000000000000000000e+00,1.000000000000000000e+00,1.000000000000000000e+00,1.000000000000000000e+00,1.000000000000000000e+00,1.000000000000000000e+00,1.000000000000000000e+00,1.000000000000000000e+00,1.000000000000000000e+00,1.000000000000000000e+00,1.000000000000000000e+00,1.000000000000000000e+00,1.000000000000000000e+00,1.000000000000000000e+00
2.785186469554901123e-01,2.763106226921081543e-01,2.510042786598205566e-01,2.396802455186843872e-01,2.210683077573776245e-01,2.060087919235229492e-01,1.999737471342086792e-01,1.966645270586013794e-01,1.973308026790618896e-01,2.011734843254089355e-01,1.966645270586013794e-01,2.037665992975234985e-01,2.024741917848587036e-01,2.198776155710220337e-01,2.384907603263854980e-01,2.693346142768859863e-01,3.225564956665039062e-01,4.463224411010742188e-01,7.214705944061279297e-01,9.016426205635070801e-01,9.349932670593261719e-01,1.000000000000000000e+00,5.869079828262329102e-01,2.831148207187652588e-01,2.425833791494369507e-01,2.231367081403732300e-01,2.182799428701400757e-01,2.181797027587890625e-01,2.070679664611816406e-01,2.075955271720886230e-01,2.153539359569549561e-01,2.541224658489227295e-01,3.225564956665039062e-01,3.243150711059570312e-01,3.115162253379821777e-01,8.620888590812683105e-01,5.730315446853637695e-01
7.684457302093505859e-01,1.000000000000000000e+00,9.436718821525573730e-01,8.725356459617614746e-01,7.738015055656433105e-01,5.369536280632019043e-01,3.603075742721557617e-01,2.987023591995239258e-01,2.654117345809936523e-01,2.510788738727569580e-01,2.428755760192871094e-01,2.487403005361557007e-01,2.648238837718963623e-01,2.874013781547546387e-01,3.378739655017852783e-01,4.114961326122283936e-01,5.117645263671875000e-01,6.025996208190917969e-01,6.093507409095764160e-01,6.167864203453063965e-01,6.393058300018310547e-01,6.790264248847961426e-01,7.522013783454895020e-01,8.341368436813354492e-01,4.539925754070281982e-01,3.341634869575500488e-01,3.089612126350402832e-01,2.787298560142517090e-01,2.804022431373596191e-01,2.770473659038543701e-01,2.934384644031524658e-01,3.019456863403320312e-01,3.198661506175994873e-01,3.492151498794555664e-01,5.748027563095092773e-01,7.994665503501892090e-01,7.778781652450561523e-01
0.000000000000000000e+00,0.000000000000000000e+00,0.000000000000000000e+00,0.000000000000000000e+00,0.000000000000000000e+00,0.000000000000000000e+00,0.000000000000000000e+00,0.000000000000000000e+00,0.000000000000000000e+00,0.000000000000000000e+00,0.000000000000000000e+00,0.000000000000000000e+00,0.000000000000000000e+00,0.000000000000000000e+00,0.000000000000000000e+00,0.000000000000000000e+00,0.000000000000000000e+00,0.000000000000000000e+00,0.000000000000000000e+00,0.000000000000000000e+00,0.000000000000000000e+00,0.000000000000000000e+00,0.000000000000000000e+00,0.000000000000000000e+00,0.000000000000000000e+00,0.000000000000000000e+00,0.000000000000000000e+00,0.000000000000000000e+00,0.000000000000000000e+00,0.000000000000000000e+00,0.000000000000000000e+00,0.000000000000000000e+00,0.000000000000000000e+00,0.000000000000000000e+00,0.000000000000000000e+00,1.000000000000000000e+00,1.000000000000000000e+00
4.418296217918395996e-01,1.000000000000000000e+00,9.506643414497375488e-01,8.478386402130126953e-01,5.727340579032897949e-01,3.764884769916534424e-01,3.151399493217468262e-01,2.606998980045318604e-01,2.280243635177612305e-01,2.038272023200988770e-01,1.999662816524505615e-01,2.090321332216262817e-01,2.260757982730865479e-01,2.388542741537094116e-01,2.718557119369506836e-01,3.111029863357543945e-01,4.030808806419372559e-01,5.078078508377075195e-01,5.129675865173339844e-01,5.196999907493591309e-01,5.378678441047668457e-01,5.747902989387512207e-01,6.361687779426574707e-01,7.532566785812377930e-01,4.383830130100250244e-01,3.007035255432128906e-01,2.466648519039154053e-01,2.141105830669403076e-01,2.032060921192169189e-01,2.037238180637359619e-01,2.111380547285079956e-01,2.169453054666519165e-01,2.699894011020660400e-01,3.039092719554901123e-01,3.704525232315063477e-01,7.183194160461425781e-01,7.403494715690612793e-01
2.622747123241424561e-01,2.542239427566528320e-01,2.293168306350708008e-01,2.094375789165496826e-01,1.934526711702346802e-01,1.816227287054061890e-01,1.718678027391433716e-01,1.626978367567062378e-01,1.564210504293441772e-01,1.531448513269424438e-01,1.540527492761611938e-01,1.551188826560974121e-01,1.551188826560974121e-01,1.710544824600219727e-01,1.900144070386886597e-01,2.208686470985412598e-01,2.760284245014190674e-01,4.303991198539733887e-01,6.804462671279907227e-01,9.016690850257873535e-01,9.363083839416503906e-01,1.000000000000000000e+00,3.320674002170562744e-01,1.691914945840835571e-01,1.463726311922073364e-01,1.449802368879318237e-01,1.531448513269424438e-01,1.618384420871734619e-01,1.703861504793167114e-01,1.805024594068527222e-01,1.887425035238265991e-01,2.014148682355880737e-01,2.230391204357147217e-01,2.564087212085723877e-01,2.864414155483245850e-01,6.825649142265319824e-01,4.381868243217468262e-01
9.501489400863647461e-01,8.951793313026428223e-01,6.679696440696716309e-01,5.621940493583679199e-01,4.019742012023925781e-01,3.205811679363250732e-01,2.719946503639221191e-01,2.473080307245254517e-01,2.349014133214950562e-01,2.338758856058120728e-01,2.465509027242660522e-01,2.812632620334625244e-01,3.307504653930664062e-01,2.797398269176483154e-01,2.619914114475250244e-01,2.499933242797851562e-01,2.429498434066772461e-01,2.338758856058120728e-01,2.338758856058120728e-01,2.356959581375122070e-01,2.410737574100494385e-01,2.552791833877563477e-01,2.797398269176483154e-01,3.410864174365997314e-01,3.497463762760162354e-01,2.695286571979522705e-01,2.339900583028793335e-01,2.180371433496475220e-01,2.130811065435409546e-01,2.193804234266281128e-01,2.326163351535797119e-01,2.499933242797851562e-01,2.811682820320129395e-01,3.397526443004608154e-01,1.000000000000000000e+00,1.000000000000000000e+00,1.000000000000000000e+00
2.054108977317810059e-01,2.029065936803817749e-01,1.839885413646697998e-01,1.804442852735519409e-01,1.804442852735519409e-01,1.920042037963867188e-01,1.920042037963867188e-01,2.003709971904754639e-01,1.986174732446670532e-01,1.980748027563095093e-01,2.014425098896026611e-01,2.167567312717437744e-01,2.464974522590637207e-01,4.106252491474151611e-01,4.743572473526000977e-01,6.021417379379272461e-01,1.000000000000000000e+00,9.913516640663146973e-01,9.840228557586669922e-01,4.253042340278625488e-01,2.823208868503570557e-01,2.217882573604583740e-01,1.920042037963867188e-01,1.834025979042053223e-01,1.772849559783935547e-01,1.772849559783935547e-01,1.942336410284042358e-01,2.205716371536254883e-01,2.319879680871963501e-01,2.403063923120498657e-01,2.650151550769805908e-01,2.822255492210388184e-01,2.645069658756256104e-01,2.388462275266647339e-01,2.128734588623046875e-01,8.310841321945190430e-01,6.474103927612304688e-01
6.469285488128662109e-01,4.305532574653625488e-01,2.572463750839233398e-01,2.304993122816085815e-01,2.180686146020889282e-01,2.104577869176864624e-01,2.064198404550552368e-01,2.015197426080703735e-01,1.948846131563186646e-01,1.791322827339172363e-01,1.791322827339172363e-01,1.791322827339172363e-01,1.794257014989852905e-01,1.959613263607025146e-01,2.195111960172653198e-01,2.981620132923126221e-01,4.903058111667633057e-01,8.928967714309692383e-01,9.031478166580200195e-01,9.073317646980285645e-01,9.374436736106872559e-01,1.000000000000000000e+00,9.245611429214477539e-01,5.478665828704833984e-01,4.083556532859802246e-01,3.460151255130767822e-01,3.384837806224822998e-01,3.398796021938323975e-01,3.567932546138763428e-01,4.186599552631378174e-01,6.239141225814819336e-01,8.084248900413513184e-01,8.971285223960876465e-01,7.911264896392822266e-01,7.104095816612243652e-01,5.815347433090209961e-01,8.181021809577941895e-01
5.714158415794372559e-01,5.628194808959960938e-01,5.317505002021789551e-01,5.107640624046325684e-01,4.817723929882049561e-01,4.585039913654327393e-01,4.418639540672302246e-01,4.276418089866638184e-01,4.265281558036804199e-01,4.189336001873016357e-01,4.234505295753479004e-01,4.276418089866638184e-01,4.535498917102813721e-01,5.020765662193298340e-01,5.902497768402099609e-01,1.000000000000000000e+00,9.558630585670471191e-01,9.562361836433410645e-01,9.562361836433410645e-01,9.684683680534362793e-01,9.899615049362182617e-01,9.971421957015991211e-01,7.863278985023498535e-01,5.737002491950988770e-01,4.900920689105987549e-01,4.386228621006011963e-01,4.328925609588623047e-01,4.482758641242980957e-01,5.023133158683776855e-01,5.739074945449829102e-01,6.546277403831481934e-01,4.827586114406585693e-01,4.295837581157684326e-01,4.295837581157684326e-01,6.176168918609619141e-01,1.000000000000000000e+00,8.455424904823303223e-01
8.803123235702514648e-01,8.487806916236877441e-01,1.000000000000000000e+00,9.524530172348022461e-01,8.449844121932983398e-01,7.284294962882995605e-01,5.619075894355773926e-01,4.648387134075164795e-01,4.422435760498046875e-01,4.515360295772552490e-01,4.255723953247070312e-01,2.893510758876800537e-01,2.223301082849502563e-01,1.967587321996688843e-01,1.830016821622848511e-01,1.751470565795898438e-01,1.736106425523757935e-01,1.636816859245300293e-01,1.636816859245300293e-01,1.636816859245300293e-01,1.636816859245300293e-01,1.685206145048141479e-01,1.811624318361282349e-01,2.060699760913848877e-01,1.977773308753967285e-01,1.866258382797241211e-01,1.851846873760223389e-01,1.851846873760223389e-01,1.908840090036392212e-01,2.070427834987640381e-01,2.297381907701492310e-01,2.548918724060058594e-01,2.858577668666839600e-01,3.374384343624114990e-01,8.354182243347167969e-01,5.425947904586791992e-01,1.000000000000000000e+00
1.000000000000000000e+00,8.934406042098999023e-01,7.606825232505798340e-01,5.136070847511291504e-01,3.308415710926055908e-01,2.877543270587921143e-01,2.750439941883087158e-01,2.750439941883087158e-01,2.913080155849456787e-01,2.897903323173522949e-01,2.931523025035858154e-01,3.010678291320800781e-01,2.870724499225616455e-01,2.870724499225616455e-01,3.130354285240173340e-01,3.809526860713958740e-01,3.990434408187866211e-01,3.959619700908660889e-01,3.959619700908660889e-01,3.990434408187866211e-01,4.106614589691162109e-01,4.342062175273895264e-01,4.695531427860260010e-01,4.870694577693939209e-01,3.498442173004150391e-01,3.028526902198791504e-01,2.870724499225616455e-01,2.815579175949096680e-01,2.886044085025787354e-01,2.971364259719848633e-01,3.222897052764892578e-01,3.524951338768005371e-01,4.384731352329254150e-01,6.886779665946960449e-01,8.658131957054138184e-01,1.000000000000000000e+00,1.000000000000000000e+00
3.545307219028472900e-01,3.248635530471801758e-01,2.971898317337036133e-01,2.664971947669982910e-01,2.441353648900985718e-01,2.310274988412857056e-01,2.249567359685897827e-01,2.247643917798995972e-01,2.249567359685897827e-01,2.249567359685897827e-01,2.262986302375793457e-01,2.332632988691329956e-01,2.476533502340316772e-01,2.828733026981353760e-01,3.353457152843475342e-01,6.632336378097534180e-01,7.759913802146911621e-01,9.494124650955200195e-01,9.494124650955200195e-01,9.633419513702392578e-01,1.000000000000000000e+00,4.722397625446319580e-01,3.091734647750854492e-01,2.605888843536376953e-01,2.579195499420166016e-01,2.625730931758880615e-01,2.920515537261962891e-01,2.189152240753173828e-01,2.530095577239990234e-01,3.334054052829742432e-01,4.079656600952148438e-01,3.036684691905975342e-01,2.352941185235977173e-01,2.352941185235977173e-01,2.481767386198043823e-01,8.622541427612304688e-01,7.849203944206237793e-01
1.000000000000000000e+00,9.226137995719909668e-01,6.772512197494506836e-01,4.340527355670928955e-01,3.447019159793853760e-01,2.953452467918395996e-01,2.643743157386779785e-01,2.492853403091430664e-01,2.469144612550735474e-01,2.529368102550506592e-01,2.711583673954010010e-01,1.942033916711807251e-01,1.499685645103454590e-01,1.291418671607971191e-01,1.191065087914466858e-01,1.142126619815826416e-01,1.119174584746360779e-01,1.117627695202827454e-01,1.117627695202827454e-01,1.119174584746360779e-01,1.142126619815826416e-01,1.191065087914466858e-01,1.291418671607971191e-01,1.499685645103454590e-01,1.942033916711807251e-01,2.539606988430023193e-01,2.294832020998001099e-01,2.169267088174819946e-01,2.141171693801879883e-01,2.189114391803741455e-01,2.291059494018554688e-01,2.471245676279067993e-01,2.868464589118957520e-01,3.422843515872955322e-01,4.535440802574157715e-01,1.000000000000000000e+00,1.000000000000000000e+00
6.272867321968078613e-01,5.485463142395019531e-01,3.446266949176788330e-01,2.690703868865966797e-01,2.544287741184234619e-01,2.409475147724151611e-01,2.369777560234069824e-01,2.286658585071563721e-01,2.179610580205917358e-01,2.107024788856506348e-01,2.070694118738174438e-01,2.065189331769943237e-01,2.177868932485580444e-01,2.340778559446334839e-01,3.140967190265655518e-01,4.564181566238403320e-01,9.552878737449645996e-01,9.505493640899658203e-01,9.501900076866149902e-01,9.638687968254089355e-01,1.000000000000000000e+00,9.293147921562194824e-01,4.318994581699371338e-01,3.049016594886779785e-01,2.573942542076110840e-01,2.306485474109649658e-01,2.264983654022216797e-01,2.271674871444702148e-01,2.369777560234069824e-01,2.614894211292266846e-01,3.024024069309234619e-01,4.164231121540069580e-01,7.480210661888122559e-01,7.711993455886840820e-01,6.917262673377990723e-01,6.472643017768859863e-01,7.121077179908752441e-01
1.520550847053527832e-01,1.441119015216827393e-01,1.329683214426040649e-01,1.301745474338531494e-01,1.301745474338531494e-01,1.335200518369674683e-01,1.335200518369674683e-01,1.414083540439605713e-01,1.427021473646163940e-01,1.460123658180236816e-01,1.534986793994903564e-01,1.655941754579544067e-01,1.867706924676895142e-01,2.402290105819702148e-01,4.055306017398834229e-01,4.785031378269195557e-01,1.000000000000000000e+00,9.894313812255859375e-01,9.894313812255859375e-01,3.514875173568725586e-01,2.142677754163742065e-01,1.748788505792617798e-01,1.501087099313735962e-01,1.395769119262695312e-01,1.305974274873733521e-01,1.305974274873733521e-01,1.355690807104110718e-01,1.641449928283691406e-01,1.974846422672271729e-01,2.086178660392761230e-01,2.145249396562576294e-01,2.196888476610183716e-01,2.051532417535781860e-01,1.784163266420364380e-01,1.577502191066741943e-01,5.960057973861694336e-01,5.298652648925781250e-01
3.787702918052673340e-01,4.296409785747528076e-01,4.420622587203979492e-01,4.291560351848602295e-01,4.143445491790771484e-01,3.830070793628692627e-01,3.623338043689727783e-01,3.323602080345153809e-01,3.169676661491394043e-01,3.076332509517669678e-01,3.044011592864990234e-01,3.062765300273895264e-01,3.123353421688079834e-01,3.247551321983337402e-01,3.537557721138000488e-01,4.019732773303985596e-01,4.877467751502990723e-01,7.594622373580932617e-01,8.063387870788574219e-01,8.169215321540832520e-01,8.454797863960266113e-01,9.035184979438781738e-01,1.000000000000000000e+00,6.103395223617553711e-01,4.290347397327423096e-01,3.442091643810272217e-01,3.163100779056549072e-01,3.169676661491394043e-01,3.452661931514739990e-01,3.569784760475158691e-01,3.607499897480010986e-01,3.714148402214050293e-01,3.619025349617004395e-01,3.563947081565856934e-01,3.563947081565856934e-01,1.000000000000000000e+00,8.070087432861328125e-01
7.039488554000854492e-01,8.523029685020446777e-01,9.043567180633544922e-01,1.000000000000000000e+00,9.330046176910400391e-01,7.835218310356140137e-01,5.505457520484924316e-01,4.174302816390991211e-01,3.681529164314270020e-01,3.585722744464874268e-01,3.647328913211822510e-01,3.741558194160461426e-01,3.202823102474212646e-01,2.726892828941345215e-01,2.505100667476654053e-01,2.383567988872528076e-01,2.320415824651718140e-01,2.312400639057159424e-01,2.312400639057159424e-01,2.320415824651718140e-01,2.362049818038940430e-01,2.505100667476654053e-01,2.726892828941345215e-01,3.202823102474212646e-01,4.168739318847656250e-01,2.645681202411651611e-01,2.312400639057159424e-01,2.197118550539016724e-01,2.165197432041168213e-01,2.284125685691833496e-01,2.529073357582092285e-01,2.874397635459899902e-01,3.107194900512695312e-01,3.507193922996520996e-01,4.044406414031982422e-01,7.564295530319213867e-01,1.000000000000000000e+00
4.568488001823425293e-01,7.707809209823608398e-01,1.000000000000000000e+00,7.470243573188781738e-01,4.434238374233245850e-01,3.514067828655242920e-01,2.980467677116394043e-01,2.677589654922485352e-01,2.482198327779769897e-01,2.343472242355346680e-01,7.610855251550674438e-02,5.065117403864860535e-02,4.004326835274696350e-02,3.691807016730308533e-02,3.609451651573181152e-02,3.581579029560089111e-02,3.581579029560089111e-02,3.581579029560089111e-02,3.581579029560089111e-02,3.581579029560089111e-02,3.581579029560089111e-02,3.609451651573181152e-02,3.691807016730308533e-02,4.004326835274696350e-02,5.065117403864860535e-02,7.610855251550674438e-02,2.417565733194351196e-01,2.335762083530426025e-01,2.245638519525527954e-01,2.273139059543609619e-01,2.374484837055206299e-01,2.498295754194259644e-01,2.763058245182037354e-01,3.114635348320007324e-01,3.680115938186645508e-01,1.000000000000000000e+00,1.000000000000000000e+00
1.000000000000000000e+00,9.554095864295959473e-01,8.915192484855651855e-01,6.004627346992492676e-01,5.259652733802795410e-01,3.759351074695587158e-01,2.794579267501831055e-01,2.366283088922500610e-01,2.247574627399444580e-01,2.168959826231002808e-01,2.208063453435897827e-01,2.378650605678558350e-01,2.699337005615234375e-01,3.118755817413330078e-01,3.958313763141632080e-01,5.519161820411682129e-01,7.243081331253051758e-01,7.138350009918212891e-01,7.138350009918212891e-01,7.243081331253051758e-01,7.518702149391174316e-01,8.006305694580078125e-01,8.792576789855957031e-01,5.220456719398498535e-01,3.502791523933410645e-01,2.715592682361602783e-01,2.308751642704010010e-01,2.103721499443054199e-01,2.032789140939712524e-01,2.038794308900833130e-01,2.131433635950088501e-01,2.238854616880416870e-01,2.567490935325622559e-01,3.052990138530731201e-01,3.990918397903442383e-01,5.954381227493286133e-01,7.060748934745788574e-01
1.466494053602218628e-01,1.387717276811599731e-01,1.372632980346679688e-01,1.307379603385925293e-01,1.232796981930732727e-01,1.227720305323600769e-01,1.214935630559921265e-01,1.224324107170104980e-01,1.235327571630477905e-01,1.194195523858070374e-01,1.169533953070640564e-01,1.186324506998062134e-01,1.278394758701324463e-01,1.516740471124649048e-01,2.012287080287933350e-01,3.194276392459869385e-01,3.574441671371459961e-01,6.964791417121887207e-01,9.458294510841369629e-01,9.619691371917724609e-01,1.000000000000000000e+00,2.215184718370437622e-01,1.452228128910064697e-01,1.241212114691734314e-01,1.204610168933868408e-01,1.204610168933868408e-01,1.245398297905921936e-01,1.280835121870040894e-01,1.298591792583465576e-01,1.369596123695373535e-01,1.581254005432128906e-01,1.916913390159606934e-01,1.847787648439407349e-01,1.763031333684921265e-01,1.690695583820343018e-01,5.140397548675537109e-01,3.934277296066284180e-01
4.577557444572448730e-01,3.891972899436950684e-01,2.081357091665267944e-01,1.412224024534225464e-01,1.173220649361610413e-01,1.134976223111152649e-01,1.110220700502395630e-01,1.084900498390197754e-01,1.084900498390197754e-01,1.086406260728836060e-01,1.068197041749954224e-01,1.104315295815467834e-01,1.157792136073112488e-01,1.173220649361610413e-01,1.223689988255500793e-01,1.329956054687500000e-01,1.627350747585296631e-01,2.369320392608642578e-01,8.871821165084838867e-01,9.016575217247009277e-01,9.366586804389953613e-01,1.000000000000000000e+00,7.921548485755920410e-01,4.027386009693145752e-01,2.864105403423309326e-01,2.400167882442474365e-01,2.172812521457672119e-01,2.122576087713241577e-01,2.169800996780395508e-01,2.206408977508544922e-01,2.508078813552856445e-01,3.682629466056823730e-01,4.602842926979064941e-01,5.297653079032897949e-01,4.944272041320800781e-01,3.647410273551940918e-01,5.604640245437622070e-01
4.479032158851623535e-01,4.339027702808380127e-01,4.013864994049072266e-01,3.728849887847900391e-01,3.628164827823638916e-01,3.435921370983123779e-01,3.307772278785705566e-01,3.229875862598419189e-01,3.193840384483337402e-01,3.239417672157287598e-01,3.193840384483337402e-01,3.229875862598419189e-01,3.279660344123840332e-01,3.518031239509582520e-01,3.928371071815490723e-01,4.390295147895812988e-01,5.306937098503112793e-01,8.851484060287475586e-01,8.947721719741821289e-01,9.067646861076354980e-01,9.389546513557434082e-01,1.000000000000000000e+00,8.192325234413146973e-01,5.143016576766967773e-01,3.670452535152435303e-01,3.289057910442352295e-01,3.267875909805297852e-01,3.611111044883728027e-01,3.222701251506805420e-01,3.390709757804870605e-01,4.074915647506713867e-01,3.963568806648254395e-01,4.006167948246002197e-01,4.362083971500396729e-01,4.434015452861785889e-01,1.000000000000000000e+00,8.256153464317321777e-01
6.823986768722534180e-01,9.316866397857666016e-01,1.000000000000000000e+00,9.344295263290405273e-01,8.559842705726623535e-01,7.348129153251647949e-01,4.963034391403198242e-01,3.886658847332000732e-01,3.702413439750671387e-01,3.798941969871520996e-01,3.988122045993804932e-01,4.028611779212951660e-01,3.322078287601470947e-01,2.855224907398223877e-01,2.615616321563720703e-01,2.520824670791625977e-01,2.468275576829910278e-01,2.458138912916183472e-01,2.458138912916183472e-01,2.460677027702331543e-01,2.520824670791625977e-01,2.615616321563720703e-01,2.855224907398223877e-01,3.322078287601470947e-01,3.800584673881530762e-01,2.718595564365386963e-01,2.357022613286972046e-01,2.303446978330612183e-01,2.303446978330612183e-01,2.399021834135055542e-01,2.608446776866912842e-01,2.861776053905487061e-01,3.008518815040588379e-01,3.257565796375274658e-01,3.878620266914367676e-01,7.955130934715270996e-01,1.000000000000000000e+00
0.000000000000000000e+00,0.000000000000000000e+00,0.000000000000000000e+00,0.000000000000000000e+00,0.000000000000000000e+00,0.000000000000000000e+00,0.000000000000000000e+00,0.000000000000000000e+00,0.000000000000000000e+00,0.000000000000000000e+00,0.000000000000000000e+00,0.000000000000000000e+00,0.000000000000000000e+00,0.000000000000000000e+00,0.000000000000000000e+00,0.000000000000000000e+00,0.000000000000000000e+00,0.000000000000000000e+00,0.000000000000000000e+00,0.000000000000000000e+00,0.000000000000000000e+00,0.000000000000000000e+00,0.000000000000000000e+00,0.000000000000000000e+00,0.000000000000000000e+00,0.000000000000000000e+00,0.000000000000000000e+00,0.000000000000000000e+00,0.000000000000000000e+00,0.000000000000000000e+00,0.000000000000000000e+00,0.000000000000000000e+00,0.000000000000000000e+00,0.000000000000000000e+00,0.000000000000000000e+00,1.000000000000000000e+00,1.000000000000000000e+00
4.541136622428894043e-01,8.414139747619628906e-01,1.000000000000000000e+00,9.004782438278198242e-01,5.586293339729309082e-01,4.661235511302947998e-01,3.756504058837890625e-01,2.622465193271636963e-01,2.201768457889556885e-01,2.066414654254913330e-01,2.098977565765380859e-01,2.188035994768142700e-01,2.340029031038284302e-01,2.507899701595306396e-01,2.968402504920959473e-01,3.909197449684143066e-01,4.899266660213470459e-01,5.745008587837219238e-01,5.742822289466857910e-01,5.826194286346435547e-01,6.029583215713500977e-01,6.434640884399414062e-01,7.144572138786315918e-01,8.425177931785583496e-01,4.628247618675231934e-01,3.129060268402099609e-01,2.481722533702850342e-01,2.183439284563064575e-01,2.030858099460601807e-01,2.005969136953353882e-01,2.107337713241577148e-01,2.169590592384338379e-01,2.443987131118774414e-01,2.779624760150909424e-01,3.322179019451141357e-01,6.326530575752258301e-01,7.475315928459167480e-01
1.965299397706985474e-01,1.956065446138381958e-01,1.771496981382369995e-01,1.584475040435791016e-01,1.534947901964187622e-01,1.424842029809951782e-01,1.376586705446243286e-01,1.336548179388046265e-01,1.322932690382003784e-01,1.326577067375183105e-01,1.322932690382003784e-01,1.349131911993026733e-01,1.358937472105026245e-01,1.494306176900863647e-01,1.662537604570388794e-01,1.825852096080780029e-01,3.301030397415161133e-01,3.901317417621612549e-01,5.901014208793640137e-01,9.000234603881835938e-01,9.353772401809692383e-01,1.000000000000000000e+00,2.680761516094207764e-01,1.513567715883255005e-01,1.341955661773681641e-01,1.275553554296493530e-01,1.278389096260070801e-01,1.330211609601974487e-01,1.318362951278686523e-01,1.285920292139053345e-01,1.285920292139053345e-01,1.289669275283813477e-01,1.365140676498413086e-01,1.633239537477493286e-01,1.946787536144256592e-01,5.559679865837097168e-01,4.626202583312988281e-01
5.638161897659301758e-01,5.347788929939270020e-01,4.742101132869720459e-01,4.017715156078338623e-01,2.380341738462448120e-01,1.451718211174011230e-01,1.246877089142799377e-01,1.157467588782310486e-01,1.130624115467071533e-01,1.177198588848114014e-01,1.191782504320144653e-01,1.414213627576828003e-01,1.512583196163177490e-01,1.577188670635223389e-01,1.685435026884078979e-01,1.801044642925262451e-01,2.000000029802322388e-01,2.383565008640289307e-01,4.089685678482055664e-01,8.129706382751464844e-01,8.424896597862243652e-01,9.006289243698120117e-01,1.000000000000000000e+00,5.680217742919921875e-01,3.269706368446350098e-01,2.540270686149597168e-01,2.169408649206161499e-01,2.119283527135848999e-01,2.140012681484222412e-01,2.148069739341735840e-01,2.238212823867797852e-01,2.342136800289154053e-01,2.882870137691497803e-01,4.114484488964080811e-01,4.533094465732574463e-01,3.877550959587097168e-01,6.127456426620483398e-01
6.451398134231567383e-01,1.000000000000000000e+00,9.462913274765014648e-01,8.733703494071960449e-01,7.778006792068481445e-01,5.321587324142456055e-01,3.655875027179718018e-01,3.030795156955718994e-01,2.878750562667846680e-01,2.724110484123229980e-01,2.634279727935791016e-01,2.684058845043182373e-01,2.812498509883880615e-01,3.042683303356170654e-01,2.928482890129089355e-01,2.780944705009460449e-01,2.700447738170623779e-01,2.687045931816101074e-01,2.687045931816101074e-01,2.700447738170623779e-01,2.780944705009460449e-01,2.928482890129089355e-01,3.229427337646484375e-01,3.737259507179260254e-01,4.994180202484130859e-01,3.478199839591979980e-01,2.867581546306610107e-01,2.672076225280761719e-01,2.611339390277862549e-01,2.688538432121276855e-01,2.789585888385772705e-01,2.993508279323577881e-01,3.166714310646057129e-01,3.512626886367797852e-01,3.847264349460601807e-01,1.000000000000000000e+00,1.000000000000000000e+00
3.714253008365631104e-01,3.353407084941864014e-01,3.143355846405029297e-01,2.936057448387145996e-01,2.697804868221282959e-01,2.510232627391815186e-01,2.399353682994842529e-01,2.399353682994842529e-01,2.424089908599853516e-01,2.371216863393783569e-01,2.325169444084167480e-01,2.317137718200683594e-01,2.419471144676208496e-01,2.504284083843231201e-01,2.802204191684722900e-01,3.209094107151031494e-01,3.689071238040924072e-01,5.741121768951416016e-01,7.862539887428283691e-01,8.148967027664184570e-01,8.438486456871032715e-01,8.998301029205322266e-01,1.000000000000000000e+00,4.127895534038543701e-01,2.858846783638000488e-01,2.681168615818023682e-01,2.711590230464935303e-01,2.704706192016601562e-01,2.245220243930816650e-01,3.450945317745208740e-01,3.541592657566070557e-01,3.817226290702819824e-01,4.210175573825836182e-01,4.234019517898559570e-01,3.980751633644104004e-01,8.849035501480102539e-01,7.776995301246643066e-01
7.003744244575500488e-01,1.000000000000000000e+00,7.393974661827087402e-01,4.968594908714294434e-01,3.935204744338989258e-01,3.274327516555786133e-01,2.809255719184875488e-01,2.635213732719421387e-01,2.562419772148132324e-01,2.546033561229705811e-01,1.345891654491424561e-01,9.038708359003067017e-02,7.063250243663787842e-02,6.232186779379844666e-02,5.901034176349639893e-02,5.786440148949623108e-02,5.786440148949623108e-02,5.786440148949623108e-02,5.786440148949623108e-02,5.786440148949623108e-02,5.786440148949623108e-02,5.901034176349639893e-02,6.232186779379844666e-02,7.063250243663787842e-02,9.038708359003067017e-02,1.345891654491424561e-01,2.603898048400878906e-01,2.417181134223937988e-01,2.380893379449844360e-01,2.408160418272018433e-01,2.536811232566833496e-01,2.684933245182037354e-01,3.002264797687530518e-01,3.421836793422698975e-01,4.176671504974365234e-01,1.000000000000000000e+00,1.000000000000000000e+00
1.879041343927383423e-01,1.747048199176788330e-01,1.664245724678039551e-01,1.664245724678039551e-01,1.604231297969818115e-01,1.594419479370117188e-01,1.514931619167327881e-01,1.514931619167327881e-01,1.549497246742248535e-01,1.628502458333969116e-01,1.610333472490310669e-01,1.680665612220764160e-01,1.842142194509506226e-01,2.304753065109252930e-01,3.791857957839965820e-01,4.384877085685729980e-01,7.596121430397033691e-01,9.846407771110534668e-01,9.846407771110534668e-01,1.000000000000000000e+00,2.550394535064697266e-01,1.842142194509506226e-01,1.594419479370117188e-01,1.555813997983932495e-01,1.565867811441421509e-01,1.584546864032745361e-01,1.577101796865463257e-01,1.596878021955490112e-01,1.644086539745330811e-01,1.794678568840026855e-01,1.862263828516006470e-01,1.820721179246902466e-01,1.820721179246902466e-01,1.884253621101379395e-01,1.880085021257400513e-01,5.957470536231994629e-01,5.265635251998901367e-01
7.309737801551818848e-01,6.693133115768432617e-01,5.465404391288757324e-01,3.348640799522399902e-01,2.977310121059417725e-01,2.835320830345153809e-01,2.644146084785461426e-01,2.423334419727325439e-01,2.139860242605209351e-01,1.977975666522979736e-01,1.918918341398239136e-01,1.912704855203628540e-01,2.050857245922088623e-01,2.393680065870285034e-01,3.211953043937683105e-01,4.947947561740875244e-01,9.034406542778015137e-01,8.915478587150573730e-01,8.915478587150573730e-01,9.051519632339477539e-01,9.380882382392883301e-01,1.000000000000000000e+00,6.763899326324462891e-01,3.937855362892150879e-01,2.831119298934936523e-01,2.255415171384811401e-01,2.138005048036575317e-01,2.139860242605209351e-01,2.227088660001754761e-01,2.353559583425521851e-01,2.715221941471099854e-01,3.297294676303863525e-01,6.175102591514587402e-01,7.493615746498107910e-01,7.762035131454467773e-01,5.370902419090270996e-01,7.112658619880676270e-01
9.568367004394531250e-01,8.402942419052124023e-01,7.086225748062133789e-01,4.225408434867858887e-01,3.439233303070068359e-01,3.335335552692413330e-01,3.306905329227447510e-01,3.348178565502166748e-01,3.401589989662170410e-01,3.286074101924896240e-01,3.236062824726104736e-01,3.198712170124053955e-01,3.198712170124053955e-01,3.335335552692413330e-01,3.853541910648345947e-01,4.630557298660278320e-01,4.615703821182250977e-01,4.585852622985839844e-01,4.585852622985839844e-01,4.615703821182250977e-01,4.735039770603179932e-01,5.042310357093811035e-01,5.560436844825744629e-01,6.263183355331420898e-01,4.337677955627441406e-01,3.597805798053741455e-01,3.406633138656616211e-01,3.286074101924896240e-01,3.439233303070068359e-01,3.754253685474395752e-01,4.363327324390411377e-01,7.889798879623413086e-01,9.756696820259094238e-01,9.654103517532348633e-01,1.000000000000000000e+00,1.000000000000000000e+00,1.000000000000000000e+00
2.440049648284912109e-01,2.284137606620788574e-01,2.284137606620788574e-01,2.313508242368698120e-01,2.429966777563095093e-01,2.429966777563095093e-01,2.460091412067413330e-01,2.528987228870391846e-01,2.633613348007202148e-01,2.880720794200897217e-01,3.042380213737487793e-01,3.220743536949157715e-01,3.567937016487121582e-01,4.076966345310211182e-01,7.258679866790771484e-01,8.353237509727478027e-01,1.000000000000000000e+00,9.866529107093811035e-01,9.866529107093811035e-01,1.000000000000000000e+00,4.263883531093597412e-01,3.258635997772216797e-01,3.137725889682769775e-01,3.064492046833038330e-01,3.024168014526367188e-01,2.933504879474639893e-01,2.548329830169677734e-01,2.550737261772155762e-01,3.258635997772216797e-01,2.350358217954635620e-01,2.350358217954635620e-01,2.355575412511825562e-01,2.489851713180541992e-01,2.569915950298309326e-01,2.548329830169677734e-01,8.368134498596191406e-01,8.125028610229492188e-01
1.000000000000000000e+00,9.291607737541198730e-01,6.703965663909912109e-01,5.857201218605041504e-01,3.304069638252258301e-01,2.767639160156250000e-01,2.413726150989532471e-01,2.251695245504379272e-01,2.163411229848861694e-01,2.173624187707901001e-01,1.655382812023162842e-01,1.043848916888237000e-01,8.151090890169143677e-02,7.290557026863098145e-02,6.721561402082443237e-02,6.543475389480590820e-02,6.520872563123703003e-02,6.520872563123703003e-02,6.520872563123703003e-02,6.520872563123703003e-02,6.543475389480590820e-02,6.721561402082443237e-02,7.290557026863098145e-02,8.151090890169143677e-02,1.043848916888237000e-01,1.655382812023162842e-01,2.173624187707901001e-01,2.082741409540176392e-01,2.065657824277877808e-01,2.096871435642242432e-01,2.190539836883544922e-01,2.369275242090225220e-01,2.624713182449340820e-01,2.990214824676513672e-01,3.645278513431549072e-01,1.000000000000000000e+00,1.000000000000000000e+00
6.460194587707519531e-01,5.462622046470642090e-01,3.662517368793487549e-01,2.705421447753906250e-01,2.266625016927719116e-01,2.195652127265930176e-01,2.164987325668334961e-01,2.216388881206512451e-01,2.258849292993545532e-01,2.206842303276062012e-01,2.150309234857559204e-01,2.097288817167282104e-01,2.097288817167282104e-01,2.195652127265930176e-01,2.467324584722518921e-01,3.228462636470794678e-01,5.636363625526428223e-01,8.982666134834289551e-01,8.982666134834289551e-01,9.116815924644470215e-01,9.444415569305419922e-01,1.000000000000000000e+00,4.695679545402526855e-01,3.120946288108825684e-01,2.589790821075439453e-01,2.303583323955535889e-01,2.265072017908096313e-01,2.258849292993545532e-01,2.282097041606903076e-01,2.518144547939300537e-01,2.912136614322662354e-01,4.194577634334564209e-01,7.182410359382629395e-01,7.401974201202392578e-01,7.170642614364624023e-01,6.644495129585266113e-01,7.045065164566040039e-01
1.654505580663681030e-01,1.625099927186965942e-01,1.447652280330657959e-01,1.390141248703002930e-01,1.390141248703002930e-01,1.380770802497863770e-01,1.380770802497863770e-01,1.406059414148330688e-01,1.406059414148330688e-01,1.466743052005767822e-01,1.541945636272430420e-01,1.663448959589004517e-01,1.876174211502075195e-01,2.327107638120651245e-01,4.313820898532867432e-01,4.806724488735198975e-01,6.765464544296264648e-01,1.000000000000000000e+00,1.000000000000000000e+00,4.150810539722442627e-01,2.343783974647521973e-01,1.791216582059860229e-01,1.680089384317398071e-01,1.486836373805999756e-01,1.391474604606628418e-01,1.361836791038513184e-01,1.361836791038513184e-01,1.523797363042831421e-01,1.983799338340759277e-01,2.028176933526992798e-01,1.896819174289703369e-01,1.876174211502075195e-01,1.964068859815597534e-01,2.054523825645446777e-01,1.828110516071319580e-01,5.945074558258056641e-01,5.173830986022949219e-01
1.000000000000000000e+00,9.557912945747375488e-01,7.231069803237915039e-01,4.840781092643737793e-01,3.704617023468017578e-01,3.186813294887542725e-01,2.789780795574188232e-01,2.624165713787078857e-01,2.542359530925750732e-01,2.527472674846649170e-01,1.105747893452644348e-01,7.392100989818572998e-02,5.943216383457183838e-02,5.212545767426490784e-02,4.975486174225807190e-02,4.945055022835731506e-02,4.945055022835731506e-02,4.945055022835731506e-02,4.945055022835731506e-02,4.945055022835731506e-02,4.945055022835731506e-02,4.975486174225807190e-02,5.212545767426490784e-02,5.943216383457183838e-02,7.392100989818572998e-02,1.105747893452644348e-01,2.472527474164962769e-01,2.360080331563949585e-01,2.285344451665878296e-01,2.301141917705535889e-01,2.410078197717666626e-01,2.549474239349365234e-01,2.850795984268188477e-01,3.353449404239654541e-01,4.128198623657226562e-01,1.000000000000000000e+00,1.000000000000000000e+00
5.251160860061645508e-01,4.634664058685302734e-01,3.371381163597106934e-01,2.317975312471389771e-01,2.027010619640350342e-01,1.968806833028793335e-01,1.968806833028793335e-01,2.040206491947174072e-01,2.013728320598602295e-01,1.955129057168960571e-01,1.880501806735992432e-01,1.899433583021163940e-01,1.930573880672454834e-01,2.074985206127166748e-01,2.613058686256408691e-01,3.630300462245941162e-01,8.578354716300964355e-01,8.966180682182312012e-01,8.966180682182312012e-01,9.103469848632812500e-01,9.450588226318359375e-01,1.000000000000000000e+00,4.213430583477020264e-01,2.872860133647918701e-01,2.281673699617385864e-01,2.120469808578491211e-01,2.085019797086715698e-01,2.090732157230377197e-01,2.174618095159530640e-01,2.423620074987411499e-01,2.789662480354309082e-01,5.251728892326354980e-01,6.182178854942321777e-01,5.956187844276428223e-01,5.586268305778503418e-01,5.884662270545959473e-01,6.711471080780029297e-01
1.344868242740631104e-01,1.344868242740631104e-01,1.335940659046173096e-01,1.283735185861587524e-01,1.251366883516311646e-01,1.251366883516311646e-01,1.365054994821548462e-01,1.544826179742813110e-01,1.687619090080261230e-01,1.755150258541107178e-01,1.915366053581237793e-01,2.066489160060882568e-01,2.338901311159133911e-01,3.856085240840911865e-01,4.402558505535125732e-01,5.667915940284729004e-01,1.000000000000000000e+00,9.837471842765808105e-01,9.834517240524291992e-01,1.960356533527374268e-01,1.490762978792190552e-01,1.346138864755630493e-01,1.323082447052001953e-01,1.251366883516311646e-01,1.251366883516311646e-01,1.282402724027633667e-01,1.346138864755630493e-01,1.356260329484939575e-01,1.405775099992752075e-01,1.414261907339096069e-01,1.530372649431228638e-01,1.490762978792190552e-01,1.405775099992752075e-01,1.356260329484939575e-01,1.344868242740631104e-01,5.144256949424743652e-01,4.967975914478302002e-01
3.065391182899475098e-01,3.805253505706787109e-01,1.000000000000000000e+00,8.658116459846496582e-01,6.189351081848144531e-01,3.999474942684173584e-01,3.080286681652069092e-01,2.363075464963912964e-01,2.034277170896530151e-01,1.919883787631988525e-01,1.888778954744338989e-01,1.810166388750076294e-01,1.930373013019561768e-01,2.206339836120605469e-01,2.376142144203186035e-01,2.544665634632110596e-01,2.252832353115081787e-01,2.075549960136413574e-01,1.937334388494491577e-01,1.824979782104492188e-01,1.792228668928146362e-01,1.812396049499511719e-01,1.914265900850296021e-01,2.165073156356811523e-01,2.662555277347564697e-01,3.423084616661071777e-01,2.594437599182128906e-01,2.178091704845428467e-01,1.972455084323883057e-01,1.913562566041946411e-01,1.907926052808761597e-01,1.993500590324401855e-01,2.112197130918502808e-01,2.314145117998123169e-01,2.594956159591674805e-01,1.000000000000000000e+00,1.000000000000000000e+00
2.817011475563049316e-01,2.146761268377304077e-01,1.491043418645858765e-01,1.377050280570983887e-01,1.377050280570983887e-01,2.532450854778289795e-01,2.397153526544570923e-01,2.215710133314132690e-01,2.005015611648559570e-01,1.706960201263427734e-01,1.557954549789428711e-01,1.432899236679077148e-01,1.414527893066406250e-01,1.377050280570983887e-01,1.377050280570983887e-01,1.418221294879913330e-01,1.700050979852676392e-01,1.967486143112182617e-01,2.864429056644439697e-01,7.382945418357849121e-01,8.996696472167968750e-01,9.127587080001831055e-01,1.000000000000000000e+00,2.659894824028015137e-01,2.218659371137619019e-01,1.725249588489532471e-01,1.431986242532730103e-01,1.391222774982452393e-01,1.391222774982452393e-01,1.465387195348739624e-01,1.630952358245849609e-01,1.964825540781021118e-01,2.767837047576904297e-01,3.411621153354644775e-01,3.028215467929840088e-01,7.631579041481018066e-01,6.901081800460815430e-01
4.826893806457519531e-01,1.000000000000000000e+00,9.174092411994934082e-01,7.655004858970642090e-01,9.116560816764831543e-01,4.205809235572814941e-01,2.880221307277679443e-01,2.262616157531738281e-01,2.010302692651748657e-01,2.008696347475051880e-01,2.034245282411575317e-01,2.089044302701950073e-01,2.363101392984390259e-01,2.670886516571044922e-01,2.896983027458190918e-01,3.344826400279998779e-01,3.840762078762054443e-01,4.933384656906127930e-01,7.717159390449523926e-01,8.828763365745544434e-01,8.549404740333557129e-01,8.588580489158630371e-01,9.304406642913818359e-01,9.186750650405883789e-01,4.311918318271636963e-01,2.963082492351531982e-01,2.411774396896362305e-01,2.085951715707778931e-01,2.013511508703231812e-01,1.961541175842285156e-01,1.995799392461776733e-01,2.222311943769454956e-01,2.481695413589477539e-01,2.924706041812896729e-01,4.002903997898101807e-01,6.842105388641357422e-01,8.237340450286865234e-01
3.496235311031341553e-01,5.390435457229614258e-01,1.000000000000000000e+00,8.980827927589416504e-01,4.719558060169219971e-01,3.475254774093627930e-01,2.816344797611236572e-01,2.310112714767456055e-01,2.142095863819122314e-01,1.966113597154617310e-01,1.944742053747177124e-01,2.053446173667907715e-01,2.262589484453201294e-01,2.561459839344024658e-01,2.994695007801055908e-01,2.681810855865478516e-01,2.277317643165588379e-01,2.134277969598770142e-01,2.020621746778488159e-01,1.901278644800186157e-01,1.901278644800186157e-01,1.966113597154617310e-01,2.062583863735198975e-01,2.423125356435775757e-01,3.173556625843048096e-01,2.916934192180633545e-01,2.391880303621292114e-01,2.086755633354187012e-01,1.995649039745330811e-01,1.973538845777511597e-01,2.013369947671890259e-01,2.160549908876419067e-01,2.342448681592941284e-01,2.617939710617065430e-01,2.966654002666473389e-01,1.000000000000000000e+00,1.000000000000000000e+00
2.298627048730850220e-01,1.600773036479949951e-01,1.554780751466751099e-01,1.554780751466751099e-01,2.976924479007720947e-01,2.763608992099761963e-01,2.598680555820465088e-01,2.406583875417709351e-01,2.298627048730850220e-01,2.048219144344329834e-01,1.901230216026306152e-01,1.793199777603149414e-01,1.667384654283523560e-01,1.667384654283523560e-01,1.720925718545913696e-01,1.777959764003753662e-01,1.916673183441162109e-01,2.181188911199569702e-01,2.761146128177642822e-01,1.000000000000000000e+00,9.655736684799194336e-01,9.999773502349853516e-01,6.311777830123901367e-01,3.313621878623962402e-01,2.290721237659454346e-01,1.783054322004318237e-01,1.684972047805786133e-01,1.684972047805786133e-01,1.726188510656356812e-01,1.777959764003753662e-01,1.857795417308807373e-01,2.009095400571823120e-01,2.171811908483505249e-01,2.577652335166931152e-01,3.024534285068511963e-01,7.843537330627441406e-01,7.834502458572387695e-01
4.128664731979370117e-01,7.310292124748229980e-01,8.239533305168151855e-01,7.294587492942810059e-01,8.874765634536743164e-01,7.653625607490539551e-01,3.088896870613098145e-01,2.302770614624023438e-01,2.109393626451492310e-01,2.107217758893966675e-01,2.120238840579986572e-01,2.188376337289810181e-01,2.318651974201202393e-01,2.506871223449707031e-01,2.975434660911560059e-01,3.686076104640960693e-01,4.578569829463958740e-01,6.367924213409423828e-01,9.330821037292480469e-01,8.874248862266540527e-01,8.633729219436645508e-01,8.995411396026611328e-01,1.000000000000000000e+00,5.116083621978759766e-01,3.258017599582672119e-01,2.425022423267364502e-01,2.107217758893966675e-01,2.000000029802322388e-01,1.927588284015655518e-01,1.927588284015655518e-01,2.109393626451492310e-01,2.306751161813735962e-01,2.661309540271759033e-01,3.060550987720489502e-01,3.345543444156646729e-01,6.869274377822875977e-01,8.623306751251220703e-01
4.597210288047790527e-01,8.935969471931457520e-01,9.452398419380187988e-01,1.000000000000000000e+00,4.411030709743499756e-01,3.620942533016204834e-01,3.008100986480712891e-01,2.547080516815185547e-01,2.263206392526626587e-01,2.194569855928421021e-01,2.191986441612243652e-01,2.224062979221343994e-01,2.423981577157974243e-01,2.876182198524475098e-01,3.233241438865661621e-01,2.720266878604888916e-01,2.427485287189483643e-01,2.333466857671737671e-01,2.203587740659713745e-01,2.047650367021560669e-01,2.026790976524353027e-01,2.026790976524353027e-01,2.130375802516937256e-01,2.395767569541931152e-01,3.423893153667449951e-01,2.923079431056976318e-01,2.409915924072265625e-01,2.119710445404052734e-01,2.091455310583114624e-01,2.066929340362548828e-01,2.182920575141906738e-01,2.245613187551498413e-01,2.493120431900024414e-01,2.977810800075531006e-01,3.528214395046234131e-01,1.000000000000000000e+00,1.000000000000000000e+00
1.882940381765365601e-01,1.833281666040420532e-01,1.833281666040420532e-01,1.869527995586395264e-01,2.604487836360931396e-01,2.490334808826446533e-01,2.408137768507003784e-01,2.319420427083969116e-01,2.248413413763046265e-01,2.173803597688674927e-01,2.042496651411056519e-01,1.929874569177627563e-01,1.851493567228317261e-01,1.903616487979888916e-01,1.991200894117355347e-01,2.073743939399719238e-01,2.270687669515609741e-01,2.569904029369354248e-01,6.435087919235229492e-01,9.741657972335815430e-01,9.557951092720031738e-01,1.000000000000000000e+00,5.037050843238830566e-01,3.410543799400329590e-01,2.376581132411956787e-01,2.053419202566146851e-01,1.944309026002883911e-01,1.875500828027725220e-01,1.891829222440719604e-01,2.041127234697341919e-01,2.274378985166549683e-01,2.394163906574249268e-01,2.643911838531494141e-01,2.815983295440673828e-01,2.394163906574249268e-01,8.759468197822570801e-01,8.137584924697875977e-01
5.611035227775573730e-01,8.720979690551757812e-01,7.988229990005493164e-01,7.933681607246398926e-01,8.745841383934020996e-01,7.844231128692626953e-01,4.878499507904052734e-01,2.987711131572723389e-01,2.528486549854278564e-01,2.418764531612396240e-01,2.455883324146270752e-01,2.610639929771423340e-01,2.924461066722869873e-01,3.495646119117736816e-01,4.203795194625854492e-01,5.119795203208923340e-01,6.792637705802917480e-01,1.000000000000000000e+00,9.267503023147583008e-01,9.030840992927551270e-01,8.858218193054199219e-01,9.185135364532470703e-01,7.945836186408996582e-01,3.844065368175506592e-01,2.855591475963592529e-01,2.221183180809020996e-01,2.086778432130813599e-01,2.025173306465148926e-01,2.016218900680541992e-01,2.016218900680541992e-01,2.109773904085159302e-01,2.490028291940689087e-01,2.712611854076385498e-01,3.059522211551666260e-01,3.597680628299713135e-01,5.758249759674072266e-01,8.744536638259887695e-01
5.702354311943054199e-01,1.000000000000000000e+00,9.701467752456665039e-01,8.730878829956054688e-01,3.887273073196411133e-01,3.262990713119506836e-01,2.701716125011444092e-01,2.359172254800796509e-01,2.268166989088058472e-01,2.261969894170761108e-01,2.300428450107574463e-01,2.475313246250152588e-01,2.814945578575134277e-01,3.319501578807830811e-01,3.113292157649993896e-01,2.682161927223205566e-01,2.442488372325897217e-01,2.345746457576751709e-01,2.268166989088058472e-01,2.174968570470809937e-01,2.135894149541854858e-01,2.135894149541854858e-01,2.184628099203109741e-01,2.490859180688858032e-01,3.522606790065765381e-01,2.645273804664611816e-01,2.263520807027816772e-01,2.153891324996948242e-01,2.119400501251220703e-01,2.162022292613983154e-01,2.254199385643005371e-01,2.446794807910919189e-01,2.774766087532043457e-01,3.206578493118286133e-01,4.781145155429840088e-01,1.000000000000000000e+00,1.000000000000000000e+00
2.448102831840515137e-01,2.434464246034622192e-01,2.400028854608535767e-01,2.197239547967910767e-01,2.026987075805664062e-01,1.961879432201385498e-01,1.903302669525146484e-01,1.903302669525146484e-01,1.961879432201385498e-01,2.121689170598983765e-01,2.046603560447692871e-01,1.925910115242004395e-01,1.905051171779632568e-01,1.905051171779632568e-01,1.946545392274856567e-01,2.007178962230682373e-01,2.219853252172470093e-01,2.642993927001953125e-01,9.575806856155395508e-01,9.223714470863342285e-01,9.109296798706054688e-01,1.000000000000000000e+00,4.337281882762908936e-01,3.492779433727264404e-01,2.228834480047225952e-01,1.985497176647186279e-01,1.883961409330368042e-01,1.860844492912292480e-01,1.833809018135070801e-01,1.934534907341003418e-01,2.141992896795272827e-01,2.549372613430023193e-01,2.996079623699188232e-01,2.992743849754333496e-01,2.531022131443023682e-01,8.881294131278991699e-01,8.338181972503662109e-01
1.000000000000000000e+00,9.025222063064575195e-01,8.327422738075256348e-01,4.630882441997528076e-01,3.749717772006988525e-01,3.350284695625305176e-01,3.000305294990539551e-01,2.513407170772552490e-01,2.416452318429946899e-01,2.409849911928176880e-01,2.450822740793228149e-01,2.637141048908233643e-01,3.248883783817291260e-01,3.854478597640991211e-01,3.000305294990539551e-01,2.662693858146667480e-01,2.513407170772552490e-01,2.322311997413635254e-01,2.322311997413635254e-01,2.327451705932617188e-01,2.342803478240966797e-01,2.403229475021362305e-01,2.526053190231323242e-01,3.093127012252807617e-01,3.353849649429321289e-01,2.643175721168518066e-01,2.322311997413635254e-01,2.231342494487762451e-01,2.204403877258300781e-01,2.327451705932617188e-01,2.401571422815322876e-01,2.662693858146667480e-01,3.077635467052459717e-01,4.178751111030578613e-01,6.765642762184143066e-01,1.000000000000000000e+00,1.000000000000000000e+00
2.774631083011627197e-01,2.613252997398376465e-01,2.474395632743835449e-01,2.350502461194992065e-01,2.350502461194992065e-01,2.288019508123397827e-01,2.291974574327468872e-01,2.426344603300094604e-01,2.381129264831542969e-01,2.128044962882995605e-01,1.915240436792373657e-01,1.877027302980422974e-01,1.903381198644638062e-01,2.018840759992599487e-01,2.246070504188537598e-01,3.064680397510528564e-01,6.486175060272216797e-01,1.000000000000000000e+00,9.547311663627624512e-01,9.482583403587341309e-01,9.811187386512756348e-01,4.832114875316619873e-01,3.636404871940612793e-01,3.197737038135528564e-01,2.811919748783111572e-01,2.613252997398376465e-01,2.007593661546707153e-01,1.924675256013870239e-01,1.927026659250259399e-01,2.043366432189941406e-01,2.229882478713989258e-01,2.498074620962142944e-01,3.494143486022949219e-01,3.882151246070861816e-01,3.142020702362060547e-01,8.094298243522644043e-01,8.269765973091125488e-01
1.000000000000000000e+00,8.898918628692626953e-01,8.264738917350769043e-01,4.892803728580474854e-01,4.168526232242584229e-01,3.672933578491210938e-01,3.041143715381622314e-01,2.655564546585083008e-01,2.553125917911529541e-01,2.546150386333465576e-01,2.682220935821533203e-01,2.996959984302520752e-01,3.432639539241790771e-01,3.870973587036132812e-01,3.170001804828643799e-01,2.721715867519378662e-01,2.561818957328796387e-01,2.546150386333465576e-01,2.459091693162918091e-01,2.448218762874603271e-01,2.404235154390335083e-01,2.404235154390335083e-01,2.409777045249938965e-01,3.268073201179504395e-01,3.332740366458892822e-01,2.682220935821533203e-01,2.453661262989044189e-01,2.357546538114547729e-01,2.357546538114547729e-01,2.409777045249938965e-01,2.608260512351989746e-01,2.946084439754486084e-01,3.462304174900054932e-01,6.262382268905639648e-01,8.325310945510864258e-01,1.000000000000000000e+00,1.000000000000000000e+00
2.603240311145782471e-01,2.277772128582000732e-01,2.101641297340393066e-01,1.940340697765350342e-01,1.940340697765350342e-01,1.975515931844711304e-01,1.975515931844711304e-01,2.021464258432388306e-01,2.110361903905868530e-01,1.954486668109893799e-01,1.887564957141876221e-01,1.887564957141876221e-01,1.940340697765350342e-01,2.168308347463607788e-01,2.606765329837799072e-01,5.322475433349609375e-01,8.878322243690490723e-01,9.877579212188720703e-01,9.525954127311706543e-01,9.303079843521118164e-01,1.000000000000000000e+00,4.226159155368804932e-01,3.526106178760528564e-01,3.337463140487670898e-01,3.045416772365570068e-01,2.032789140939712524e-01,2.032789140939712524e-01,2.397580593824386597e-01,2.485956847667694092e-01,2.443108409643173218e-01,2.443108409643173218e-01,2.650432586669921875e-01,3.304281234741210938e-01,3.514367640018463135e-01,2.876394391059875488e-01,8.182031512260437012e-01,8.208030462265014648e-01
1.000000000000000000e+00,9.426038265228271484e-01,4.693600535392761230e-01,3.294271230697631836e-01,2.548255324363708496e-01,2.063939273357391357e-01,1.806801259517669678e-01,1.691699177026748657e-01,1.646558940410614014e-01,1.636917442083358765e-01,1.752365976572036743e-01,1.989270895719528198e-01,2.038318514823913574e-01,1.687952429056167603e-01,1.560886949300765991e-01,1.476248204708099365e-01,1.434483677148818970e-01,1.423406451940536499e-01,1.423406451940536499e-01,1.434483677148818970e-01,1.476248204708099365e-01,1.528505831956863403e-01,1.687952429056167603e-01,2.038318514823913574e-01,1.957507282495498657e-01,1.752365976572036743e-01,1.636917442083358765e-01,1.598165929317474365e-01,1.612365096807479858e-01,1.697676926851272583e-01,1.862025558948516846e-01,2.064246088266372681e-01,2.419005781412124634e-01,2.993386685848236084e-01,3.896209597587585449e-01,1.000000000000000000e+00,1.000000000000000000e+00
1.978355795145034790e-01,1.983982175588607788e-01,1.747627258300781250e-01,1.602909415960311890e-01,1.434074491262435913e-01,1.399157792329788208e-01,1.305927932262420654e-01,1.263081133365631104e-01,1.203774660825729370e-01,1.199716627597808838e-01,1.186285465955734253e-01,1.218728944659233093e-01,1.247541829943656921e-01,1.320780664682388306e-01,1.480447053909301758e-01,1.838164627552032471e-01,2.887997925281524658e-01,9.833077788352966309e-01,9.870344996452331543e-01,1.000000000000000000e+00,3.299418687820434570e-01,2.413618415594100952e-01,1.903334856033325195e-01,1.597685366868972778e-01,1.402638852596282959e-01,1.295752525329589844e-01,1.269133836030960083e-01,1.267486065626144409e-01,1.298438012599945068e-01,1.428720653057098389e-01,1.637310534715652466e-01,2.053010761737823486e-01,2.637602388858795166e-01,2.028430998325347900e-01,1.949980556964874268e-01,7.234042286872863770e-01,2.073060721158981323e-01
1.000000000000000000e+00,9.573063254356384277e-01,5.304901599884033203e-01,3.438339233398437500e-01,2.688172161579132080e-01,2.243295311927795410e-01,1.927252560853958130e-01,1.768482178449630737e-01,1.727974116802215576e-01,1.720430105924606323e-01,1.761111766099929810e-01,1.900064200162887573e-01,2.225832492113113403e-01,2.665495872497558594e-01,3.476379215717315674e-01,5.500974655151367188e-01,7.054492831230163574e-01,6.996687650680541992e-01,6.996687650680541992e-01,7.074950337409973145e-01,7.310642004013061523e-01,5.975244641304016113e-01,3.889590799808502197e-01,2.720770239830017090e-01,2.140433192253112793e-01,1.866296231746673584e-01,1.720430105924606323e-01,1.644845008850097656e-01,1.632497459650039673e-01,1.715382337570190430e-01,1.863196045160293579e-01,2.065524011850357056e-01,2.621760368347167969e-01,4.131397604942321777e-01,7.893161773681640625e-01,6.993111371994018555e-01,6.797930002212524414e-01
6.045973300933837891e-01,6.121288537979125977e-01,5.178687572479248047e-01,4.438863396644592285e-01,2.589711248874664307e-01,1.820078939199447632e-01,1.512332707643508911e-01,1.370568722486495972e-01,1.313830763101577759e-01,1.309960782527923584e-01,1.333963572978973389e-01,1.488648205995559692e-01,1.692902445793151855e-01,1.996341347694396973e-01,2.627661526203155518e-01,3.817497193813323975e-01,6.880569458007812500e-01,9.849994182586669922e-01,9.887933731079101562e-01,1.000000000000000000e+00,7.719310522079467773e-01,2.851879894733428955e-01,1.925135850906372070e-01,1.622461229562759399e-01,1.442752629518508911e-01,1.383472830057144165e-01,1.360343992710113525e-01,1.364070922136306763e-01,1.418801248073577881e-01,1.581259220838546753e-01,1.820078939199447632e-01,2.227138578891754150e-01,2.952037453651428223e-01,4.238174855709075928e-01,6.893653869628906250e-01,5.744680762290954590e-01,4.473931193351745605e-01
1.000000000000000000e+00,9.748577475547790527e-01,4.272918105125427246e-01,2.933681905269622803e-01,2.283734977245330811e-01,1.906229704618453979e-01,1.721496433019638062e-01,1.581407189369201660e-01,1.523086279630661011e-01,1.560195386409759521e-01,1.677101403474807739e-01,1.950566619634628296e-01,1.905570030212402344e-01,1.681967377662658691e-01,1.555352509021759033e-01,1.491386592388153076e-01,1.488432884216308594e-01,1.496016234159469604e-01,1.560195386409759521e-01,1.609775573015213013e-01,1.694998890161514282e-01,1.840112954378128052e-01,2.085760086774826050e-01,2.170831412076950073e-01,1.871280670166015625e-01,1.642635464668273926e-01,1.560195386409759521e-01,1.496016234159469604e-01,1.548059880733489990e-01,1.623773872852325439e-01,1.805276870727539062e-01,2.028303593397140503e-01,2.489715814590454102e-01,3.128640353679656982e-01,4.418736100196838379e-01,1.000000000000000000e+00,1.000000000000000000e+00
1.274064779281616211e-01,1.274064779281616211e-01,1.288744062185287476e-01,2.253602445125579834e-01,2.000766247510910034e-01,1.848369389772415161e-01,1.801412850618362427e-01,1.617188602685928345e-01,1.463408172130584717e-01,1.352058351039886475e-01,1.263081133365631104e-01,1.232371851801872253e-01,1.224431991577148438e-01,1.348446756601333618e-01,1.460071951150894165e-01,1.740036606788635254e-01,2.507894635200500488e-01,9.458296895027160645e-01,9.644654989242553711e-01,1.000000000000000000e+00,3.500432968139648438e-01,2.413618415594100952e-01,1.983982175588607788e-01,1.650026142597198486e-01,1.452417522668838501e-01,1.340154856443405151e-01,1.306461393833160400e-01,1.277886629104614258e-01,1.298438012599945068e-01,1.338073909282684326e-01,1.453855782747268677e-01,1.650026142597198486e-01,2.303742915391921997e-01,2.643933892250061035e-01,1.457684189081192017e-01,8.029075264930725098e-01,2.236291021108627319e-01
1.000000000000000000e+00,8.917490243911743164e-01,9.145057201385498047e-01,3.475250601768493652e-01,2.717030048370361328e-01,2.305476516485214233e-01,1.947942078113555908e-01,1.770036220550537109e-01,1.688060909509658813e-01,1.684558689594268799e-01,1.780017763376235962e-01,1.920461803674697876e-01,2.173624187707901001e-01,2.694110572338104248e-01,3.755796849727630615e-01,6.538960933685302734e-01,6.863284707069396973e-01,6.860703229904174805e-01,7.071798443794250488e-01,7.344027757644653320e-01,7.681270837783813477e-01,4.995199143886566162e-01,3.312548995018005371e-01,2.597571909427642822e-01,2.114401161670684814e-01,1.833139806985855103e-01,1.684558689594268799e-01,1.662502735853195190e-01,1.718400716781616211e-01,1.808815747499465942e-01,1.963042616844177246e-01,2.249727249145507812e-01,2.649905383586883545e-01,3.780481815338134766e-01,7.593698501586914062e-01,7.201722860336303711e-01,6.879629492759704590e-01
5.443474650382995605e-01,5.118784904479980469e-01,6.008278131484985352e-01,5.272682905197143555e-01,2.519155442714691162e-01,1.535651981830596924e-01,1.331106126308441162e-01,1.211292073130607605e-01,1.159906238317489624e-01,1.158811524510383606e-01,1.176205500960350037e-01,1.263601928949356079e-01,1.411626487970352173e-01,1.782736331224441528e-01,2.333994507789611816e-01,3.228452801704406738e-01,6.880569458007812500e-01,9.435102939605712891e-01,9.686668515205383301e-01,1.000000000000000000e+00,7.241860032081604004e-01,3.594544529914855957e-01,2.497904896736145020e-01,1.874359995126724243e-01,1.601200252771377563e-01,1.433043032884597778e-01,1.410727053880691528e-01,1.414321213960647583e-01,1.481811702251434326e-01,1.624806374311447144e-01,1.962355822324752808e-01,2.408396899700164795e-01,3.222156465053558350e-01,4.334118962287902832e-01,6.684454679489135742e-01,5.401291847229003906e-01,4.625457227230072021e-01
8.769385218620300293e-01,1.000000000000000000e+00,5.116238594055175781e-01,3.312615156173706055e-01,2.634682059288024902e-01,2.209055423736572266e-01,1.943855881690979004e-01,1.734668165445327759e-01,1.665356904268264771e-01,1.761720329523086548e-01,1.854808777570724487e-01,2.148723453283309937e-01,2.507483363151550293e-01,2.099286168813705444e-01,1.898799091577529907e-01,1.837005019187927246e-01,1.778024435043334961e-01,1.761720329523086548e-01,1.761720329523086548e-01,1.778024435043334961e-01,1.837005019187927246e-01,1.935176998376846313e-01,2.155055850744247437e-01,2.507483363151550293e-01,2.202514261007308960e-01,1.932690143585205078e-01,1.801759302616119385e-01,1.711876243352890015e-01,1.748017221689224243e-01,1.854808777570724487e-01,2.038457989692687988e-01,2.290292382240295410e-01,2.811303436756134033e-01,3.532755672931671143e-01,4.745942056179046631e-01,1.000000000000000000e+00,1.000000000000000000e+00
1.652545630931854248e-01,1.293307393789291382e-01,1.264576315879821777e-01,1.274417638778686523e-01,2.331070154905319214e-01,2.168730646371841431e-01,1.893762499094009399e-01,1.745962798595428467e-01,1.617486327886581421e-01,1.507423818111419678e-01,1.445198953151702881e-01,1.297278851270675659e-01,1.288183033466339111e-01,1.350568085908889771e-01,1.361407488584518433e-01,1.475394368171691895e-01,1.711529046297073364e-01,2.548835277557373047e-01,9.829219579696655273e-01,1.000000000000000000e+00,7.219890356063842773e-01,3.695204555988311768e-01,2.636424005031585693e-01,2.155474424362182617e-01,1.714532077312469482e-01,1.451288312673568726e-01,1.380171626806259155e-01,1.330834776163101196e-01,1.310243606567382812e-01,1.361407488584518433e-01,1.437039673328399658e-01,1.610656678676605225e-01,1.869547665119171143e-01,2.339880913496017456e-01,2.918232381343841553e-01,8.139328956604003906e-01,2.298910319805145264e-01
8.518793582916259766e-01,1.000000000000000000e+00,9.510997533798217773e-01,4.345780014991760254e-01,2.983919084072113037e-01,2.507300376892089844e-01,2.127299755811691284e-01,1.934223026037216187e-01,1.837189495563507080e-01,1.786697804927825928e-01,1.804892718791961670e-01,1.944332271814346313e-01,2.286460995674133301e-01,2.833966612815856934e-01,3.823418021202087402e-01,6.029118299484252930e-01,7.556571960449218750e-01,7.496010065078735352e-01,7.496010065078735352e-01,7.612790465354919434e-01,7.953466773033142090e-01,5.509493350982666016e-01,3.689022660255432129e-01,2.732416689395904541e-01,2.275718003511428833e-01,1.984254270792007446e-01,1.829168796539306641e-01,1.748806387186050415e-01,1.793997883796691895e-01,1.921511739492416382e-01,2.103357762098312378e-01,2.321208417415618896e-01,2.939792275428771973e-01,3.741788268089294434e-01,5.619591474533081055e-01,7.376733422279357910e-01,6.880787014961242676e-01
4.711385667324066162e-01,6.609786152839660645e-01,5.044348835945129395e-01,6.546061038970947266e-01,5.745087265968322754e-01,4.654448330402374268e-01,2.249072194099426270e-01,1.761296838521957397e-01,1.627383977174758911e-01,1.539964526891708374e-01,1.549094021320343018e-01,1.630531698465347290e-01,1.883683353662490845e-01,2.258173227310180664e-01,2.866065502166748047e-01,3.836486041545867920e-01,7.381591200828552246e-01,9.791179299354553223e-01,9.835983514785766602e-01,1.000000000000000000e+00,5.933010578155517578e-01,2.978795170783996582e-01,2.006271481513977051e-01,1.630531698465347290e-01,1.316476762294769287e-01,1.231971681118011475e-01,1.164575591683387756e-01,1.154626533389091492e-01,1.154626533389091492e-01,1.268877387046813965e-01,1.468378007411956787e-01,1.692257523536682129e-01,1.947918236255645752e-01,2.418257296085357666e-01,3.297029137611389160e-01,5.149559974670410156e-01,4.656603932380676270e-01
6.238632202148437500e-01,9.278634190559387207e-01,1.000000000000000000e+00,4.605719447135925293e-01,3.148532509803771973e-01,2.546337544918060303e-01,2.183230221271514893e-01,1.959906518459320068e-01,1.872104555368423462e-01,1.925630271434783936e-01,2.061441242694854736e-01,2.284044176340103149e-01,2.338632494211196899e-01,1.985666751861572266e-01,1.798097640275955200e-01,1.696296036243438721e-01,1.645962148904800415e-01,1.632599681615829468e-01,1.632599681615829468e-01,1.645962148904800415e-01,1.696296036243438721e-01,1.760176569223403931e-01,1.927449554204940796e-01,2.338632494211196899e-01,2.396366894245147705e-01,2.152513116598129272e-01,1.967491805553436279e-01,1.888878345489501953e-01,1.858010590076446533e-01,1.916965544223785400e-01,2.042653858661651611e-01,2.302384078502655029e-01,2.677174806594848633e-01,3.216807246208190918e-01,4.287487268447875977e-01,1.000000000000000000e+00,1.000000000000000000e+00
2.343665361404418945e-01,2.463425248861312866e-01,1.890731304883956909e-01,1.392516940832138062e-01,1.356927156448364258e-01,1.375430226325988770e-01,2.542910873889923096e-01,2.235758006572723389e-01,1.948921233415603638e-01,1.713348925113677979e-01,1.597595065832138062e-01,1.400108784437179565e-01,1.381345987319946289e-01,1.344248056411743164e-01,1.337558776140213013e-01,1.373650431632995605e-01,1.520178169012069702e-01,1.633432507514953613e-01,2.059585005044937134e-01,9.662673473358154297e-01,1.000000000000000000e+00,6.601892113685607910e-01,4.043446779251098633e-01,2.813001275062561035e-01,2.221488207578659058e-01,1.743542402982711792e-01,1.494208723306655884e-01,1.371273845434188843e-01,1.336949020624160767e-01,1.333284378051757812e-01,1.399526298046112061e-01,1.494754403829574585e-01,1.643882691860198975e-01,1.877314001321792603e-01,2.059189081192016602e-01,7.776672244071960449e-01,3.053081333637237549e-01
5.574320554733276367e-01,7.737487554550170898e-01,1.000000000000000000e+00,8.315907716751098633e-01,4.203022122383117676e-01,2.827493548393249512e-01,2.420058250427246094e-01,2.106522172689437866e-01,2.006663382053375244e-01,1.941645443439483643e-01,1.924571543931961060e-01,1.979986429214477539e-01,2.241473644971847534e-01,2.615247368812561035e-01,3.293055295944213867e-01,4.588461816310882568e-01,8.421081900596618652e-01,8.304433822631835938e-01,8.304433822631835938e-01,8.433484435081481934e-01,8.694276213645935059e-01,7.977156639099121094e-01,4.598042964935302734e-01,3.234627246856689453e-01,2.546328902244567871e-01,2.102165371179580688e-01,1.998422443866729736e-01,1.924571543931961060e-01,1.900603324174880981e-01,1.952944993972778320e-01,2.142769843339920044e-01,2.326572239398956299e-01,2.735866308212280273e-01,3.332355320453643799e-01,4.371114969253540039e-01,7.293741703033447266e-01,6.502052545547485352e-01
4.019823372364044189e-01,5.643293857574462891e-01,8.964108228683471680e-01,1.000000000000000000e+00,4.992243051528930664e-01,3.610510528087615967e-01,2.751160562038421631e-01,2.410077750682830811e-01,2.278957068920135498e-01,4.122015833854675293e-02,1.871711015701293945e-02,1.725632138550281525e-02,1.674109138548374176e-02,1.674109138548374176e-02,1.674109138548374176e-02,1.674109138548374176e-02,1.674109138548374176e-02,1.674109138548374176e-02,1.674109138548374176e-02,1.674109138548374176e-02,1.674109138548374176e-02,1.674109138548374176e-02,1.674109138548374176e-02,1.674109138548374176e-02,1.725632138550281525e-02,1.871711015701293945e-02,4.122015833854675293e-02,2.066100984811782837e-01,1.967523396015167236e-01,1.927044391632080078e-01,2.012415677309036255e-01,2.092636525630950928e-01,2.265079617500305176e-01,2.646999061107635498e-01,3.062121272087097168e-01,1.000000000000000000e+00,1.000000000000000000e+00
4.401587545871734619e-01,6.205576062202453613e-01,9.911186099052429199e-01,1.000000000000000000e+00,8.695293068885803223e-01,3.715361356735229492e-01,3.101284801959991455e-01,2.588531076908111572e-01,2.206507772207260132e-01,2.099061459302902222e-01,2.030398696660995483e-01,2.077623605728149414e-01,2.272313386201858521e-01,2.724065780639648438e-01,3.185551762580871582e-01,3.721381425857543945e-01,5.659070014953613281e-01,5.744458436965942383e-01,5.744458436965942383e-01,5.824114680290222168e-01,6.045702099800109863e-01,6.446779370307922363e-01,7.158637046813964844e-01,4.817595183849334717e-01,3.277905583381652832e-01,2.563912272453308105e-01,2.199734151363372803e-01,2.074029147624969482e-01,1.966933012008666992e-01,2.033153027296066284e-01,2.203123569488525391e-01,2.260791361331939697e-01,2.569000124931335449e-01,2.859700024127960205e-01,3.485853075981140137e-01,7.253079414367675781e-01,7.168483138084411621e-01
2.786460518836975098e-01,2.872897386550903320e-01,2.698027193546295166e-01,2.020914852619171143e-01,1.524842828512191772e-01,1.452122330665588379e-01,1.454986482858657837e-01,2.584540545940399170e-01,2.297593206167221069e-01,2.026058435440063477e-01,1.821556538343429565e-01,1.506301015615463257e-01,1.452122330665588379e-01,1.354211419820785522e-01,1.326254457235336304e-01,1.326254457235336304e-01,1.429002583026885986e-01,1.567918360233306885e-01,1.916230618953704834e-01,9.010702371597290039e-01,9.364151954650878906e-01,1.000000000000000000e+00,6.484465599060058594e-01,3.762295842170715332e-01,2.652508914470672607e-01,2.202299982309341431e-01,1.734332740306854248e-01,1.504918336868286133e-01,1.387616246938705444e-01,1.369496434926986694e-01,1.420968174934387207e-01,1.496596187353134155e-01,1.675110459327697754e-01,1.976653933525085449e-01,2.415947616100311279e-01,6.562660932540893555e-01,4.512195587158203125e-01
2.024225741624832153e-01,2.426362782716751099e-01,3.131360709667205811e-01,6.484910249710083008e-01,6.122775077819824219e-01,5.093429088592529297e-01,6.472865939140319824e-01,5.072197318077087402e-01,2.551761865615844727e-01,2.259114682674407959e-01,2.138298451900482178e-01,2.217577844858169556e-01,2.512421011924743652e-01,2.938245236873626709e-01,3.261727094650268555e-01,3.874097764492034912e-01,4.989363253116607666e-01,8.675959706306457520e-01,8.883216977119445801e-01,9.030026197433471680e-01,9.366293549537658691e-01,1.000000000000000000e+00,3.225384950637817383e-01,1.855627149343490601e-01,1.498216986656188965e-01,1.108414530754089355e-01,9.812967479228973389e-02,9.659497439861297607e-02,9.291546791791915894e-02,9.291546791791915894e-02,9.450994431972503662e-02,9.779071062803268433e-02,1.166791543364524841e-01,1.445195823907852173e-01,1.719081103801727295e-01,3.418098986148834229e-01,5.317699909210205078e-01
6.838973760604858398e-01,9.933040142059326172e-01,1.000000000000000000e+00,4.937267303466796875e-01,3.609268665313720703e-01,2.933425903320312500e-01,2.441450506448745728e-01,2.197748571634292603e-01,2.080292701721191406e-01,2.073488086462020874e-01,2.121401727199554443e-01,2.356356233358383179e-01,2.338294535875320435e-01,2.020558863878250122e-01,1.832266747951507568e-01,1.739956289529800415e-01,1.689591705799102783e-01,1.681206524372100830e-01,1.681206524372100830e-01,1.689591705799102783e-01,1.739956289529800415e-01,1.832266747951507568e-01,1.942907273769378662e-01,2.338294535875320435e-01,2.681745588779449463e-01,2.419484108686447144e-01,2.129528373479843140e-01,1.945330351591110229e-01,1.967801898717880249e-01,2.008868008852005005e-01,2.182692885398864746e-01,2.354356348514556885e-01,2.907617986202239990e-01,3.491175174713134766e-01,4.496158361434936523e-01,1.000000000000000000e+00,1.000000000000000000e+00
3.031367659568786621e-01,2.427622824907302856e-01,1.727194041013717651e-01,1.548816114664077759e-01,1.514478474855422974e-01,1.621621549129486084e-01,2.728525400161743164e-01,2.530745863914489746e-01,2.226738333702087402e-01,2.071758657693862915e-01,1.817052513360977173e-01,1.545983701944351196e-01,1.545983701944351196e-01,1.514478474855422974e-01,1.514478474855422974e-01,1.619818806648254395e-01,1.796839982271194458e-01,2.026125937700271606e-01,9.471960663795471191e-01,9.626175761222839355e-01,1.000000000000000000e+00,6.805231571197509766e-01,4.180374443531036377e-01,3.115033507347106934e-01,2.272842824459075928e-01,1.770631223917007446e-01,1.568499207496643066e-01,1.495061218738555908e-01,1.505771726369857788e-01,1.548816114664077759e-01,1.643989831209182739e-01,1.773104816675186157e-01,1.911099404096603394e-01,2.138382792472839355e-01,2.533630728721618652e-01,8.014425635337829590e-01,6.229808330535888672e-01
6.097655296325683594e-01,9.110373854637145996e-01,1.000000000000000000e+00,8.627316355705261230e-01,9.935393333435058594e-01,3.206766545772552490e-01,2.584000825881958008e-01,2.318521589040756226e-01,2.229084521532058716e-01,2.222994118928909302e-01,2.260790020227432251e-01,2.357661575078964233e-01,2.651330828666687012e-01,3.145943880081176758e-01,3.814076483249664307e-01,5.351652503013610840e-01,8.527739644050598145e-01,8.404432535171508789e-01,8.404432535171508789e-01,8.527739644050598145e-01,8.852245807647705078e-01,8.966752886772155762e-01,5.135105252265930176e-01,3.754967749118804932e-01,2.909750640392303467e-01,2.438228130340576172e-01,2.305327206850051880e-01,2.216887027025222778e-01,2.173656672239303589e-01,2.247256636619567871e-01,2.504063844680786133e-01,2.867510020732879639e-01,3.424503505229949951e-01,4.165762662887573242e-01,4.779577255249023438e-01,7.405719161033630371e-01,7.871428728103637695e-01
8.296619653701782227e-01,1.000000000000000000e+00,9.488167166709899902e-01,3.895152807235717773e-01,3.055248558521270752e-01,2.594416737556457520e-01,2.323397397994995117e-01,2.098696976900100708e-01,2.033963799476623535e-01,2.073507010936737061e-01,2.264040112495422363e-01,2.505428194999694824e-01,3.152215778827667236e-01,2.549842298030853271e-01,2.323397397994995117e-01,2.145965695381164551e-01,2.083848863840103149e-01,2.073507010936737061e-01,2.073507010936737061e-01,2.083848863840103149e-01,2.145965695381164551e-01,2.259816229343414307e-01,2.549842298030853271e-01,3.400804400444030762e-01,2.843889594078063965e-01,2.331607192754745483e-01,2.074658721685409546e-01,1.979206800460815430e-01,1.967101544141769409e-01,2.169213891029357910e-01,2.301706969738006592e-01,2.655384540557861328e-01,3.277045190334320068e-01,4.218396544456481934e-01,6.101891398429870605e-01,1.000000000000000000e+00,1.000000000000000000e+00
1.969848722219467163e-01,1.679777055978775024e-01,1.591029614210128784e-01,1.578909903764724731e-01,1.578909903764724731e-01,2.771961390972137451e-01,2.645896375179290771e-01,2.417422980070114136e-01,2.230046391487121582e-01,1.987109482288360596e-01,1.844506114721298218e-01,1.686118245124816895e-01,1.665741503238677979e-01,1.622906476259231567e-01,1.648999899625778198e-01,1.811816096305847168e-01,1.921582221984863281e-01,2.309967875480651855e-01,9.227157831192016602e-01,9.367653131484985352e-01,1.000000000000000000e+00,5.479251742362976074e-01,3.798474967479705811e-01,2.979769110679626465e-01,2.222376316785812378e-01,1.858340054750442505e-01,1.699985712766647339e-01,1.633393913507461548e-01,1.607047170400619507e-01,1.637309342622756958e-01,1.710000485181808472e-01,1.807097792625427246e-01,1.961161345243453979e-01,2.232915759086608887e-01,2.486195117235183716e-01,8.690643310546875000e-01,7.371998429298400879e-01
6.863265037536621094e-01,9.154198765754699707e-01,8.058457374572753906e-01,7.943274378776550293e-01,9.112921953201293945e-01,3.263484239578247070e-01,2.564489245414733887e-01,2.333580106496810913e-01,2.260637730360031128e-01,2.260637730360031128e-01,2.389017343521118164e-01,2.566530108451843262e-01,3.009741008281707764e-01,3.620955646038055420e-01,4.740628302097320557e-01,8.076630830764770508e-01,9.455264806747436523e-01,9.215198755264282227e-01,9.215198755264282227e-01,9.337124824523925781e-01,1.000000000000000000e+00,5.792517066001892090e-01,3.910186588764190674e-01,3.152493238449096680e-01,2.566530108451843262e-01,2.389017343521118164e-01,2.251353710889816284e-01,2.209093123674392700e-01,2.235013991594314575e-01,2.335822880268096924e-01,2.686152458190917969e-01,3.052924573421478271e-01,3.528677523136138916e-01,4.048351645469665527e-01,5.117736458778381348e-01,7.291249036788940430e-01,8.321432471275329590e-01
9.497684240341186523e-01,1.000000000000000000e+00,5.083065032958984375e-01,4.134957194328308105e-01,3.381994366645812988e-01,2.886250615119934082e-01,2.499913275241851807e-01,2.370309531688690186e-01,2.345304042100906372e-01,2.415241450071334839e-01,2.548006176948547363e-01,2.943362593650817871e-01,3.915242552757263184e-01,3.002853989601135254e-01,2.613849937915802002e-01,2.484606206417083740e-01,2.428130507469177246e-01,2.415241450071334839e-01,2.415241450071334839e-01,2.428130507469177246e-01,2.484606206417083740e-01,2.613849937915802002e-01,3.002853989601135254e-01,3.681500256061553955e-01,2.943362593650817871e-01,2.548006176948547363e-01,2.333443909883499146e-01,2.337898612022399902e-01,2.345304042100906372e-01,2.499913275241851807e-01,2.773500978946685791e-01,3.331367373466491699e-01,3.948759734630584717e-01,5.952343344688415527e-01,6.681966781616210938e-01,1.000000000000000000e+00,1.000000000000000000e+00
1.754767745733261108e-01,1.754767745733261108e-01,1.916720122098922729e-01,2.187097072601318359e-01,2.015284597873687744e-01,1.912560909986495972e-01,1.838973164558410645e-01,1.821569204330444336e-01,1.821569204330444336e-01,1.894432008266448975e-01,1.843298375606536865e-01,1.719623059034347534e-01,1.707229167222976685e-01,1.707229167222976685e-01,1.719623059034347534e-01,1.792187094688415527e-01,1.982081532478332520e-01,2.431914210319519043e-01,9.042325019836425781e-01,9.189089536666870117e-01,1.000000000000000000e+00,5.360739231109619141e-01,3.975530266761779785e-01,3.425325155258178711e-01,2.152845114469528198e-01,1.844737976789474487e-01,1.748706400394439697e-01,1.661526709794998169e-01,1.661526709794998169e-01,1.719623059034347534e-01,1.803997308015823364e-01,1.912560909986495972e-01,2.349753677845001221e-01,2.743745148181915283e-01,1.968643516302108765e-01,8.493633270263671875e-01,7.794292569160461426e-01
6.287052035331726074e-01,9.288906455039978027e-01,8.128196001052856445e-01,8.837879300117492676e-01,8.000000119209289551e-01,7.071067690849304199e-01,3.172942996025085449e-01,2.794782817363739014e-01,2.763174772262573242e-01,2.792364060878753662e-01,3.192051053047180176e-01,3.541262447834014893e-01,4.231477975845336914e-01,5.184436440467834473e-01,7.356739640235900879e-01,1.000000000000000000e+00,9.555668830871582031e-01,9.422514438629150391e-01,9.418928623199462891e-01,9.555668830871582031e-01,8.182049989700317383e-01,4.449415504932403564e-01,3.535533845424652100e-01,2.676221728324890137e-01,2.245114743709564209e-01,2.105334252119064331e-01,2.092457562685012817e-01,2.092457562685012817e-01,2.171685099601745605e-01,2.339438647031784058e-01,2.799613773822784424e-01,2.977392375469207764e-01,3.172942996025085449e-01,3.347043991088867188e-01,4.060355424880981445e-01,5.775670409202575684e-01,8.437574505805969238e-01
1.000000000000000000e+00,8.651517033576965332e-01,5.392498373985290527e-01,4.514241218566894531e-01,3.764915466308593750e-01,3.125162124633789062e-01,2.807913124561309814e-01,2.665802240371704102e-01,2.638645768165588379e-01,2.743911445140838623e-01,2.998126745223999023e-01,3.682386875152587891e-01,4.296242296695709229e-01,3.397537767887115479e-01,3.075602352619171143e-01,2.828359305858612061e-01,2.759616076946258545e-01,2.645914554595947266e-01,2.645914554595947266e-01,2.614881694316864014e-01,2.614881694316864014e-01,2.766567170619964600e-01,3.126698136329650879e-01,3.567138910293579102e-01,2.895470857620239258e-01,2.690901160240173340e-01,2.645914554595947266e-01,2.638645768165588379e-01,2.665802240371704102e-01,2.941538095474243164e-01,3.263456523418426514e-01,3.979443907737731934e-01,6.267202496528625488e-01,7.313742637634277344e-01,9.827573299407958984e-01,1.000000000000000000e+00,1.000000000000000000e+00
5.808302760124206543e-01,5.021204948425292969e-01,4.328485131263732910e-01,4.061658084392547607e-01,3.982783555984497070e-01,3.952610492706298828e-01,3.284287452697753906e-01,2.630526423454284668e-01,2.518933415412902832e-01,2.516556084156036377e-01,2.662193477153778076e-01,3.088929057121276855e-01,3.982783555984497070e-01,4.879733920097351074e-01,6.924366354942321777e-01,1.000000000000000000e+00,9.425621032714843750e-01,9.196760058403015137e-01,9.087414741516113281e-01,9.767438173294067383e-01,5.488252639770507812e-01,3.702384233474731445e-01,2.940000295639038086e-01,2.518933415412902832e-01,2.399668693542480469e-01,2.389670163393020630e-01,2.446604520082473755e-01,2.518933415412902832e-01,2.497454732656478882e-01,2.409625947475433350e-01,2.409625947475433350e-01,2.635073661804199219e-01,3.964707255363464355e-01,4.328485131263732910e-01,5.471867918968200684e-01,8.571428656578063965e-01,8.324089050292968750e-01
8.291676640510559082e-01,7.170992493629455566e-01,4.524582028388977051e-01,3.823543190956115723e-01,3.228959441184997559e-01,2.716991007328033447e-01,2.423879206180572510e-01,2.348936796188354492e-01,2.348936796188354492e-01,2.444202303886413574e-01,2.754545211791992188e-01,3.162277638912200928e-01,3.516648709774017334e-01,2.903836667537689209e-01,2.657518684864044189e-01,2.517820894718170166e-01,2.456625252962112427e-01,2.442644983530044556e-01,2.442644983530044556e-01,2.456625252962112427e-01,2.517820894718170166e-01,2.657518684864044189e-01,3.024506568908691406e-01,3.367405831813812256e-01,2.772445380687713623e-01,2.481284588575363159e-01,2.442644983530044556e-01,2.412865012884140015e-01,2.456625252962112427e-01,2.709979414939880371e-01,3.028278648853302002e-01,3.665005862712860107e-01,6.164290308952331543e-01,7.946740388870239258e-01,1.000000000000000000e+00,1.000000000000000000e+00,1.000000000000000000e+00
5.251692533493041992e-01,4.599810540676116943e-01,3.898070454597473145e-01,3.641000092029571533e-01,3.512755334377288818e-01,3.408367931842803955e-01,2.922939956188201904e-01,2.574575841426849365e-01,2.465356290340423584e-01,2.465356290340423584e-01,2.711257636547088623e-01,3.164090514183044434e-01,3.983912467956542969e-01,5.158052444458007812e-01,8.264548182487487793e-01,9.787302017211914062e-01,9.454138278961181641e-01,9.322213530540466309e-01,9.322213530540466309e-01,1.000000000000000000e+00,4.360477328300476074e-01,3.149559497833251953e-01,2.574575841426849365e-01,2.441987395286560059e-01,2.394565641880035400e-01,2.446679025888442993e-01,2.463029325008392334e-01,2.416020631790161133e-01,2.441987395286560059e-01,2.590118944644927979e-01,3.112935423851013184e-01,3.512755334377288818e-01,3.692603707313537598e-01,3.898070454597473145e-01,6.127468347549438477e-01,8.275862336158752441e-01,8.232531547546386719e-01
9.324302673339843750e-01,9.924897551536560059e-01,1.000000000000000000e+00,4.967765510082244873e-01,3.713150322437286377e-01,3.187648952007293701e-01,2.784524261951446533e-01,2.530213296413421631e-01,2.468653470277786255e-01,2.485703974962234497e-01,2.696453630924224854e-01,2.989351451396942139e-01,3.515316247940063477e-01,2.973159849643707275e-01,2.713184654712677002e-01,2.562205195426940918e-01,2.505048215389251709e-01,2.485703974962234497e-01,2.485703974962234497e-01,2.505048215389251709e-01,2.562205195426940918e-01,2.713184654712677002e-01,2.973159849643707275e-01,3.625169992446899414e-01,3.266183435916900635e-01,2.772580385208129883e-01,2.563382387161254883e-01,2.496603578329086304e-01,2.555130422115325928e-01,2.717628777027130127e-01,3.021474182605743408e-01,3.495521247386932373e-01,4.203965365886688232e-01,5.404084324836730957e-01,6.781182289123535156e-01,1.000000000000000000e+00,1.000000000000000000e+00
2.005622684955596924e-01,3.501474261283874512e-01,3.243523240089416504e-01,2.455859631299972534e-01,1.969896256923675537e-01,1.913732439279556274e-01,1.916381269693374634e-01,2.134277075529098511e-01,2.230730652809143066e-01,2.155561149120330811e-01,2.050642222166061401e-01,1.937440931797027588e-01,1.913732439279556274e-01,1.913732439279556274e-01,1.937440931797027588e-01,2.070336639881134033e-01,2.387788146734237671e-01,9.482126235961914062e-01,9.482126235961914062e-01,9.625481367111206055e-01,1.000000000000000000e+00,7.182458043098449707e-01,4.897757470607757568e-01,3.704215586185455322e-01,2.930495738983154297e-01,1.955682188272476196e-01,1.922987103462219238e-01,1.928255707025527954e-01,2.005622684955596924e-01,2.124748975038528442e-01,2.136652469635009766e-01,2.070336639881134033e-01,1.869486123323440552e-01,1.849024146795272827e-01,1.885695755481719971e-01,8.484848737716674805e-01,7.223665714263916016e-01
3.774483501911163330e-01,7.028482556343078613e-01,7.425025701522827148e-01,1.000000000000000000e+00,8.089294433593750000e-01,8.126994371414184570e-01,6.579211950302124023e-01,3.964911699295043945e-01,3.670369982719421387e-01,3.656960725784301758e-01,3.853201568126678467e-01,4.065511524677276611e-01,4.765230715274810791e-01,5.848338007926940918e-01,8.063611984252929688e-01,9.780338406562805176e-01,9.430277347564697266e-01,9.304410219192504883e-01,9.304410219192504883e-01,9.430277347564697266e-01,9.468402862548828125e-01,4.607995748519897461e-01,3.325500190258026123e-01,2.550794184207916260e-01,2.154005169868469238e-01,1.892296522855758667e-01,1.788488179445266724e-01,1.788488179445266724e-01,1.824744939804077148e-01,1.869077235460281372e-01,2.007083594799041748e-01,2.368829548358917236e-01,2.669985294342041016e-01,3.046223223209381104e-01,3.320572376251220703e-01,5.454545617103576660e-01,8.154260516166687012e-01
4.543932974338531494e-01,4.074649512767791748e-01,2.488682419061660767e-01,2.140707224607467651e-01,2.004142254590988159e-01,2.072358578443527222e-01,3.363908529281616211e-01,3.043408691883087158e-01,2.661838233470916748e-01,2.369806021451950073e-01,2.103879153728485107e-01,1.901339590549468994e-01,1.869924813508987427e-01,1.914706677198410034e-01,1.947934329509735107e-01,2.199845463037490845e-01,2.430140525102615356e-01,3.019253313541412354e-01,6.498405933380126953e-01,1.000000000000000000e+00,7.510982155799865723e-01,5.343421697616577148e-01,4.175765812397003174e-01,3.459167480468750000e-01,3.011613786220550537e-01,2.725369930267333984e-01,2.596436142921447754e-01,2.213640064001083374e-01,1.887006014585494995e-01,1.879141628742218018e-01,1.921997517347335815e-01,2.060813307762145996e-01,2.231408655643463135e-01,2.437239736318588257e-01,2.920915782451629639e-01,1.000000000000000000e+00,5.082833766937255859e-01
6.841260194778442383e-01,1.000000000000000000e+00,7.483115196228027344e-01,7.439537048339843750e-01,2.175722420215606689e-01,1.690939813852310181e-01,1.533493697643280029e-01,1.511187106370925903e-01,1.539571285247802734e-01,1.565815955400466919e-01,1.551107913255691528e-01,1.566357910633087158e-01,1.544526070356369019e-01,1.519590467214584351e-01,1.577160507440567017e-01,1.790907233953475952e-01,2.258808165788650513e-01,4.514232277870178223e-01,4.743130207061767578e-01,4.817012846469879150e-01,4.216088354587554932e-01,3.031629323959350586e-01,2.364574372768402100e-01,1.969700604677200317e-01,1.732599735260009766e-01,1.600139290094375610e-01,1.565815955400466919e-01,1.574466824531555176e-01,1.654909700155258179e-01,1.830293089151382446e-01,2.156911790370941162e-01,2.653850615024566650e-01,3.538174331188201904e-01,5.135028362274169922e-01,5.874086022377014160e-01,7.956851124763488770e-01,7.763948440551757812e-01
7.089303731918334961e-01,1.000000000000000000e+00,7.996965646743774414e-01,3.381763398647308350e-01,1.199413016438484192e-01,9.419306367635726929e-02,7.803440839052200317e-02,7.101046293973922729e-02,7.094901055097579956e-02,7.088749855756759644e-02,7.478034496307373047e-02,7.679479569196701050e-02,7.518754899501800537e-02,6.799803674221038818e-02,6.258663535118103027e-02,6.024279445409774780e-02,5.914671346545219421e-02,5.907291918992996216e-02,5.907291918992996216e-02,5.914671346545219421e-02,6.024279445409774780e-02,6.258663535118103027e-02,6.889026612043380737e-02,7.947448641061782837e-02,8.067293465137481689e-02,7.478034496307373047e-02,7.384114712476730347e-02,7.390020042657852173e-02,7.752969115972518921e-02,8.463110774755477905e-02,9.836129099130630493e-02,1.199413016438484192e-01,1.598520129919052124e-01,2.391176521778106689e-01,4.783174097537994385e-01,5.100545883178710938e-01,1.000000000000000000e+00
4.297697842121124268e-01,5.046635270118713379e-01,7.551372051239013672e-01,8.585429787635803223e-01,7.181156873703002930e-01,7.664108276367187500e-01,7.784613966941833496e-01,4.911266565322875977e-01,3.598697781562805176e-01,3.188161551952362061e-01,3.052474558353424072e-01,3.144408464431762695e-01,3.572651445865631104e-01,4.950725436210632324e-01,5.578706860542297363e-01,5.885030627250671387e-01,7.619704604148864746e-01,1.000000000000000000e+00,1.000000000000000000e+00,4.370959401130676270e-01,2.622979283332824707e-01,1.887997686862945557e-01,1.499226689338684082e-01,1.284507513046264648e-01,1.150252446532249451e-01,1.073246747255325317e-01,1.060113385319709778e-01,1.060113385319709778e-01,1.096206456422805786e-01,1.197978928685188293e-01,1.385930031538009644e-01,1.664537936449050903e-01,2.173158973455429077e-01,3.070270419120788574e-01,4.137148261070251465e-01,4.006898403167724609e-01,7.043965458869934082e-01
1.207407191395759583e-01,1.081356927752494812e-01,9.313511103391647339e-02,8.179313689470291138e-02,6.352288275957107544e-02,5.947060137987136841e-02,5.124652758240699768e-02,4.735840484499931335e-02,4.643873870372772217e-02,4.643873870372772217e-02,4.654182121157646179e-02,4.895072802901268005e-02,5.415641143918037415e-02,6.789873540401458740e-02,1.159212812781333923e-01,3.282984793186187744e-01,3.559630215167999268e-01,4.072630107402801514e-01,7.348350286483764648e-01,1.000000000000000000e+00,6.094788312911987305e-01,4.327753782272338867e-01,1.930918544530868530e-01,7.813738286495208740e-02,5.691771954298019409e-02,4.992014542222023010e-02,4.953465238213539124e-02,4.735840484499931335e-02,4.735840484499931335e-02,5.124652758240699768e-02,5.512121692299842834e-02,6.352288275957107544e-02,7.646348327398300171e-02,9.026068449020385742e-02,1.111515760421752930e-01,3.264349102973937988e-01,4.506520330905914307e-01
4.866502285003662109e-01,3.870563209056854248e-01,2.731277048587799072e-01,2.654183506965637207e-01,2.947563529014587402e-01,3.813277482986450195e-01,4.033735692501068115e-01,3.761511147022247314e-01,3.360739350318908691e-01,3.040650486946105957e-01,2.843000590801239014e-01,2.785284221172332764e-01,2.734442353248596191e-01,2.745666205883026123e-01,2.834875881671905518e-01,3.028615713119506836e-01,3.381550908088684082e-01,3.878252804279327393e-01,4.869661033153533936e-01,1.000000000000000000e+00,9.518741369247436523e-01,6.775737404823303223e-01,5.293500423431396484e-01,4.389713108539581299e-01,3.824602365493774414e-01,3.445463180541992188e-01,3.069278597831726074e-01,2.881947755813598633e-01,2.817191779613494873e-01,2.701202034950256348e-01,2.790111005306243896e-01,2.981603145599365234e-01,3.097952306270599365e-01,3.549336493015289307e-01,4.180456101894378662e-01,1.000000000000000000e+00,5.403841137886047363e-01
7.746950387954711914e-01,1.000000000000000000e+00,8.340477347373962402e-01,1.732720434665679932e-01,1.427350640296936035e-01,1.345337778329849243e-01,1.374620050191879272e-01,1.364506185054779053e-01,1.298179477453231812e-01,1.227336302399635315e-01,1.205032169818878174e-01,1.200713887810707092e-01,1.257530748844146729e-01,1.275304257869720459e-01,1.328935921192169189e-01,1.461316198110580444e-01,1.452601253986358643e-01,1.426946222782135010e-01,1.426946222782135010e-01,1.508730947971343994e-01,2.815206348896026611e-01,2.423914074897766113e-01,1.901684701442718506e-01,1.597182154655456543e-01,1.397934406995773315e-01,1.286119818687438965e-01,1.257071644067764282e-01,1.261197030544281006e-01,1.332405656576156616e-01,1.480152308940887451e-01,1.730387210845947266e-01,2.113283127546310425e-01,2.841326594352722168e-01,4.233933687210083008e-01,6.323350667953491211e-01,5.799618959426879883e-01,1.000000000000000000e+00
6.849964857101440430e-01,8.827214837074279785e-01,1.000000000000000000e+00,8.237863183021545410e-01,9.311382174491882324e-01,8.500539660453796387e-01,5.419341921806335449e-01,3.015632033348083496e-01,2.311221063137054443e-01,2.031856328248977661e-01,1.912057399749755859e-01,1.884874552488327026e-01,1.944764852523803711e-01,2.068217396736145020e-01,4.016308486461639404e-01,4.837971031665802002e-01,5.506460070610046387e-01,5.799794197082519531e-01,6.328181028366088867e-01,6.784358620643615723e-01,4.037666618824005127e-01,2.924116849899291992e-01,2.306751161813735962e-01,1.915652602910995483e-01,1.692536175251007080e-01,1.568760424852371216e-01,1.532521992921829224e-01,1.539241969585418701e-01,1.620538979768753052e-01,1.782303452491760254e-01,2.100677043199539185e-01,2.566992342472076416e-01,3.384056091308593750e-01,4.574059247970581055e-01,5.676686763763427734e-01,5.036511421203613281e-01,8.319934606552124023e-01
1.000000000000000000e+00,1.000000000000000000e+00,1.000000000000000000e+00,1.000000000000000000e+00,1.000000000000000000e+00,1.000000000000000000e+00,1.000000000000000000e+00,1.000000000000000000e+00,1.000000000000000000e+00,1.000000000000000000e+00,1.000000000000000000e+00,1.000000000000000000e+00,1.000000000000000000e+00,1.000000000000000000e+00,1.000000000000000000e+00,1.000000000000000000e+00,1.000000000000000000e+00,1.000000000000000000e+00,1.000000000000000000e+00,1.000000000000000000e+00,1.000000000000000000e+00,1.000000000000000000e+00,1.000000000000000000e+00,1.000000000000000000e+00,1.000000000000000000e+00,1.000000000000000000e+00,1.000000000000000000e+00,1.000000000000000000e+00,1.000000000000000000e+00,1.000000000000000000e+00,1.000000000000000000e+00,1.000000000000000000e+00,1.000000000000000000e+00,1.000000000000000000e+00,1.000000000000000000e+00,1.000000000000000000e+00,1.000000000000000000e+00
2.840170264244079590e-01,2.451423406600952148e-01,2.234904766082763672e-01,2.107149362564086914e-01,2.110985070466995239e-01,2.252930551767349243e-01,2.293600440025329590e-01,2.257542610168457031e-01,2.272339612245559692e-01,2.259589284658432007e-01,2.320649772882461548e-01,2.300643771886825562e-01,2.432968169450759888e-01,2.555294036865234375e-01,2.721309363842010498e-01,3.169395923614501953e-01,3.812913596630096436e-01,4.640303552150726318e-01,8.472496271133422852e-01,9.004666209220886230e-01,9.350204467773437500e-01,1.000000000000000000e+00,4.505861103534698486e-01,2.943279147148132324e-01,2.193146646022796631e-01,2.067842781543731689e-01,2.182582318782806396e-01,2.272339612245559692e-01,2.661625146865844727e-01,3.013510107994079590e-01,3.195541799068450928e-01,3.339491188526153564e-01,2.571524083614349365e-01,2.538960278034210205e-01,2.640263736248016357e-01,9.089823365211486816e-01,4.755019545555114746e-01
1.000000000000000000e+00,9.929410815238952637e-01,9.661564826965332031e-01,9.414513111114501953e-01,8.757244348526000977e-01,6.875888705253601074e-01,4.501399993896484375e-01,3.487038612365722656e-01,2.889119386672973633e-01,2.610287070274353027e-01,2.558575272560119629e-01,2.726277709007263184e-01,3.027037084102630615e-01,3.491742014884948730e-01,4.145648479461669922e-01,4.819849431514739990e-01,5.779861807823181152e-01,6.440274715423583984e-01,6.440274715423583984e-01,6.529579162597656250e-01,6.778007149696350098e-01,7.227665781974792480e-01,8.025749921798706055e-01,7.391259670257568359e-01,4.532544910907745361e-01,3.454612791538238525e-01,2.808461487293243408e-01,2.607591152191162109e-01,2.482293695211410522e-01,2.621043920516967773e-01,2.906918525695800781e-01,3.177441060543060303e-01,3.613832890987396240e-01,4.114424288272857666e-01,9.355803728103637695e-01,7.321433424949645996e-01,7.229378223419189453e-01
4.182215631008148193e-01,6.239177584648132324e-01,9.983106851577758789e-01,1.000000000000000000e+00,8.497689962387084961e-01,4.482220709323883057e-01,3.516235649585723877e-01,2.849355936050415039e-01,2.450023740530014038e-01,2.085298150777816772e-01,5.988990515470504761e-02,4.234855622053146362e-02,3.498188033699989319e-02,3.344006463885307312e-02,3.215342015027999878e-02,3.215342015027999878e-02,3.215342015027999878e-02,3.215342015027999878e-02,3.215342015027999878e-02,3.215342015027999878e-02,3.215342015027999878e-02,3.215342015027999878e-02,3.344006463885307312e-02,3.498188033699989319e-02,4.234855622053146362e-02,5.988990515470504761e-02,2.313149869441986084e-01,2.172511816024780273e-01,2.054206728935241699e-01,2.058823555707931519e-01,2.143670767545700073e-01,2.296672910451889038e-01,2.588626444339752197e-01,2.861547470092773438e-01,3.405897021293640137e-01,1.000000000000000000e+00,1.000000000000000000e+00
2.643792033195495605e-01,2.892890870571136475e-01,2.471551597118377686e-01,2.268144488334655762e-01,2.183318138122558594e-01,2.352188825607299805e-01,2.392265051603317261e-01,2.325855344533920288e-01,2.240225970745086670e-01,2.227638661861419678e-01,2.246791124343872070e-01,2.268144488334655762e-01,2.305617630481719971e-01,2.381044179201126099e-01,2.512388527393341064e-01,2.711303830146789551e-01,3.313591480255126953e-01,4.160616695880889893e-01,7.770888209342956543e-01,9.002795219421386719e-01,9.361101388931274414e-01,1.000000000000000000e+00,5.916905999183654785e-01,3.644950687885284424e-01,2.476422637701034546e-01,2.234240770339965820e-01,2.234840095043182373e-01,2.343062907457351685e-01,2.586444914340972900e-01,2.683505117893218994e-01,2.781029641628265381e-01,3.074205219745635986e-01,2.422854304313659668e-01,2.210744023323059082e-01,2.314312607049942017e-01,9.344625473022460938e-01,5.785222053527832031e-01
9.780841469764709473e-01,9.101529717445373535e-01,1.000000000000000000e+00,9.422227740287780762e-01,8.769726753234863281e-01,7.070303559303283691e-01,3.896637558937072754e-01,3.046486675739288330e-01,2.582686543464660645e-01,2.499729692935943604e-01,2.480191737413406372e-01,2.665089666843414307e-01,2.985550761222839355e-01,3.278925418853759766e-01,3.732979297637939453e-01,4.315277636051177979e-01,5.313928723335266113e-01,6.503637433052062988e-01,6.547126173973083496e-01,6.635693907737731934e-01,6.882017254829406738e-01,7.332268357276916504e-01,8.146297335624694824e-01,7.624994516372680664e-01,5.129669904708862305e-01,3.851991295814514160e-01,3.234944343566894531e-01,2.942695915699005127e-01,2.814057469367980957e-01,3.000900745391845703e-01,3.171665072441101074e-01,3.514449000358581543e-01,3.879955410957336426e-01,4.278165698051452637e-01,8.194922804832458496e-01,6.978574395179748535e-01,7.734198570251464844e-01
3.851928114891052246e-01,6.119549274444580078e-01,9.925557374954223633e-01,1.000000000000000000e+00,7.444048523902893066e-01,4.457583427429199219e-01,3.486299812793731689e-01,2.748072445392608643e-01,2.359758168458938599e-01,9.994227439165115356e-02,2.669163793325424194e-02,2.201048843562602997e-02,1.924761384725570679e-02,1.887383870780467987e-02,1.887383870780467987e-02,1.887383870780467987e-02,1.887383870780467987e-02,1.887383870780467987e-02,1.887383870780467987e-02,1.887383870780467987e-02,1.887383870780467987e-02,1.887383870780467987e-02,1.887383870780467987e-02,1.924761384725570679e-02,2.201048843562602997e-02,2.669163793325424194e-02,9.994227439165115356e-02,2.170080989599227905e-01,2.025752961635589600e-01,2.000626921653747559e-01,2.029266804456710815e-01,2.159219831228256226e-01,2.363378405570983887e-01,2.626110017299652100e-01,3.140098452568054199e-01,1.000000000000000000e+00,1.000000000000000000e+00
2.431214451789855957e-01,2.635947167873382568e-01,2.210748493671417236e-01,2.021959573030471802e-01,1.927449554204940796e-01,2.020659148693084717e-01,2.090144157409667969e-01,2.106845527887344360e-01,2.066535353660583496e-01,2.051214873790740967e-01,2.111830115318298340e-01,2.175591588020324707e-01,2.229691445827484131e-01,2.347607165575027466e-01,2.555954158306121826e-01,2.946409285068511963e-01,3.492616415023803711e-01,4.498702585697174072e-01,7.753542065620422363e-01,8.990098237991333008e-01,9.346471428871154785e-01,1.000000000000000000e+00,4.309298396110534668e-01,2.948490381240844727e-01,2.152920216321945190e-01,1.979922056198120117e-01,1.941941827535629272e-01,2.191242128610610962e-01,2.410584390163421631e-01,2.530113160610198975e-01,2.634617090225219727e-01,2.788430452346801758e-01,2.145990431308746338e-01,1.970606744289398193e-01,1.962140500545501709e-01,8.849588632583618164e-01,4.561044275760650635e-01
9.870995879173278809e-01,9.209037423133850098e-01,1.000000000000000000e+00,9.359140992164611816e-01,8.617590665817260742e-01,6.423172950744628906e-01,4.249878227710723877e-01,3.083717823028564453e-01,2.802087366580963135e-01,2.501283288002014160e-01,2.496880888938903809e-01,2.681712210178375244e-01,3.064630627632141113e-01,3.435313403606414795e-01,3.832433521747589111e-01,4.318359792232513428e-01,5.243449807167053223e-01,6.423743963241577148e-01,6.423743963241577148e-01,6.521480083465576172e-01,6.760048270225524902e-01,7.204142212867736816e-01,8.005837798118591309e-01,6.924062371253967285e-01,4.306879937648773193e-01,3.363573551177978516e-01,2.846238017082214355e-01,2.529712021350860596e-01,2.383411675691604614e-01,2.471785992383956909e-01,2.741891741752624512e-01,2.991970181465148926e-01,3.548217713832855225e-01,4.079037904739379883e-01,4.799026846885681152e-01,7.815842628479003906e-01,7.060195803642272949e-01
5.569874048233032227e-01,9.949507713317871094e-01,1.000000000000000000e+00,9.201325178146362305e-01,6.252987384796142578e-01,4.151418805122375488e-01,3.238031864166259766e-01,2.803615927696228027e-01,2.438640594482421875e-01,2.159875184297561646e-01,2.100971639156341553e-01,2.100435942411422729e-01,2.221525013446807861e-01,2.307018339633941650e-01,2.205508649349212646e-01,2.069396525621414185e-01,2.002227157354354858e-01,1.979615241289138794e-01,1.979615241289138794e-01,2.002227157354354858e-01,2.069396525621414185e-01,2.205508649349212646e-01,2.402372807264328003e-01,2.823815643787384033e-01,3.791515529155731201e-01,3.157255351543426514e-01,2.482777237892150879e-01,2.230625450611114502e-01,2.115917801856994629e-01,2.113789021968841553e-01,2.206273972988128662e-01,2.328384667634963989e-01,2.700560390949249268e-01,3.023974299430847168e-01,3.502190709114074707e-01,1.000000000000000000e+00,7.901030182838439941e-01
2.441987395286560059e-01,2.352235466241836548e-01,2.148390263319015503e-01,1.960161477327346802e-01,1.911554932594299316e-01,1.903848052024841309e-01,1.928147524595260620e-01,1.904620081186294556e-01,1.922037601470947266e-01,1.941319406032562256e-01,2.004660069942474365e-01,2.114359587430953979e-01,2.176717966794967651e-01,2.377105653285980225e-01,2.695358395576477051e-01,3.221026062965393066e-01,3.956409990787506104e-01,6.252890825271606445e-01,8.591108322143554688e-01,8.995074033737182617e-01,9.317081570625305176e-01,1.000000000000000000e+00,3.222851455211639404e-01,2.337186336517333984e-01,2.002213895320892334e-01,1.845286190509796143e-01,1.856671273708343506e-01,2.050344496965408325e-01,2.319716960191726685e-01,2.457391917705535889e-01,2.634487450122833252e-01,2.762346267700195312e-01,2.569698095321655273e-01,2.285664230585098267e-01,2.280297577381134033e-01,9.253398776054382324e-01,1.577938646078109741e-01
9.070090055465698242e-01,8.835806250572204590e-01,8.061429262161254883e-01,7.319542765617370605e-01,5.790360569953918457e-01,3.562780618667602539e-01,2.782235741615295410e-01,2.185241580009460449e-01,1.976678371429443359e-01,1.791539788246154785e-01,1.746638417243957520e-01,1.803069412708282471e-01,2.015892863273620605e-01,2.311208248138427734e-01,2.609280347824096680e-01,3.377326726913452148e-01,4.445697963237762451e-01,5.495564937591552734e-01,7.591160535812377930e-01,8.103021979331970215e-01,8.421815037727355957e-01,8.928220272064208984e-01,1.000000000000000000e+00,7.999499440193176270e-01,5.108872056007385254e-01,3.968760371208190918e-01,3.263254463672637939e-01,3.243793547153472900e-01,3.200922012329101562e-01,3.367426991462707520e-01,3.834206759929656982e-01,4.233742058277130127e-01,5.644377470016479492e-01,8.806049823760986328e-01,9.278766512870788574e-01,5.864588618278503418e-01,4.723919630050659180e-01
9.742847830057144165e-02,1.250845938920974731e-01,1.675616949796676636e-01,4.734326303005218506e-01,1.000000000000000000e+00,7.454064488410949707e-01,5.578116774559020996e-01,4.650971889495849609e-01,3.844076395034790039e-01,7.343233376741409302e-02,2.773500978946685791e-02,1.999999955296516418e-02,1.754116080701351166e-02,1.687054708600044250e-02,1.664100587368011475e-02,1.664100587368011475e-02,1.664100587368011475e-02,1.664100587368011475e-02,1.664100587368011475e-02,1.664100587368011475e-02,1.664100587368011475e-02,1.664100587368011475e-02,1.687054708600044250e-02,1.754116080701351166e-02,1.999999955296516418e-02,2.773500978946685791e-02,4.574175179004669189e-02,5.615911632776260376e-02,5.615911632776260376e-02,5.710988119244575500e-02,6.108002364635467529e-02,6.498520821332931519e-02,6.708204001188278198e-02,6.955905258655548096e-02,8.544003963470458984e-02,2.454088777303695679e-01,1.000000000000000000e+00
3.776382803916931152e-01,5.080784559249877930e-01,1.000000000000000000e+00,9.789366126060485840e-01,8.384521603584289551e-01,4.974304139614105225e-01,3.794490694999694824e-01,3.039753437042236328e-01,2.534429132938385010e-01,2.255179286003112793e-01,2.126203477382659912e-01,2.163153886795043945e-01,2.235671728849411011e-01,2.167477756738662720e-01,1.966053843498229980e-01,1.840438097715377808e-01,1.781351268291473389e-01,1.759252399206161499e-01,1.759252399206161499e-01,1.781351268291473389e-01,1.840438097715377808e-01,1.966053843498229980e-01,2.161916941404342651e-01,2.543384730815887451e-01,3.410505354404449463e-01,3.463429808616638184e-01,2.690576910972595215e-01,2.378714531660079956e-01,2.221568226814270020e-01,2.180397808551788330e-01,2.249240726232528687e-01,2.374916076660156250e-01,2.532845437526702881e-01,2.764500081539154053e-01,3.222576379776000977e-01,1.000000000000000000e+00,7.262607812881469727e-01
6.871572732925415039e-01,7.340674400329589844e-01,7.546729445457458496e-01,6.735589504241943359e-01,5.985839366912841797e-01,5.078665018081665039e-01,3.754120767116546631e-01,2.930270433425903320e-01,2.368432134389877319e-01,2.253911793231964111e-01,2.097463160753250122e-01,2.131015658378601074e-01,2.378478646278381348e-01,2.524381577968597412e-01,2.972684800624847412e-01,3.641926348209381104e-01,4.430729150772094727e-01,5.580110549926757812e-01,7.538667917251586914e-01,8.085632920265197754e-01,8.408305644989013672e-01,8.989690542221069336e-01,1.000000000000000000e+00,7.688837647438049316e-01,4.310015141963958740e-01,3.182833790779113770e-01,2.417260706424713135e-01,2.187337130308151245e-01,2.240382581949234009e-01,2.193052768707275391e-01,2.417260706424713135e-01,2.701421380043029785e-01,2.964853644371032715e-01,3.330729305744171143e-01,6.250566244125366211e-01,7.489168047904968262e-01,2.464916557073593140e-01
1.613390296697616577e-01,1.667504608631134033e-01,1.702845394611358643e-01,1.734230965375900269e-01,1.683599799871444702e-01,1.575509905815124512e-01,1.452877223491668701e-01,1.439864039421081543e-01,1.432038694620132446e-01,1.611996740102767944e-01,1.765058338642120361e-01,1.929743289947509766e-01,2.121409773826599121e-01,2.239802479743957520e-01,2.581481039524078369e-01,3.054780662059783936e-01,3.622570335865020752e-01,4.686898589134216309e-01,7.242076992988586426e-01,9.013634920120239258e-01,9.378620982170104980e-01,1.000000000000000000e+00,3.065338134765625000e-01,1.836200505495071411e-01,1.547807306051254272e-01,1.439473778009414673e-01,1.476468443870544434e-01,1.602383255958557129e-01,1.597994416952133179e-01,1.637070924043655396e-01,1.627950668334960938e-01,1.540712714195251465e-01,1.547988802194595337e-01,1.589356958866119385e-01,1.599400043487548828e-01,7.303405404090881348e-01,1.517245769500732422e-01
5.328416079282760620e-02,6.111041456460952759e-02,8.304806053638458252e-02,1.735284328460693359e-01,1.000000000000000000e+00,8.783791661262512207e-01,6.212779879570007324e-01,5.009844899177551270e-01,4.146909415721893311e-01,3.633523881435394287e-01,8.317273855209350586e-02,5.538200959563255310e-02,4.328346997499465942e-02,3.737384453415870667e-02,3.412761911749839783e-02,3.314177691936492920e-02,3.257412835955619812e-02,3.257412835955619812e-02,3.257412835955619812e-02,3.257412835955619812e-02,3.314177691936492920e-02,3.369986265897750854e-02,3.461001440882682800e-02,3.910803794860839844e-02,4.192139953374862671e-02,3.687141090631484985e-02,3.664589673280715942e-02,3.664589673280715942e-02,3.670240566134452820e-02,3.825077041983604431e-02,3.889549151062965393e-02,3.889549151062965393e-02,4.015389084815979004e-02,4.197080433368682861e-02,4.446435719728469849e-02,2.123793959617614746e-01,1.000000000000000000e+00
4.319170415401458740e-01,4.660670161247253418e-01,5.324657559394836426e-01,5.052116513252258301e-01,4.537186920642852783e-01,4.982791543006896973e-01,5.116619467735290527e-01,4.977375268936157227e-01,4.468769729137420654e-01,4.019162952899932861e-01,3.825143575668334961e-01,3.742598295211791992e-01,3.620350062847137451e-01,3.667106330394744873e-01,3.509638905525207520e-01,3.730439543724060059e-01,3.838481903076171875e-01,3.966180980205535889e-01,4.478924572467803955e-01,5.028455853462219238e-01,6.689744591712951660e-01,1.000000000000000000e+00,7.798428535461425781e-01,6.467899084091186523e-01,5.626465082168579102e-01,5.131581425666809082e-01,4.904969036579132080e-01,4.358110725879669189e-01,4.004653990268707275e-01,3.720149695873260498e-01,3.655084967613220215e-01,3.606204986572265625e-01,3.765290081501007080e-01,3.813620209693908691e-01,3.837002217769622803e-01,1.000000000000000000e+00,5.165937542915344238e-01
7.882707118988037109e-01,8.798618912696838379e-01,1.000000000000000000e+00,1.313642412424087524e-01,1.267372816801071167e-01,1.229710802435874939e-01,1.232136264443397522e-01,1.234556958079338074e-01,1.213212013244628906e-01,1.164877340197563171e-01,1.152638867497444153e-01,1.175084561109542847e-01,1.236972883343696594e-01,1.341194510459899902e-01,1.425369083881378174e-01,1.557488739490509033e-01,1.799401342868804932e-01,1.945686489343643188e-01,2.086731046438217163e-01,2.267737984657287598e-01,3.171257674694061279e-01,2.272997945547103882e-01,1.777700930833816528e-01,1.491390615701675415e-01,1.314210444688796997e-01,1.219960674643516541e-01,1.197732836008071899e-01,1.200222894549369812e-01,1.258507966995239258e-01,1.385000199079513550e-01,1.640120148658752441e-01,1.985933333635330200e-01,2.643710970878601074e-01,3.971302807331085205e-01,6.841396093368530273e-01,4.518307447433471680e-01,1.000000000000000000e+00
6.292847394943237305e-01,7.193263769149780273e-01,8.123388290405273438e-01,1.000000000000000000e+00,9.498760104179382324e-01,9.767731428146362305e-01,8.227119445800781250e-01,4.673153162002563477e-01,2.282810509204864502e-01,1.719240099191665649e-01,1.633824259042739868e-01,1.534967869520187378e-01,1.505531370639801025e-01,1.540061384439468384e-01,1.705519855022430420e-01,1.926093548536300659e-01,4.715574383735656738e-01,5.464628934860229492e-01,5.917554497718811035e-01,6.264873147010803223e-01,3.733311891555786133e-01,2.677511572837829590e-01,2.109611630439758301e-01,1.759758889675140381e-01,1.565995067358016968e-01,1.447181552648544312e-01,1.419078260660171509e-01,1.422228366136550903e-01,1.495839804410934448e-01,1.654915511608123779e-01,1.941136866807937622e-01,2.365130484104156494e-01,3.130918145179748535e-01,4.608061015605926514e-01,5.412584543228149414e-01,4.251452386379241943e-01,8.538981080055236816e-01
3.291985392570495605e-01,3.752318024635314941e-01,3.903980553150177002e-01,3.648197352886199951e-01,3.694835305213928223e-01,3.830821514129638672e-01,3.937248587608337402e-01,3.694835305213928223e-01,3.362149000167846680e-01,3.046531975269317627e-01,2.964183986186981201e-01,2.928313612937927246e-01,2.795085012912750244e-01,2.750943601131439209e-01,2.690962255001068115e-01,2.886674106121063232e-01,2.884124219417572021e-01,3.089914321899414062e-01,3.366721570491790771e-01,4.010801315307617188e-01,1.000000000000000000e+00,7.108898758888244629e-01,5.563784241676330566e-01,4.570602774620056152e-01,3.993251919746398926e-01,3.637731671333312988e-01,3.439834117889404297e-01,3.206346929073333740e-01,2.961023151874542236e-01,2.816540002822875977e-01,2.800822556018829346e-01,2.750943601131439209e-01,2.915264964103698730e-01,2.915035486221313477e-01,3.192968070507049561e-01,1.000000000000000000e+00,4.359383881092071533e-01
7.617950439453125000e-01,8.716996312141418457e-01,1.000000000000000000e+00,9.875916838645935059e-01,1.647589355707168579e-01,1.438153535127639771e-01,1.330004781484603882e-01,1.231689676642417908e-01,1.176437363028526306e-01,1.142107620835304260e-01,1.133755743503570557e-01,1.156064644455909729e-01,1.227341666817665100e-01,1.365701109170913696e-01,1.520077288150787354e-01,1.697312146425247192e-01,1.822854876518249512e-01,1.906942129135131836e-01,2.068318575620651245e-01,2.408267557621002197e-01,3.232206404209136963e-01,2.305440157651901245e-01,1.831956207752227783e-01,1.523590087890625000e-01,1.341123580932617188e-01,1.230242028832435608e-01,1.206351593136787415e-01,1.210775002837181091e-01,1.275285929441452026e-01,1.406835615634918213e-01,1.658011525869369507e-01,2.019789069890975952e-01,2.697484195232391357e-01,4.044427573680877686e-01,6.585398316383361816e-01,4.438263773918151855e-01,8.380076289176940918e-01
6.362356543540954590e-01,7.242626547813415527e-01,8.576460480690002441e-01,1.000000000000000000e+00,9.905445575714111328e-01,9.958634376525878906e-01,8.165397644042968750e-01,4.961070120334625244e-01,2.562862038612365723e-01,1.904639303684234619e-01,1.833070665597915649e-01,1.790583431720733643e-01,1.877672374248504639e-01,2.331665754318237305e-01,3.385590314865112305e-01,4.236249029636383057e-01,5.139409899711608887e-01,5.596169829368591309e-01,6.324585676193237305e-01,5.586532354354858398e-01,3.364492654800415039e-01,2.385518252849578857e-01,1.894508153200149536e-01,1.596853286027908325e-01,1.394176483154296875e-01,1.299142688512802124e-01,1.272199004888534546e-01,1.275220960378646851e-01,1.332056075334548950e-01,1.474674940109252930e-01,1.708637177944183350e-01,2.097008377313613892e-01,2.805554568767547607e-01,4.189884960651397705e-01,5.416525602340698242e-01,3.708160519599914551e-01,7.255120873451232910e-01
7.366730570793151855e-01,8.559810519218444824e-01,1.000000000000000000e+00,3.113653063774108887e-01,2.589067816734313965e-01,2.104007303714752197e-01,1.610700935125350952e-01,1.251516789197921753e-01,8.397168666124343872e-02,5.891843512654304504e-02,4.781672358512878418e-02,4.512315243482589722e-02,4.493784159421920776e-02,4.493784159421920776e-02,4.512315243482589722e-02,4.657911136746406555e-02,5.207703262567520142e-02,6.517235934734344482e-02,2.311693280935287476e-01,1.821722984313964844e-01,1.111685782670974731e-01,7.858151197433471680e-02,6.536413729190826416e-02,5.450414493680000305e-02,4.936236515641212463e-02,4.657911136746406555e-02,4.621942341327667236e-02,4.621942341327667236e-02,4.764189198613166809e-02,5.167488753795623779e-02,5.955236405134201050e-02,6.956944614648818970e-02,9.315822273492813110e-02,1.352461129426956177e-01,2.725972533226013184e-01,2.083931267261505127e-01,1.000000000000000000e+00
2.817371189594268799e-01,2.864411771297454834e-01,2.886426448822021484e-01,2.684591114521026611e-01,2.762581408023834229e-01,2.793469727039337158e-01,2.930440008640289307e-01,2.695572674274444580e-01,2.503280043601989746e-01,2.401171326637268066e-01,2.334835976362228394e-01,2.342054694890975952e-01,2.345055937767028809e-01,2.303293645381927490e-01,2.295136004686355591e-01,2.440683543682098389e-01,2.428742945194244385e-01,2.766990959644317627e-01,2.880083918571472168e-01,3.388304412364959717e-01,1.000000000000000000e+00,7.103090882301330566e-01,5.485814213752746582e-01,4.520897865295410156e-01,3.973994553089141846e-01,3.588322699069976807e-01,3.216789960861206055e-01,2.810705900192260742e-01,2.575297057628631592e-01,2.425458580255508423e-01,2.403708696365356445e-01,2.321341484785079956e-01,2.383137792348861694e-01,2.473696917295455933e-01,2.517289519309997559e-01,1.000000000000000000e+00,3.718824982643127441e-01
6.754748821258544922e-01,7.893460988998413086e-01,8.873524069786071777e-01,1.000000000000000000e+00,9.990999698638916016e-01,9.582725167274475098e-01,7.685581445693969727e-01,3.947383463382720947e-01,2.180112600326538086e-01,1.745142787694931030e-01,1.629630774259567261e-01,1.645652800798416138e-01,1.724073886871337891e-01,2.085202783346176147e-01,3.088610768318176270e-01,3.907057940959930420e-01,4.809078574180603027e-01,5.475497245788574219e-01,6.154881119728088379e-01,8.297218084335327148e-01,4.936009347438812256e-01,3.534042835235595703e-01,2.761180400848388672e-01,2.251582890748977661e-01,1.974878311157226562e-01,1.817218959331512451e-01,1.774958372116088867e-01,1.783385425806045532e-01,1.890017092227935791e-01,2.101764678955078125e-01,2.449711561203002930e-01,3.100118637084960938e-01,4.046555161476135254e-01,5.079904198646545410e-01,5.829122662544250488e-01,5.202406644821166992e-01,6.599749922752380371e-01
7.723701000213623047e-01,8.789411783218383789e-01,1.000000000000000000e+00,9.972570538520812988e-01,2.027656435966491699e-01,1.820430606603622437e-01,1.589622646570205688e-01,1.394219845533370972e-01,1.229633092880249023e-01,1.137769073247909546e-01,1.140496432781219482e-01,1.166532412171363831e-01,1.183279827237129211e-01,1.207965761423110962e-01,1.258765459060668945e-01,1.326855421066284180e-01,1.366081237792968750e-01,1.460959315299987793e-01,1.705894917249679565e-01,2.348990291357040405e-01,3.191112577915191650e-01,2.295926660299301147e-01,1.801272034645080566e-01,1.512847840785980225e-01,1.324120759963989258e-01,1.218210160732269287e-01,1.190695837140083313e-01,1.194603368639945984e-01,1.262052059173583984e-01,1.401997506618499756e-01,1.639019399881362915e-01,1.982723772525787354e-01,2.590517997741699219e-01,3.908630013465881348e-01,6.444555521011352539e-01,4.662123620510101318e-01,8.289897441864013672e-01
7.212642431259155273e-01,8.630683422088623047e-01,1.000000000000000000e+00,3.564142882823944092e-01,2.967504262924194336e-01,2.158421128988265991e-01,1.408770233392715454e-01,5.568653345108032227e-02,4.321910068392753601e-02,3.867520764470100403e-02,3.867520764470100403e-02,3.867520764470100403e-02,3.895717114210128784e-02,4.202071204781532288e-02,4.430286958813667297e-02,4.725158959627151489e-02,5.216871574521064758e-02,7.417224347591400146e-02,1.891607195138931274e-01,1.565993577241897583e-01,1.015016436576843262e-01,7.348041236400604248e-02,5.924180150032043457e-02,5.096602067351341248e-02,4.615801945328712463e-02,4.355543851852416992e-02,4.321910068392753601e-02,4.321910068392753601e-02,4.454922676086425781e-02,4.832042008638381958e-02,5.568653345108032227e-02,6.505335867404937744e-02,8.711087703704833984e-02,1.264666467905044556e-01,2.549016773700714111e-01,2.030231654644012451e-01,1.000000000000000000e+00
2.906379997730255127e-01,3.644211888313293457e-01,4.787344336509704590e-01,6.352618932723999023e-01,8.456407189369201660e-01,9.342203736305236816e-01,9.995318055152893066e-01,9.415448904037475586e-01,8.279777169227600098e-01,6.549090147018432617e-01,5.094541907310485840e-01,4.579957425594329834e-01,4.517697989940643311e-01,4.670538008213043213e-01,5.941001176834106445e-01,7.780487537384033203e-01,9.120094776153564453e-01,1.000000000000000000e+00,8.304616212844848633e-01,2.558616399765014648e-01,1.557931452989578247e-01,1.141790822148323059e-01,9.926588088274002075e-02,8.462908864021301270e-02,7.649428397417068481e-02,7.272993028163909912e-02,7.256884872913360596e-02,7.256884872913360596e-02,7.400599122047424316e-02,8.008188009262084961e-02,9.293346852064132690e-02,1.096833050251007080e-01,1.302650719881057739e-01,1.913886368274688721e-01,2.315137088298797607e-01,1.992689818143844604e-01,6.789162158966064453e-01
2.278010100126266479e-01,2.289660573005676270e-01,2.342967838048934937e-01,2.442187368869781494e-01,2.440314143896102905e-01,2.492901533842086792e-01,2.703171372413635254e-01,2.714987993240356445e-01,2.475328445434570312e-01,2.258213758468627930e-01,2.161129415035247803e-01,2.179709821939468384e-01,2.104996740818023682e-01,2.105194181203842163e-01,2.027942389249801636e-01,2.184853553771972656e-01,2.217528522014617920e-01,2.289660573005676270e-01,2.596642971038818359e-01,2.839681804180145264e-01,1.000000000000000000e+00,7.114034295082092285e-01,5.534777641296386719e-01,4.582043886184692383e-01,3.974395394325256348e-01,3.469867110252380371e-01,2.798388004302978516e-01,2.477175295352935791e-01,2.296006977558135986e-01,2.238242328166961670e-01,2.141029089689254761e-01,2.146265506744384766e-01,2.076561599969863892e-01,2.179519087076187134e-01,2.267583608627319336e-01,1.000000000000000000e+00,3.590790331363677979e-01
7.119008302688598633e-01,8.406441807746887207e-01,9.310840964317321777e-01,9.854241609573364258e-01,1.000000000000000000e+00,2.436042129993438721e-01,2.081017494201660156e-01,1.926050484180450439e-01,1.846863478422164917e-01,1.802315562963485718e-01,1.745346784591674805e-01,1.814463436603546143e-01,1.901177465915679932e-01,2.034039050340652466e-01,2.166188806295394897e-01,2.324050217866897583e-01,2.329714894294738770e-01,2.539937496185302734e-01,3.293158113956451416e-01,7.633254528045654297e-01,5.052846670150756836e-01,3.603208959102630615e-01,2.822601199150085449e-01,2.342879027128219604e-01,2.053744047880172729e-01,1.893458366394042969e-01,1.836924403905868530e-01,1.846863478422164917e-01,1.961836218833923340e-01,2.186712324619293213e-01,2.570885419845581055e-01,3.154139220714569092e-01,4.124922156333923340e-01,5.205181837081909180e-01,5.964605212211608887e-01,6.436830759048461914e-01,6.752023696899414062e-01
2.435644865036010742e-01,3.236577510833740234e-01,4.391468167304992676e-01,5.370506048202514648e-01,6.482445597648620605e-01,7.242955565452575684e-01,7.658421397209167480e-01,6.818141937255859375e-01,5.359527468681335449e-01,3.592813014984130859e-01,2.874286174774169922e-01,2.805070281028747559e-01,3.129573464393615723e-01,3.912692964076995850e-01,4.474082589149475098e-01,5.063713192939758301e-01,5.313458442687988281e-01,6.463356018066406250e-01,1.000000000000000000e+00,4.009828269481658936e-01,2.405758500099182129e-01,1.737251132726669312e-01,1.367285698652267456e-01,1.152317598462104797e-01,1.024683490395545959e-01,9.474184364080429077e-02,9.303709864616394043e-02,9.331195056438446045e-02,9.635002166032791138e-02,1.025308147072792053e-01,1.191649660468101501e-01,1.402877569198608398e-01,1.664990484714508057e-01,1.822149753570556641e-01,2.112439125776290894e-01,3.546825051307678223e-01,6.423702239990234375e-01
6.646351218223571777e-01,8.418143987655639648e-01,9.565826654434204102e-01,1.000000000000000000e+00,3.637802004814147949e-01,2.869463264942169189e-01,2.063667327165603638e-01,8.928983658552169800e-02,7.063573598861694336e-02,6.529200822114944458e-02,6.509304791688919067e-02,6.575390696525573730e-02,6.769779324531555176e-02,7.280594110488891602e-02,7.999308407306671143e-02,9.469476342201232910e-02,1.191579848527908325e-01,1.480850428342819214e-01,2.147446572780609131e-01,2.931474149227142334e-01,1.791597902774810791e-01,1.296869814395904541e-01,1.019079536199569702e-01,8.648576587438583374e-02,7.645571231842041016e-02,7.154798507690429688e-02,7.057449966669082642e-02,7.063573598861694336e-02,7.351510226726531982e-02,8.026287704706192017e-02,9.377714991569519043e-02,1.129743233323097229e-01,1.525717377662658691e-01,2.259677797555923462e-01,4.520599246025085449e-01,3.192331194877624512e-01,8.823685646057128906e-01
7.053079605102539062e-01,8.860394358634948730e-01,1.000000000000000000e+00,4.875594973564147949e-01,1.218368038535118103e-01,7.765603065490722656e-02,5.973540991544723511e-02,4.925908148288726807e-02,4.274317994713783264e-02,3.889688104391098022e-02,3.889688104391098022e-02,3.889688104391098022e-02,4.077789559960365295e-02,4.348803311586380005e-02,4.549313336610794067e-02,5.138634145259857178e-02,6.167518347501754761e-02,8.388519287109375000e-02,1.362438797950744629e-01,1.548749208450317383e-01,1.003839299082756042e-01,7.267126441001892090e-02,5.858944356441497803e-02,5.040479451417922974e-02,4.564973339438438416e-02,4.307581484317779541e-02,4.274317994713783264e-02,4.274317994713783264e-02,4.405866190791130066e-02,4.778832569718360901e-02,5.507332459092140198e-02,6.433700770139694214e-02,8.615162968635559082e-02,1.250740140676498413e-01,2.520947456359863281e-01,2.158809602260589600e-01,1.000000000000000000e+00
2.477668821811676025e-01,2.550815045833587646e-01,2.735948860645294189e-01,2.989643812179565430e-01,2.608811259269714355e-01,2.300217449665069580e-01,2.572889924049377441e-01,3.469085693359375000e-01,3.047179281711578369e-01,2.664209008216857910e-01,2.397100925445556641e-01,2.282337844371795654e-01,2.090059369802474976e-01,2.097715288400650024e-01,2.068644315004348755e-01,2.011898458003997803e-01,2.185868322849273682e-01,2.339947223663330078e-01,2.478567361831665039e-01,5.864540934562683105e-01,1.000000000000000000e+00,7.095930576324462891e-01,5.537019968032836914e-01,4.573836624622344971e-01,3.872667253017425537e-01,3.062339425086975098e-01,2.507503032684326172e-01,2.230235487222671509e-01,2.033911198377609253e-01,1.987851113080978394e-01,2.029747217893600464e-01,1.987851113080978394e-01,2.108724862337112427e-01,2.143907546997070312e-01,2.242183238267898560e-01,1.000000000000000000e+00,3.495119810104370117e-01
6.381312012672424316e-01,7.623742818832397461e-01,9.064646363258361816e-01,1.000000000000000000e+00,8.981364965438842773e-01,9.752983450889587402e-01,2.407253831624984741e-01,2.193935960531234741e-01,2.113731652498245239e-01,2.064113616943359375e-01,2.057636529207229614e-01,2.126693725585937500e-01,2.197154760360717773e-01,2.303918153047561646e-01,2.410513460636138916e-01,2.384311407804489136e-01,2.499116510152816772e-01,2.949603199958801270e-01,4.561594128608703613e-01,8.191720843315124512e-01,5.946402549743652344e-01,4.227463304996490479e-01,3.318406939506530762e-01,2.760381400585174561e-01,2.410513460636138916e-01,2.201082259416580200e-01,2.139944285154342651e-01,2.157849073410034180e-01,2.282001674175262451e-01,2.550124228000640869e-01,2.998447418212890625e-01,3.551792502403259277e-01,4.094230532646179199e-01,4.650074541568756104e-01,5.414200425148010254e-01,7.582128047943115234e-01,6.259809136390686035e-01
6.441997885704040527e-01,8.123323321342468262e-01,9.745986461639404297e-01,1.000000000000000000e+00,4.113676249980926514e-01,3.220093250274658203e-01,1.264008134603500366e-01,9.474141150712966919e-02,8.410134911537170410e-02,8.138943463563919067e-02,8.149964362382888794e-02,8.308125287294387817e-02,8.568730950355529785e-02,9.111937135457992554e-02,1.038704663515090942e-01,1.219922155141830444e-01,1.432131677865982056e-01,1.991824209690093994e-01,3.237884044647216797e-01,3.349614739418029785e-01,2.203221768140792847e-01,1.562515497207641602e-01,1.229450106620788574e-01,1.048595309257507324e-01,9.248819947242736816e-02,8.521462231874465942e-02,8.388762176036834717e-02,8.410134911537170410e-02,8.811461180448532104e-02,9.661766141653060913e-02,1.124592944979667664e-01,1.390150636434555054e-01,1.849035918712615967e-01,2.738174498081207275e-01,5.063571929931640625e-01,4.071883559226989746e-01,8.565319776535034180e-01
1.233218610286712646e-01,1.513231396675109863e-01,2.231378108263015747e-01,4.029102921485900879e-01,5.727029442787170410e-01,6.951361298561096191e-01,6.452744603157043457e-01,7.601826786994934082e-01,5.829303264617919922e-01,3.982491791248321533e-01,3.252764642238616943e-01,3.219441175460815430e-01,3.739746510982513428e-01,4.364606440067291260e-01,4.907450079917907715e-01,5.164892673492431641e-01,5.688920617103576660e-01,7.609199881553649902e-01,1.000000000000000000e+00,3.789182007312774658e-01,2.249531000852584839e-01,1.626287698745727539e-01,1.266254931688308716e-01,1.081472784280776978e-01,8.804563432931900024e-02,7.447127252817153931e-02,6.707009673118591309e-02,6.558359414339065552e-02,6.558359414339065552e-02,6.595835834741592407e-02,6.968360394239425659e-02,7.203167676925659180e-02,7.889112830162048340e-02,8.804563432931900024e-02,1.013222932815551758e-01,2.930018603801727295e-01,6.194386482238769531e-01
6.655772328376770020e-01,8.450091481208801270e-01,1.000000000000000000e+00,5.215925574302673340e-01,1.475557237863540649e-01,9.318685531616210938e-02,6.464415043592453003e-02,5.317945405840873718e-02,4.901206493377685547e-02,4.707296192646026611e-02,4.707296192646026611e-02,4.742504656314849854e-02,4.867146536707878113e-02,5.292860418558120728e-02,6.088032945990562439e-02,7.498557865619659424e-02,9.710337966680526733e-02,1.296224147081375122e-01,1.341630816459655762e-01,1.361325532197952271e-01,1.212678104639053345e-01,8.728751540184020996e-02,6.931352615356445312e-02,5.938644707202911377e-02,5.317945405840873718e-02,4.961925745010375977e-02,4.901206493377685547e-02,4.901206493377685547e-02,5.068075284361839294e-02,5.538598448038101196e-02,6.407549977302551270e-02,7.695633918046951294e-02,1.004713401198387146e-01,1.501042097806930542e-01,3.006735444068908691e-01,2.808195650577545166e-01,1.000000000000000000e+00
2.050528079271316528e-01,1.902064234018325806e-01,1.862870305776596069e-01,1.920021325349807739e-01,2.049481868743896484e-01,2.050528079271316528e-01,2.047178149223327637e-01,1.985266655683517456e-01,1.889165639877319336e-01,1.824480593204498291e-01,1.783101558685302734e-01,1.763507723808288574e-01,1.752038002014160156e-01,1.722905337810516357e-01,1.723154336214065552e-01,1.865631490945816040e-01,1.875492334365844727e-01,2.005474567413330078e-01,2.285391986370086670e-01,5.664165616035461426e-01,1.000000000000000000e+00,7.095382809638977051e-01,5.539656281471252441e-01,4.530438780784606934e-01,3.630339503288269043e-01,2.635798752307891846e-01,2.197551131248474121e-01,1.982455849647521973e-01,1.860105097293853760e-01,1.819772124290466309e-01,1.783101558685302734e-01,1.804622858762741089e-01,1.925598531961441040e-01,2.037727236747741699e-01,2.114181369543075562e-01,1.000000000000000000e+00,3.573246300220489502e-01
6.855761408805847168e-01,8.422567844390869141e-01,9.975643754005432129e-01,9.942935705184936523e-01,1.000000000000000000e+00,8.304725885391235352e-01,2.649576365947723389e-01,2.444198727607727051e-01,2.391954213380813599e-01,2.334521263837814331e-01,2.349677830934524536e-01,2.391081154346466064e-01,2.498276680707931519e-01,2.622246146202087402e-01,2.688303887844085693e-01,2.826137542724609375e-01,2.925967574119567871e-01,3.401202261447906494e-01,5.488270521163940430e-01,9.867042899131774902e-01,6.712482571601867676e-01,4.772765040397644043e-01,3.762083053588867188e-01,3.118726611137390137e-01,2.718044221401214600e-01,2.493675500154495239e-01,2.376188635826110840e-01,2.391954213380813599e-01,2.529838681221008301e-01,2.814291119575500488e-01,3.263662457466125488e-01,3.766243457794189453e-01,4.271287024021148682e-01,4.740499258041381836e-01,5.551820993423461914e-01,8.331075310707092285e-01,6.319297552108764648e-01
6.193775534629821777e-01,8.183184862136840820e-01,9.887852072715759277e-01,1.000000000000000000e+00,4.198623895645141602e-01,3.306703269481658936e-01,1.333087086677551270e-01,1.029215231537818909e-01,9.184951335191726685e-02,8.583742380142211914e-02,8.395583182573318481e-02,8.630141615867614746e-02,9.293013066053390503e-02,1.028730049729347229e-01,1.139253005385398865e-01,1.286591738462448120e-01,1.510398685932159424e-01,1.940077990293502808e-01,3.509564995765686035e-01,3.701729476451873779e-01,2.253170162439346313e-01,1.647907942533493042e-01,1.319915801286697388e-01,1.105901747941970825e-01,9.754274040460586548e-02,8.987165987491607666e-02,8.847214281558990479e-02,8.869754523038864136e-02,9.293013066053390503e-02,1.018978878855705261e-01,1.186052709817886353e-01,1.466123312711715698e-01,1.950086951255798340e-01,2.887817621231079102e-01,4.893486201763153076e-01,4.558512866497039795e-01,8.600912094116210938e-01
1.188818737864494324e-01,1.492512077093124390e-01,2.397066652774810791e-01,3.626326024532318115e-01,5.022454857826232910e-01,5.222229957580566406e-01,5.685583353042602539e-01,5.341917872428894043e-01,4.484692513942718506e-01,3.263093233108520508e-01,2.750391066074371338e-01,2.669886946678161621e-01,2.838306128978729248e-01,3.605103492736816406e-01,4.231352508068084717e-01,4.776901900768280029e-01,5.065595507621765137e-01,6.284170746803283691e-01,1.000000000000000000e+00,5.656602978706359863e-01,3.387260437011718750e-01,2.339029461145401001e-01,1.846492141485214233e-01,1.448507606983184814e-01,1.165468096733093262e-01,9.292738884687423706e-02,8.129165321588516235e-02,7.171025127172470093e-02,6.674717366695404053e-02,6.674717366695404053e-02,6.943830102682113647e-02,7.452962547540664673e-02,7.893279939889907837e-02,8.487570285797119141e-02,9.439475089311599731e-02,3.380716145038604736e-01,5.952011346817016602e-01
6.421746015548706055e-01,8.438404798507690430e-01,1.000000000000000000e+00,5.296682715415954590e-01,1.549803465604782104e-01,1.055268049240112305e-01,7.395169883966445923e-02,5.585530772805213928e-02,5.147822946310043335e-02,4.731729626655578613e-02,4.605946689844131470e-02,4.605946689844131470e-02,4.739480093121528625e-02,5.176264047622680664e-02,5.798327550292015076e-02,6.907591968774795532e-02,7.968527078628540039e-02,1.310623437166213989e-01,1.761305779218673706e-01,1.812856942415237427e-01,1.188427060842514038e-01,9.167961031198501587e-02,6.896957010030746460e-02,5.861286073923110962e-02,5.585530772805213928e-02,5.211597308516502380e-02,5.147822946310043335e-02,5.147822946310043335e-02,5.323088169097900391e-02,5.817286670207977295e-02,6.729961186647415161e-02,8.082859218120574951e-02,1.055268049240112305e-01,1.576570719480514526e-01,3.158026635646820068e-01,3.054803013801574707e-01,1.000000000000000000e+00
2.270333766937255859e-01,2.074881047010421753e-01,1.830873787403106689e-01,1.858990788459777832e-01,2.378290295600891113e-01,2.526679337024688721e-01,2.595606446266174316e-01,2.369990944862365723e-01,2.117658555507659912e-01,1.935920566320419312e-01,1.802764534950256348e-01,1.722692400217056274e-01,1.652153879404067993e-01,1.707687824964523315e-01,1.653613597154617310e-01,1.869560033082962036e-01,1.960277855396270752e-01,2.424010038375854492e-01,4.826405942440032959e-01,1.000000000000000000e+00,6.731362938880920410e-01,4.801429212093353271e-01,3.747284710407257080e-01,3.060959279537200928e-01,2.575699687004089355e-01,2.084355801343917847e-01,1.758501529693603516e-01,1.624170094728469849e-01,1.598465144634246826e-01,1.620451956987380981e-01,1.704623848199844360e-01,1.763981133699417114e-01,1.902395635843276978e-01,2.143515795469284058e-01,2.303217202425003052e-01,1.000000000000000000e+00,4.364487528800964355e-01
7.422760725021362305e-01,9.167037606239318848e-01,8.374014496803283691e-01,9.334120154380798340e-01,8.846248984336853027e-01,3.030168414115905762e-01,2.303941398859024048e-01,2.125047445297241211e-01,2.079561799764633179e-01,2.049311995506286621e-01,2.046453207731246948e-01,2.113998681306838989e-01,2.285657525062561035e-01,2.347989678382873535e-01,2.493111342191696167e-01,2.518422901630401611e-01,2.646510899066925049e-01,3.244159221649169922e-01,5.394003391265869141e-01,1.000000000000000000e+00,5.931119322776794434e-01,4.257893860340118408e-01,3.320558965206146240e-01,2.766564190387725830e-01,2.430084794759750366e-01,2.228593528270721436e-01,2.164626866579055786e-01,2.180794477462768555e-01,2.306057959794998169e-01,2.561449706554412842e-01,2.967697381973266602e-01,3.579351305961608887e-01,4.267736375331878662e-01,4.862176775932312012e-01,5.904572606086730957e-01,7.930560708045959473e-01,5.929458141326904297e-01
7.061964273452758789e-01,9.570429921150207520e-01,9.473379254341125488e-01,1.000000000000000000e+00,4.060574769973754883e-01,3.199419379234313965e-01,1.352125704288482666e-01,1.083957478404045105e-01,9.280347824096679688e-02,8.938542753458023071e-02,8.997499942779541016e-02,9.362281113862991333e-02,1.001121476292610168e-01,1.090980470180511475e-01,1.235901713371276855e-01,1.426959186792373657e-01,1.812835931777954102e-01,2.449120432138442993e-01,4.873350560665130615e-01,4.015766382217407227e-01,2.412627339363098145e-01,1.740418523550033569e-01,1.358194798231124878e-01,1.151752695441246033e-01,1.012789905071258545e-01,9.412346780300140381e-02,9.254991263151168823e-02,9.280347824096679688e-02,9.652701020240783691e-02,1.075797080993652344e-01,1.238276138901710510e-01,1.515215933322906494e-01,2.008395195007324219e-01,3.024416267871856689e-01,5.308625698089599609e-01,4.510324299335479736e-01,7.799298763275146484e-01
7.343486547470092773e-01,1.000000000000000000e+00,9.909992218017578125e-01,5.201961994171142578e-01,1.582522988319396973e-01,1.040392369031906128e-01,8.180536329746246338e-02,6.545801460742950439e-02,5.994233489036560059e-02,5.765068903565406799e-02,5.765068903565406799e-02,5.903635174036026001e-02,6.068698689341545105e-02,6.573189795017242432e-02,7.492791861295700073e-02,8.712283521890640259e-02,1.128206402063369751e-01,1.810466796159744263e-01,2.638994753360748291e-01,2.471485733985900879e-01,1.475908756256103516e-01,1.080625802278518677e-01,8.477126061916351318e-02,7.316894084215164185e-02,6.455986946821212769e-02,6.061293184757232666e-02,5.994233489036560059e-02,5.994233489036560059e-02,6.178714334964752197e-02,6.701756268739700317e-02,7.867074757814407349e-02,9.363291412591934204e-02,1.260571777820587158e-01,1.867133975028991699e-01,3.734869062900543213e-01,3.398811817169189453e-01,9.017365574836730957e-01
7.392557263374328613e-01,1.000000000000000000e+00,9.953545331954956055e-01,1.700537800788879395e-01,8.307101577520370483e-02,6.230326369404792786e-02,4.995879903435707092e-02,4.385398700833320618e-02,3.988557681441307068e-02,3.807163611054420471e-02,3.807163611054420471e-02,3.871618583798408508e-02,4.058846086263656616e-02,4.704319313168525696e-02,5.690591037273406982e-02,6.898142397403717041e-02,1.026402637362480164e-01,1.233518719673156738e-01,1.276338547468185425e-01,1.271064877510070801e-01,9.397359192371368408e-02,6.862173974514007568e-02,5.455890670418739319e-02,4.651417583227157593e-02,4.204308986663818359e-02,3.997411206364631653e-02,3.988557681441307068e-02,3.988557681441307068e-02,4.067546874284744263e-02,4.401491954922676086e-02,5.107846111059188843e-02,6.028457358479499817e-02,7.981546223163604736e-02,1.160876601934432983e-01,2.321296483278274536e-01,2.589570879936218262e-01,1.000000000000000000e+00
2.237971872091293335e-01,1.985395550727844238e-01,1.706171333789825439e-01,1.708002388477325439e-01,2.320433408021926880e-01,2.632672488689422607e-01,2.597409188747406006e-01,2.372389733791351318e-01,2.142892479896545410e-01,1.994428038597106934e-01,1.901145577430725098e-01,1.838453114032745361e-01,1.741307079792022705e-01,1.823086142539978027e-01,1.778825670480728149e-01,1.993448287248611450e-01,2.047596424818038940e-01,2.417258918285369873e-01,5.066106319427490234e-01,1.000000000000000000e+00,6.484897136688232422e-01,4.608167707920074463e-01,3.615176975727081299e-01,2.977961897850036621e-01,2.563642561435699463e-01,2.196914404630661011e-01,1.873193532228469849e-01,1.716218441724777222e-01,1.675435304641723633e-01,1.713484078645706177e-01,1.759389191865921021e-01,1.853060126304626465e-01,1.912824809551239014e-01,2.086349576711654663e-01,2.270386666059494019e-01,1.000000000000000000e+00,4.884275794029235840e-01
8.383072614669799805e-01,9.793823361396789551e-01,8.874234557151794434e-01,1.000000000000000000e+00,9.175876975059509277e-01,2.522904276847839355e-01,2.202343344688415527e-01,2.103076726198196411e-01,2.062996327877044678e-01,2.010784745216369629e-01,2.022121548652648926e-01,2.074047625064849854e-01,2.158583849668502808e-01,2.340613603591918945e-01,2.416662424802780151e-01,2.599737942218780518e-01,2.811692953109741211e-01,3.141275346279144287e-01,4.907606542110443115e-01,9.410738348960876465e-01,5.605151653289794922e-01,3.999015986919403076e-01,3.162717521190643311e-01,2.604321539402008057e-01,2.292994111776351929e-01,2.108740359544754028e-01,2.050916254520416260e-01,2.062996327877044678e-01,2.186490744352340698e-01,2.424464225769042969e-01,2.869080305099487305e-01,3.514032959938049316e-01,4.606315791606903076e-01,5.726717710494995117e-01,6.765932440757751465e-01,7.221022844314575195e-01,6.701556444168090820e-01
7.493448257446289062e-01,9.524040818214416504e-01,9.271987676620483398e-01,1.000000000000000000e+00,3.768436610698699951e-01,2.902501523494720459e-01,1.285054981708526611e-01,9.581311792135238647e-02,8.150872588157653809e-02,7.879430800676345825e-02,7.626182585954666138e-02,7.743568718433380127e-02,8.222173899412155151e-02,8.986886590719223022e-02,1.030189022421836853e-01,1.224148944020271301e-01,1.548713743686676025e-01,2.032633721828460693e-01,3.063838481903076172e-01,3.516251146793365479e-01,2.087499648332595825e-01,1.509147882461547852e-01,1.198743507266044617e-01,1.003575474023818970e-01,8.897875994443893433e-02,8.247948437929153442e-02,8.144359290599822998e-02,8.150872588157653809e-02,8.551189303398132324e-02,9.334444999694824219e-02,1.084882467985153198e-01,1.322900652885437012e-01,1.763098686933517456e-01,2.637364566326141357e-01,5.238488316535949707e-01,3.994608223438262939e-01,8.743993639945983887e-01
7.730155587196350098e-01,1.000000000000000000e+00,9.792983531951904297e-01,4.905865788459777832e-01,1.330289691686630249e-01,8.890422433614730835e-02,6.914848834276199341e-02,6.013246625661849976e-02,5.250335484743118286e-02,4.992848262190818787e-02,4.889536648988723755e-02,4.889536648988723755e-02,5.102409049868583679e-02,5.572639778256416321e-02,6.242338195443153381e-02,6.914848834276199341e-02,8.301509171724319458e-02,1.093333661556243896e-01,2.422568947076797485e-01,2.136482894420623779e-01,1.371231228113174438e-01,9.223899245262145996e-02,7.425095885992050171e-02,6.310117989778518677e-02,5.633378773927688599e-02,5.282645672559738159e-02,5.250335484743118286e-02,5.250335484743118286e-02,5.449131131172180176e-02,5.870053544640541077e-02,6.834404915571212769e-02,8.067616820335388184e-02,1.070926040410995483e-01,1.605064421892166138e-01,3.193654417991638184e-01,2.898798882961273193e-01,1.000000000000000000e+00
2.897647619247436523e-01,4.149749577045440674e-01,6.121886372566223145e-01,7.767673730850219727e-01,7.237824201583862305e-01,8.933040499687194824e-01,8.461999893188476562e-01,6.960210800170898438e-01,5.133066177368164062e-01,3.861749470233917236e-01,3.600828349590301514e-01,3.904646337032318115e-01,4.750434756278991699e-01,5.424738526344299316e-01,5.973182916641235352e-01,6.370021104812622070e-01,7.389866113662719727e-01,1.000000000000000000e+00,8.144262433052062988e-01,2.750587165355682373e-01,1.633930206298828125e-01,1.224413961172103882e-01,9.734915941953659058e-02,8.299499005079269409e-02,7.501725852489471436e-02,7.132559269666671753e-02,7.116761803627014160e-02,7.116761803627014160e-02,7.257701456546783447e-02,7.853557914495468140e-02,8.447355777025222778e-02,9.734915941953659058e-02,1.277497857809066772e-01,1.727026998996734619e-01,2.317049801349639893e-01,2.423180639743804932e-01,6.964277625083923340e-01
2.385157346725463867e-01,2.112592160701751709e-01,1.819529235363006592e-01,1.831660270690917969e-01,2.495143711566925049e-01,2.789891064167022705e-01,2.644566297531127930e-01,2.350759208202362061e-01,2.158294171094894409e-01,2.009324729442596436e-01,1.915014237165451050e-01,1.809392422437667847e-01,1.789156496524810791e-01,1.775889992713928223e-01,1.856088936328887939e-01,1.989613026380538940e-01,2.199637889862060547e-01,2.423716932535171509e-01,5.404615402221679688e-01,1.000000000000000000e+00,6.208469867706298828e-01,4.418007135391235352e-01,3.445021510124206543e-01,2.820533215999603271e-01,2.451435178518295288e-01,2.213247567415237427e-01,1.972941160202026367e-01,1.801075339317321777e-01,1.755695492029190063e-01,1.793556809425354004e-01,1.840655058622360229e-01,1.962066590785980225e-01,2.021802216768264771e-01,2.236026078462600708e-01,2.418911308050155640e-01,1.000000000000000000e+00,5.008314847946166992e-01
8.521970510482788086e-01,9.767971634864807129e-01,8.835247159004211426e-01,1.000000000000000000e+00,8.226568698883056641e-01,2.230713963508605957e-01,2.102117389440536499e-01,2.009042203426361084e-01,1.912756860256195068e-01,1.847596019506454468e-01,1.840314716100692749e-01,1.868820339441299438e-01,1.958279311656951904e-01,2.031058669090270996e-01,2.227702438831329346e-01,2.335464209318161011e-01,2.493929862976074219e-01,2.723595798015594482e-01,3.934727907180786133e-01,8.646993637084960938e-01,5.150255560874938965e-01,3.674468696117401123e-01,2.874978780746459961e-01,2.392963320016860962e-01,2.106902152299880981e-01,1.937601715326309204e-01,1.884470582008361816e-01,1.895570158958435059e-01,2.009042203426361084e-01,2.227702438831329346e-01,2.636235058307647705e-01,3.138438165187835693e-01,4.232482016086578369e-01,5.740756392478942871e-01,7.004835605621337891e-01,6.829113960266113281e-01,6.805547475814819336e-01
8.002020120620727539e-01,1.000000000000000000e+00,9.527297616004943848e-01,4.752830862998962402e-01,3.791435062885284424e-01,2.942095100879669189e-01,1.899968236684799194e-01,9.012908488512039185e-02,7.688051462173461914e-02,7.368282973766326904e-02,7.192403823137283325e-02,7.312461733818054199e-02,7.813605666160583496e-02,8.599970489740371704e-02,9.942418336868286133e-02,1.202667877078056335e-01,1.490589827299118042e-01,1.901584863662719727e-01,2.978085577487945557e-01,3.291463851928710938e-01,1.949989944696426392e-01,1.411523669958114624e-01,1.109174489974975586e-01,9.413181245326995850e-02,8.321502059698104858e-02,7.787341624498367310e-02,7.681386172771453857e-02,7.688051462173461914e-02,8.001444488763809204e-02,8.735877275466918945e-02,1.020678207278251648e-01,1.229621767997741699e-01,1.660603284835815430e-01,2.459451854228973389e-01,4.698857963085174561e-01,3.550240099430084229e-01,8.813837766647338867e-01
7.930032014846801758e-01,1.000000000000000000e+00,9.625141024589538574e-01,4.646976292133331299e-01,1.160757988691329956e-01,8.421262353658676147e-02,6.549942493438720703e-02,5.428289249539375305e-02,4.696974903345108032e-02,4.497718438506126404e-02,4.463644325733184814e-02,4.463644325733184814e-02,4.598426073789596558e-02,4.888115823268890381e-02,5.307408422231674194e-02,6.426402926445007324e-02,7.780471444129943848e-02,1.031574755907058716e-01,2.322337925434112549e-01,2.023737579584121704e-01,1.211914122104644775e-01,8.737140893936157227e-02,7.033262401819229126e-02,5.977123975753784180e-02,5.336097255349159241e-02,5.003872513771057129e-02,4.973267763853073120e-02,4.973267763853073120e-02,5.161572620272636414e-02,5.560282245278358459e-02,6.473743915557861328e-02,7.641877233982086182e-02,1.014411747455596924e-01,1.520362943410873413e-01,3.025120496749877930e-01,2.615405321121215820e-01,1.000000000000000000e+00
4.536114633083343506e-01,6.266480684280395508e-01,8.241315484046936035e-01,8.647096157073974609e-01,8.349182605743408203e-01,9.971166253089904785e-01,8.595706820487976074e-01,6.818292737007141113e-01,4.629004895687103271e-01,3.703163564205169678e-01,3.600877523422241211e-01,3.988740444183349609e-01,4.879851639270782471e-01,5.517702102661132812e-01,6.049839854240417480e-01,6.560036540031433105e-01,7.251898646354675293e-01,9.851084351539611816e-01,1.000000000000000000e+00,3.395467698574066162e-01,2.028612196445465088e-01,1.465260386466979980e-01,1.092645525932312012e-01,9.400084614753723145e-02,8.513304591178894043e-02,8.033289760351181030e-02,7.971255481243133545e-02,7.971255481243133545e-02,8.216582238674163818e-02,8.912134915590286255e-02,1.027072817087173462e-01,1.199832856655120850e-01,1.606657952070236206e-01,2.332528829574584961e-01,3.391079008579254150e-01,2.393168210983276367e-01,6.945075988769531250e-01
7.604321241378784180e-01,1.000000000000000000e+00,9.746451973915100098e-01,4.413589239120483398e-01,3.334074318408966064e-01,2.736379504203796387e-01,2.424493432044982910e-01,2.319519072771072388e-01,2.275978922843933105e-01,2.267170548439025879e-01,2.459091693162918091e-01,2.803795933723449707e-01,3.187486529350280762e-01,2.737191617488861084e-01,2.478004544973373413e-01,2.345255315303802490e-01,2.282806336879730225e-01,2.267170548439025879e-01,2.267170548439025879e-01,2.282806336879730225e-01,2.345255315303802490e-01,2.478004544973373413e-01,2.737191617488861084e-01,3.206263184547424316e-01,3.041874766349792480e-01,2.589440643787384033e-01,2.334804385900497437e-01,2.329084128141403198e-01,2.319519072771072388e-01,2.390324324369430542e-01,2.597156167030334473e-01,2.947593331336975098e-01,3.518988788127899170e-01,4.364964067935943604e-01,6.215701699256896973e-01,1.000000000000000000e+00,1.000000000000000000e+00
2.196008861064910889e-01,2.178008556365966797e-01,1.946048140525817871e-01,1.883338689804077148e-01,1.783494353294372559e-01,1.776860058307647705e-01,1.744439005851745605e-01,1.706797182559967041e-01,1.650513559579849243e-01,1.661211997270584106e-01,1.661211997270584106e-01,1.712553650140762329e-01,1.685910969972610474e-01,1.685910969972610474e-01,1.739919781684875488e-01,1.739919781684875488e-01,1.905160248279571533e-01,2.280433773994445801e-01,9.484384655952453613e-01,9.635716080665588379e-01,1.000000000000000000e+00,6.693251729011535645e-01,4.450782239437103271e-01,3.351328074932098389e-01,2.638196647167205811e-01,1.919570118188858032e-01,1.694063991308212280e-01,1.628905832767486572e-01,1.627697050571441650e-01,1.636140197515487671e-01,1.642144322395324707e-01,1.695225536823272705e-01,1.743310242891311646e-01,1.946048140525817871e-01,2.178008556365966797e-01,7.945319414138793945e-01,7.067060470581054688e-01
5.230721235275268555e-01,6.964087486267089844e-01,8.406761884689331055e-01,8.154097795486450195e-01,7.694336175918579102e-01,6.648078560829162598e-01,3.192221522331237793e-01,2.792941629886627197e-01,2.665734589099884033e-01,2.658960223197937012e-01,2.701021730899810791e-01,2.892862558364868164e-01,3.323700129985809326e-01,3.966902494430541992e-01,5.163919329643249512e-01,9.205031991004943848e-01,9.648900032043457031e-01,9.503880739212036133e-01,9.503880739212036133e-01,9.648900032043457031e-01,1.000000000000000000e+00,6.775053143501281738e-01,4.101032614707946777e-01,3.058040142059326172e-01,2.469034492969512939e-01,2.216930389404296875e-01,2.184145897626876831e-01,2.102092653512954712e-01,2.102092653512954712e-01,2.123434245586395264e-01,2.485416084527969360e-01,2.833014726638793945e-01,3.228737413883209229e-01,3.545562922954559326e-01,3.986178636550903320e-01,6.819321513175964355e-01,8.057290911674499512e-01
2.951446771621704102e-01,2.488643079996109009e-01,1.816785037517547607e-01,1.700775325298309326e-01,1.737562566995620728e-01,3.100728392601013184e-01,2.776902616024017334e-01,2.529750764369964600e-01,2.266999334096908569e-01,2.176173776388168335e-01,1.989280134439468384e-01,1.818855851888656616e-01,1.854925006628036499e-01,1.814296841621398926e-01,1.883922517299652100e-01,1.982076019048690796e-01,2.202310860157012939e-01,2.579849660396575928e-01,9.832584261894226074e-01,1.000000000000000000e+00,7.639285326004028320e-01,5.424461960792541504e-01,4.243031144142150879e-01,3.145328164100646973e-01,2.586262226104736328e-01,2.155315428972244263e-01,1.940230280160903931e-01,1.797620952129364014e-01,1.753521561622619629e-01,1.765076369047164917e-01,1.811805218458175659e-01,1.854925006628036499e-01,1.961072683334350586e-01,2.122934609651565552e-01,2.481674998998641968e-01,1.000000000000000000e+00,4.707857370376586914e-01
7.072023153305053711e-01,8.795576095581054688e-01,8.584712743759155273e-01,1.000000000000000000e+00,8.637598752975463867e-01,2.868279516696929932e-01,2.264890670776367188e-01,2.038812637329101562e-01,1.929850876331329346e-01,1.878038048744201660e-01,1.892374455928802490e-01,1.953513771295547485e-01,2.152308672666549683e-01,2.504050731658935547e-01,3.058439791202545166e-01,3.775096237659454346e-01,5.560721158981323242e-01,7.546970248222351074e-01,7.546970248222351074e-01,7.667763233184814453e-01,5.155159831047058105e-01,3.709010183811187744e-01,2.909908592700958252e-01,2.443966716527938843e-01,2.139082849025726318e-01,1.967986971139907837e-01,1.923538446426391602e-01,1.929850876331329346e-01,2.038812637329101562e-01,2.264890670776367188e-01,2.574301362037658691e-01,2.973759174346923828e-01,3.441008627414703369e-01,4.307755529880523682e-01,5.632435083389282227e-01,7.806683182716369629e-01,7.002422809600830078e-01
7.864592075347900391e-01,1.000000000000000000e+00,8.920158743858337402e-01,3.550326526165008545e-01,2.411748319864273071e-01,1.854269355535507202e-01,1.477125436067581177e-01,1.302582621574401855e-01,1.203546226024627686e-01,1.166268289089202881e-01,1.162655651569366455e-01,1.239703670144081116e-01,1.393094658851623535e-01,1.670051962137222290e-01,2.119624167680740356e-01,2.428262382745742798e-01,2.351695299148559570e-01,2.321992218494415283e-01,2.321992218494415283e-01,2.351695299148559570e-01,2.428262382745742798e-01,2.286391258239746094e-01,1.803667992353439331e-01,1.497864723205566406e-01,1.323408186435699463e-01,1.226626858115196228e-01,1.198291778564453125e-01,1.203546226024627686e-01,1.267112940549850464e-01,1.393597871065139771e-01,1.642536967992782593e-01,2.007152736186981201e-01,2.646021544933319092e-01,4.003111720085144043e-01,5.645628571510314941e-01,6.779487729072570801e-01,8.707624077796936035e-01
0.000000000000000000e+00,0.000000000000000000e+00,0.000000000000000000e+00,0.000000000000000000e+00,0.000000000000000000e+00,0.000000000000000000e+00,0.000000000000000000e+00,0.000000000000000000e+00,0.000000000000000000e+00,0.000000000000000000e+00,0.000000000000000000e+00,0.000000000000000000e+00,0.000000000000000000e+00,0.000000000000000000e+00,0.000000000000000000e+00,0.000000000000000000e+00,0.000000000000000000e+00,0.000000000000000000e+00,0.000000000000000000e+00,0.000000000000000000e+00,0.000000000000000000e+00,0.000000000000000000e+00,0.000000000000000000e+00,0.000000000000000000e+00,0.000000000000000000e+00,0.000000000000000000e+00,0.000000000000000000e+00,0.000000000000000000e+00,0.000000000000000000e+00,0.000000000000000000e+00,0.000000000000000000e+00,0.000000000000000000e+00,0.000000000000000000e+00,0.000000000000000000e+00,0.000000000000000000e+00,4.725097715854644775e-01,1.000000000000000000e+00
2.920558750629425049e-01,1.925847232341766357e-01,1.721627116203308105e-01,1.698895245790481567e-01,1.995640993118286133e-01,3.095303475856781006e-01,2.679813504219055176e-01,2.395470440387725830e-01,2.186399698257446289e-01,2.056657969951629639e-01,1.896964907646179199e-01,1.881324648857116699e-01,1.758713126182556152e-01,1.843752861022949219e-01,1.860127151012420654e-01,2.066087871789932251e-01,2.286187708377838135e-01,3.174670338630676270e-01,9.834727644920349121e-01,1.000000000000000000e+00,6.378785371780395508e-01,4.524681866168975830e-01,3.554588258266448975e-01,2.777552306652069092e-01,2.257438153028488159e-01,1.989397257566452026e-01,1.813992410898208618e-01,1.740939021110534668e-01,1.750292927026748657e-01,1.772365570068359375e-01,1.896145045757293701e-01,2.058547437191009521e-01,2.222377657890319824e-01,2.569007277488708496e-01,3.079437017440795898e-01,1.000000000000000000e+00,5.234107375144958496e-01
9.166548252105712891e-01,9.445097446441650391e-01,8.607261180877685547e-01,1.000000000000000000e+00,2.749708890914916992e-01,2.176617532968521118e-01,2.061666399240493774e-01,2.074502408504486084e-01,2.074502408504486084e-01,2.070735394954681396e-01,2.115497142076492310e-01,2.149909585714340210e-01,2.235369533300399780e-01,2.334463298320770264e-01,2.434655129909515381e-01,2.927928864955902100e-01,4.323721230030059814e-01,7.945197820663452148e-01,7.945197820663452148e-01,8.067485690116882324e-01,5.717970728874206543e-01,4.111576378345489502e-01,3.248984813690185547e-01,2.671360075473785400e-01,2.349797636270523071e-01,2.170151323080062866e-01,2.123600989580154419e-01,2.135333716869354248e-01,2.244432419538497925e-01,2.482292056083679199e-01,2.925260961055755615e-01,3.476071357727050781e-01,4.248672425746917725e-01,5.390729308128356934e-01,7.184765934944152832e-01,8.290523886680603027e-01,7.271903157234191895e-01
9.675483703613281250e-01,1.000000000000000000e+00,5.267407298088073730e-01,2.187732756137847900e-01,1.640306711196899414e-01,1.350046992301940918e-01,1.159872040152549744e-01,1.057794839143753052e-01,1.009616628289222717e-01,1.009616628289222717e-01,1.022981181740760803e-01,1.087342798709869385e-01,8.661784976720809937e-02,7.405874133110046387e-02,6.824088841676712036e-02,6.563197821378707886e-02,6.483881920576095581e-02,6.473898887634277344e-02,6.473898887634277344e-02,6.483881920576095581e-02,6.563197821378707886e-02,6.824088841676712036e-02,7.405874133110046387e-02,8.661784976720809937e-02,1.117267236113548279e-01,1.065106913447380066e-01,1.043017059564590454e-01,1.045494526624679565e-01,1.092091053724288940e-01,1.209017559885978699e-01,1.400832384824752808e-01,1.719239950180053711e-01,2.300144135951995850e-01,3.435092568397521973e-01,6.475197672843933105e-01,6.370810270309448242e-01,1.000000000000000000e+00
7.544752359390258789e-01,1.000000000000000000e+00,8.741924762725830078e-01,4.090552330017089844e-01,3.644140362739562988e-01,2.902212440967559814e-01,1.789923310279846191e-01,1.532898396253585815e-01,1.450974643230438232e-01,1.407684087753295898e-01,1.441466957330703735e-01,1.556144207715988159e-01,1.782653331756591797e-01,2.132674753665924072e-01,2.734991014003753662e-01,3.115232586860656738e-01,3.013777136802673340e-01,2.971660196781158447e-01,2.971660196781158447e-01,3.013777136802673340e-01,2.047888934612274170e-01,1.496077328920364380e-01,1.188792586326599121e-01,9.865178167819976807e-02,8.930391073226928711e-02,8.291659504175186157e-02,8.208324760198593140e-02,8.217626065015792847e-02,8.536786586046218872e-02,9.266236424446105957e-02,1.081100180745124817e-01,1.306356787681579590e-01,1.731349378824234009e-01,2.558648586273193359e-01,4.748900830745697021e-01,4.571864902973175049e-01,8.882281184196472168e-01
4.242819845676422119e-01,1.000000000000000000e+00,9.581987857818603516e-01,9.690846204757690430e-01,4.160221517086029053e-01,3.427486717700958252e-01,2.573402822017669678e-01,2.096505761146545410e-01,1.907020956277847290e-01,1.821246147155761719e-01,1.791075170040130615e-01,1.896841973066329956e-01,2.062021493911743164e-01,1.796271950006484985e-01,1.626593470573425293e-01,1.534501761198043823e-01,1.488968729972839355e-01,1.476880759000778198e-01,1.476880759000778198e-01,1.488968729972839355e-01,1.534501761198043823e-01,1.626593470573425293e-01,1.796271950006484985e-01,2.062021493911743164e-01,2.637252509593963623e-01,2.185915261507034302e-01,1.931305676698684692e-01,1.745662540197372437e-01,1.711231172084808350e-01,1.734123528003692627e-01,1.821639835834503174e-01,1.946467906236648560e-01,2.218797802925109863e-01,2.586742341518402100e-01,3.305877745151519775e-01,1.000000000000000000e+00,1.000000000000000000e+00
1.558139771223068237e-01,1.558139771223068237e-01,1.622654795646667480e-01,2.518902719020843506e-01,2.416171580553054810e-01,2.252975106239318848e-01,2.025876045227050781e-01,1.818648129701614380e-01,1.681563258171081543e-01,1.527331024408340454e-01,1.508443653583526611e-01,1.528812050819396973e-01,1.553775966167449951e-01,1.622654795646667480e-01,1.713121682405471802e-01,1.861696541309356689e-01,2.091834843158721924e-01,2.582495212554931641e-01,6.610855460166931152e-01,9.614126086235046387e-01,1.000000000000000000e+00,8.349738717079162598e-01,3.610858023166656494e-01,2.487255185842514038e-01,1.945712864398956299e-01,1.752739250659942627e-01,1.631464809179306030e-01,1.571158766746520996e-01,1.609583646059036255e-01,1.832286715507507324e-01,2.143140882253646851e-01,2.447505444288253784e-01,2.571076750755310059e-01,2.862123250961303711e-01,1.790638267993927002e-01,8.437578678131103516e-01,3.534366786479949951e-01
6.292306780815124512e-01,1.000000000000000000e+00,8.733196854591369629e-01,9.924013614654541016e-01,7.991874217987060547e-01,3.614004850387573242e-01,2.494592815637588501e-01,2.131166458129882812e-01,2.034243941307067871e-01,2.077963203191757202e-01,2.180905193090438843e-01,2.436385005712509155e-01,2.684597671031951904e-01,3.064259588718414307e-01,3.429051935672760010e-01,4.078167080879211426e-01,5.434880852699279785e-01,7.477031946182250977e-01,7.477031946182250977e-01,7.590073347091674805e-01,7.885395884513854980e-01,8.339129686355590820e-01,6.622732877731323242e-01,3.832973837852478027e-01,2.813108265399932861e-01,2.357431501150131226e-01,2.134124338626861572e-01,1.961625218391418457e-01,1.934098005294799805e-01,1.900373101234436035e-01,2.025698274374008179e-01,2.280585914850234985e-01,2.613154351711273193e-01,3.196749687194824219e-01,3.988629281520843506e-01,7.425325512886047363e-01,7.009770274162292480e-01
4.533739686012268066e-01,6.867265701293945312e-01,1.000000000000000000e+00,9.279372692108154297e-01,4.395206570625305176e-01,3.204797804355621338e-01,2.480208724737167358e-01,2.131367325782775879e-01,2.015592902898788452e-01,1.929819285869598389e-01,1.243795678019523621e-01,7.843108475208282471e-02,6.124439090490341187e-02,5.477864667773246765e-02,5.050341784954071045e-02,4.916534200310707092e-02,4.899550974369049072e-02,4.899550974369049072e-02,4.899550974369049072e-02,4.899550974369049072e-02,4.916534200310707092e-02,5.050341784954071045e-02,5.477864667773246765e-02,6.124439090490341187e-02,7.843108475208282471e-02,1.243795678019523621e-01,2.000650018453598022e-01,1.842315196990966797e-01,1.790925711393356323e-01,1.800673007965087891e-01,1.905478239059448242e-01,2.041479647159576416e-01,2.245998680591583252e-01,2.672701478004455566e-01,3.275795578956604004e-01,1.000000000000000000e+00,1.000000000000000000e+00
1.971206963062286377e-01,1.827023327350616455e-01,1.630329340696334839e-01,1.623547822237014771e-01,1.683598309755325317e-01,1.773537844419479370e-01,1.751915365457534790e-01,1.702555716037750244e-01,1.716636419296264648e-01,1.746755093336105347e-01,1.792663037776947021e-01,1.875781416893005371e-01,1.917035430669784546e-01,2.001504004001617432e-01,2.174438834190368652e-01,2.346597462892532349e-01,2.541925311088562012e-01,3.155609965324401855e-01,7.577748298645019531e-01,9.618708491325378418e-01,1.000000000000000000e+00,7.021960020065307617e-01,3.813611268997192383e-01,1.917035430669784546e-01,1.683002561330795288e-01,1.630329340696334839e-01,1.711369752883911133e-01,1.862903982400894165e-01,1.862903982400894165e-01,1.828120946884155273e-01,1.909696459770202637e-01,1.622930020093917847e-01,1.602405458688735962e-01,1.614875644445419312e-01,1.783126145601272583e-01,8.295679688453674316e-01,5.647667646408081055e-01
5.316798686981201172e-01,9.424372911453247070e-01,1.000000000000000000e+00,9.833879470825195312e-01,8.253706693649291992e-01,3.664185106754302979e-01,2.893364727497100830e-01,2.520207762718200684e-01,2.399166226387023926e-01,2.390878945589065552e-01,2.370499074459075928e-01,2.495585381984710693e-01,2.749542891979217529e-01,2.961914241313934326e-01,3.463694155216217041e-01,4.291759133338928223e-01,6.217718124389648438e-01,6.779363751411437988e-01,6.779363751411437988e-01,6.878828406333923340e-01,7.140588164329528809e-01,7.603670954704284668e-01,7.925197482109069824e-01,4.345886707305908203e-01,3.326637148857116699e-01,2.722945511341094971e-01,2.390878945589065552e-01,2.292942702770233154e-01,2.310190349817276001e-01,2.323516607284545898e-01,2.537648677825927734e-01,2.696903645992279053e-01,3.238627612590789795e-01,4.116553366184234619e-01,4.640384614467620850e-01,7.657346129417419434e-01,7.664232850074768066e-01
1.000000000000000000e+00,5.072599053382873535e-01,3.768882155418395996e-01,3.116667270660400391e-01,2.706778943538665771e-01,2.429218888282775879e-01,2.269659191370010376e-01,2.204684317111968994e-01,2.192505300045013428e-01,2.373465001583099365e-01,1.379286199808120728e-01,8.599713444709777832e-02,6.868641078472137451e-02,6.101848185062408447e-02,5.645988136529922485e-02,5.577825009822845459e-02,5.554917827248573303e-02,5.554917827248573303e-02,5.554917827248573303e-02,5.554917827248573303e-02,5.577825009822845459e-02,5.645988136529922485e-02,6.101848185062408447e-02,6.868641078472137451e-02,8.599713444709777832e-02,1.379286199808120728e-01,2.331731617450714111e-01,2.386857867240905762e-01,2.476523816585540771e-01,2.676460444927215576e-01,3.071749806404113770e-01,3.586869239807128906e-01,4.449096024036407471e-01,6.133528947830200195e-01,8.991845846176147461e-01,1.000000000000000000e+00,1.000000000000000000e+00
1.000000000000000000e+00,9.510148763656616211e-01,8.506135344505310059e-01,4.203856885433197021e-01,3.500679433345794678e-01,2.992509603500366211e-01,2.587643265724182129e-01,2.401446253061294556e-01,2.352990359067916870e-01,2.415332049131393433e-01,2.637423872947692871e-01,2.932302057743072510e-01,3.931639492511749268e-01,5.376712679862976074e-01,9.484325647354125977e-01,8.887258172035217285e-01,8.574444651603698730e-01,8.455310463905334473e-01,8.455310463905334473e-01,8.574444651603698730e-01,8.628444671630859375e-01,5.958262681961059570e-01,4.395706355571746826e-01,3.327630758285522461e-01,2.932302057743072510e-01,2.637423872947692871e-01,2.500000000000000000e-01,2.438299208879470825e-01,2.535420954227447510e-01,2.705578505992889404e-01,3.114205598831176758e-01,3.689816296100616455e-01,4.858276844024658203e-01,6.270033121109008789e-01,8.135026693344116211e-01,6.205238699913024902e-01,7.570051550865173340e-01
2.208630591630935669e-01,2.082316875457763672e-01,2.017775326967239380e-01,2.024085819721221924e-01,2.089958339929580688e-01,1.960066854953765869e-01,1.820933222770690918e-01,1.714521050453186035e-01,1.528724879026412964e-01,1.429573148488998413e-01,1.342151612043380737e-01,1.342151612043380737e-01,1.378480046987533569e-01,1.517210900783538818e-01,2.035865187644958496e-01,3.314148485660552979e-01,1.000000000000000000e+00,9.837999343872070312e-01,9.837999343872070312e-01,9.989313483238220215e-01,4.990985095500946045e-01,3.196123838424682617e-01,2.438466399908065796e-01,1.976266056299209595e-01,1.668339669704437256e-01,1.494983434677124023e-01,1.468083262443542480e-01,1.451704055070877075e-01,1.388849020004272461e-01,1.394576281309127808e-01,1.437357664108276367e-01,1.482132226228713989e-01,1.694883108139038086e-01,2.035865187644958496e-01,2.261411249637603760e-01,5.651795268058776855e-01,5.777690410614013672e-01
3.369062840938568115e-01,2.667290866374969482e-01,2.117835730314254761e-01,2.132080942392349243e-01,3.391323089599609375e-01,3.146869540214538574e-01,2.918731272220611572e-01,2.672473788261413574e-01,2.517495751380920410e-01,2.259691655635833740e-01,2.000657171010971069e-01,1.891782730817794800e-01,1.871559023857116699e-01,1.857178211212158203e-01,1.834217458963394165e-01,2.031543999910354614e-01,2.148648053407669067e-01,2.512337267398834229e-01,5.661768913269042969e-01,1.000000000000000000e+00,8.898358941078186035e-01,6.334830522537231445e-01,4.963019788265228271e-01,3.488126099109649658e-01,2.808801531791687012e-01,2.310035079717636108e-01,2.037919759750366211e-01,1.917213499546051025e-01,1.894067227840423584e-01,1.857178211212158203e-01,1.940975040197372437e-01,1.988081187009811401e-01,2.231964319944381714e-01,2.538365423679351807e-01,2.953782677650451660e-01,1.000000000000000000e+00,5.095067024230957031e-01
6.879752874374389648e-01,9.064624905586242676e-01,8.879322409629821777e-01,1.000000000000000000e+00,8.585095405578613281e-01,2.504312396049499512e-01,2.203314006328582764e-01,2.048095464706420898e-01,1.982737481594085693e-01,1.927796006202697754e-01,1.906449496746063232e-01,1.856834590435028076e-01,1.911808550357818604e-01,2.112642377614974976e-01,2.455319911241531372e-01,3.240692019462585449e-01,5.151861906051635742e-01,6.225753426551818848e-01,6.225753426551818848e-01,6.319336295127868652e-01,5.493987798690795898e-01,3.903063535690307617e-01,3.082947432994842529e-01,2.559370100498199463e-01,2.261743098497390747e-01,2.073538601398468018e-01,2.022964507341384888e-01,2.033054232597351074e-01,2.143292576074600220e-01,2.385576218366622925e-01,2.717858850955963135e-01,2.892909944057464600e-01,3.347456157207489014e-01,4.094317257404327393e-01,5.229715704917907715e-01,8.330840468406677246e-01,7.872520089149475098e-01
7.198426723480224609e-01,9.705619812011718750e-01,1.000000000000000000e+00,3.586911857128143311e-01,1.809757500886917114e-01,1.503406912088394165e-01,1.275554150342941284e-01,1.159783005714416504e-01,1.101600527763366699e-01,1.067480295896530151e-01,1.082234978675842285e-01,1.165844574570655823e-01,1.275093555450439453e-01,1.311876028776168823e-01,1.197164729237556458e-01,1.130546480417251587e-01,1.105326712131500244e-01,1.096791252493858337e-01,1.096791252493858337e-01,1.105326712131500244e-01,1.130546480417251587e-01,1.197164729237556458e-01,1.311876028776168823e-01,1.418990194797515869e-01,1.256999522447586060e-01,1.156232357025146484e-01,1.131065934896469116e-01,1.135730147361755371e-01,1.192248165607452393e-01,1.322578191757202148e-01,1.551854163408279419e-01,1.885109990835189819e-01,2.529140412807464600e-01,3.772400319576263428e-01,5.065823197364807129e-01,6.872943043708801270e-01,1.000000000000000000e+00
4.160043895244598389e-01,2.207107543945312500e-01,2.000816762447357178e-01,1.989042758941650391e-01,2.287094295024871826e-01,3.581451773643493652e-01,3.447197377681732178e-01,3.004626035690307617e-01,2.550550997257232666e-01,2.320782095193862915e-01,2.258788198232650757e-01,2.218645066022872925e-01,2.113023698329925537e-01,2.196439504623413086e-01,2.108185142278671265e-01,2.350080013275146484e-01,2.477430850267410278e-01,2.909655570983886719e-01,6.560739278793334961e-01,1.000000000000000000e+00,5.967128276824951172e-01,4.255187213420867920e-01,3.431459963321685791e-01,2.830303907394409180e-01,2.486072331666946411e-01,2.236067950725555420e-01,2.169304639101028442e-01,2.171657085418701172e-01,2.162703722715377808e-01,2.156082689762115479e-01,2.269163131713867188e-01,2.422406971454620361e-01,2.647989094257354736e-01,2.958385050296783447e-01,3.484618365764617920e-01,1.000000000000000000e+00,5.295465588569641113e-01
9.464610815048217773e-01,1.000000000000000000e+00,9.013682007789611816e-01,2.236067950725555420e-01,1.851618438959121704e-01,1.695436686277389526e-01,1.623039394617080688e-01,1.497123688459396362e-01,1.439372003078460693e-01,1.398537606000900269e-01,1.395502686500549316e-01,1.403581053018569946e-01,1.430508196353912354e-01,1.403581053018569946e-01,1.415611952543258667e-01,1.545430421829223633e-01,1.782396137714385986e-01,3.534534573554992676e-01,6.812518239021301270e-01,6.499336957931518555e-01,3.909663856029510498e-01,2.890990972518920898e-01,2.181685417890548706e-01,1.860754787921905518e-01,1.641222834587097168e-01,1.512151658535003662e-01,1.488603800535202026e-01,1.492396444082260132e-01,1.563612520694732666e-01,1.714501082897186279e-01,1.995614171028137207e-01,2.466852068901062012e-01,3.281153738498687744e-01,5.077689290046691895e-01,7.639414668083190918e-01,5.721175074577331543e-01,7.461218237876892090e-01
9.791244864463806152e-01,1.000000000000000000e+00,1.897892206907272339e-01,1.288408488035202026e-01,9.705978631973266602e-02,8.222328126430511475e-02,7.062137126922607422e-02,6.470652669668197632e-02,6.326307356357574463e-02,6.326307356357574463e-02,6.555733829736709595e-02,5.481551960110664368e-02,4.283529520034790039e-02,3.779528290033340454e-02,3.578699752688407898e-02,3.509204089641571045e-02,3.509204089641571045e-02,3.509204089641571045e-02,3.509204089641571045e-02,3.509204089641571045e-02,3.509204089641571045e-02,3.578699752688407898e-02,3.779528290033340454e-02,4.283529520034790039e-02,5.481551960110664368e-02,6.355438381433486938e-02,6.316567212343215942e-02,6.316567212343215942e-02,6.555733829736709595e-02,7.062137126922607422e-02,8.222328126430511475e-02,9.705978631973266602e-02,1.288408488035202026e-01,1.931018978357315063e-01,3.842217922210693359e-01,3.882226049900054932e-01,1.000000000000000000e+00
9.015257358551025391e-01,1.000000000000000000e+00,4.066119194030761719e-01,1.481452733278274536e-01,1.052024140954017639e-01,8.912122994661331177e-02,7.654599845409393311e-02,7.013494521379470825e-02,6.846482306718826294e-02,6.846482306718826294e-02,6.888615339994430542e-02,7.345974445343017578e-02,8.228448033332824707e-02,9.682388603687286377e-02,1.202804371714591980e-01,1.668389737606048584e-01,2.001142650842666626e-01,1.978238373994827271e-01,1.978238373994827271e-01,2.001142650842666626e-01,1.668389737606048584e-01,1.202804371714591980e-01,9.682388603687286377e-02,8.228448033332824707e-02,7.345974445343017578e-02,6.888615339994430542e-02,6.846482306718826294e-02,6.846482306718826294e-02,7.105714082717895508e-02,7.654599845409393311e-02,8.912122994661331177e-02,1.134723350405693054e-01,1.481452733278274536e-01,2.093017846345901489e-01,4.164552688598632812e-01,3.882226049900054932e-01,9.112967848777770996e-01
6.118099093437194824e-01,8.017767071723937988e-01,7.577917575836181641e-01,6.763295531272888184e-01,8.621133565902709961e-01,7.419222593307495117e-01,5.182031989097595215e-01,2.555229663848876953e-01,2.026893049478530884e-01,1.872699856758117676e-01,1.845606863498687744e-01,1.908500343561172485e-01,2.401531636714935303e-01,3.219744563102722168e-01,3.877958655357360840e-01,4.251276552677154541e-01,4.858132302761077881e-01,1.000000000000000000e+00,9.962151050567626953e-01,3.824004828929901123e-01,2.284640371799468994e-01,1.650188714265823364e-01,1.309856772422790527e-01,1.136102452874183655e-01,1.011503189802169800e-01,9.604159742593765259e-02,9.538377076387405396e-02,9.538377076387405396e-02,9.798858314752578735e-02,1.054175496101379395e-01,1.314654797315597534e-01,1.551873385906219482e-01,2.060015648603439331e-01,3.087475299835205078e-01,4.898144006729125977e-01,3.677898347377777100e-01,6.875448226928710938e-01
4.035218358039855957e-01,6.260964870452880859e-01,9.495930075645446777e-01,1.000000000000000000e+00,3.716880977153778076e-01,3.166367411613464355e-01,2.514797747135162354e-01,2.096336334943771362e-01,1.863591521978378296e-01,1.813310533761978149e-01,1.866895556449890137e-01,1.920054852962493896e-01,1.884055137634277344e-01,1.601139008998870850e-01,1.457880586385726929e-01,1.382670849561691284e-01,1.340426504611968994e-01,1.332228183746337891e-01,1.332228183746337891e-01,1.340426504611968994e-01,1.382670849561691284e-01,1.457880586385726929e-01,1.601139008998870850e-01,1.831720322370529175e-01,2.443819642066955566e-01,2.136134505271911621e-01,1.850316971540451050e-01,1.705907881259918213e-01,1.688154339790344238e-01,1.683280020952224731e-01,1.805742532014846802e-01,1.931787580251693726e-01,2.151465862989425659e-01,2.563073039054870605e-01,3.224439322948455811e-01,1.000000000000000000e+00,1.000000000000000000e+00
2.011045515537261963e-01,1.574974954128265381e-01,1.517122536897659302e-01,1.599860638380050659e-01,2.657068967819213867e-01,2.539159953594207764e-01,2.377871721982955933e-01,2.137530148029327393e-01,1.863295584917068481e-01,1.748130768537521362e-01,1.649409234523773193e-01,1.628947108983993530e-01,1.638073027133941650e-01,1.641709059476852417e-01,1.768056750297546387e-01,1.901309788227081299e-01,2.079198658466339111e-01,2.370651215314865112e-01,2.819569408893585205e-01,9.041278958320617676e-01,9.402088522911071777e-01,1.000000000000000000e+00,4.553004801273345947e-01,2.936626374721527100e-01,2.123887240886688232e-01,1.863695532083511353e-01,1.660219281911849976e-01,1.567860096693038940e-01,1.537133604288101196e-01,1.542941480875015259e-01,1.692675501108169556e-01,1.876449733972549438e-01,2.296549975872039795e-01,2.686084508895874023e-01,3.097695708274841309e-01,8.694524765014648438e-01,3.857412934303283691e-01
4.502569437026977539e-01,7.465637922286987305e-01,9.704581499099731445e-01,9.030315876007080078e-01,1.000000000000000000e+00,7.230535149574279785e-01,2.886258661746978760e-01,2.217285186052322388e-01,1.994358748197555542e-01,1.986640244722366333e-01,2.028307765722274780e-01,2.326242327690124512e-01,2.711204886436462402e-01,3.397024273872375488e-01,3.778160512447357178e-01,4.611577093601226807e-01,6.420456171035766602e-01,7.428962588310241699e-01,7.428962588310241699e-01,7.541396021842956543e-01,7.834494709968566895e-01,8.362926840782165527e-01,6.306716203689575195e-01,3.659267127513885498e-01,2.743750512599945068e-01,2.338684201240539551e-01,1.986640244722366333e-01,1.830099970102310181e-01,1.779976636171340942e-01,1.833827346563339233e-01,1.942322999238967896e-01,2.035029530525207520e-01,2.457560598850250244e-01,2.845756113529205322e-01,3.449385166168212891e-01,6.862381100654602051e-01,7.240436077117919922e-01
4.113344550132751465e-01,6.370044946670532227e-01,1.000000000000000000e+00,9.468008279800415039e-01,4.428358674049377441e-01,3.534384667873382568e-01,2.795048654079437256e-01,2.359051555395126343e-01,2.069961130619049072e-01,1.949912309646606445e-01,8.112125098705291748e-02,5.423085018992424011e-02,4.360136389732360840e-02,3.824092447757720947e-02,3.650178015232086182e-02,3.627852723002433777e-02,3.627852723002433777e-02,3.627852723002433777e-02,3.627852723002433777e-02,3.627852723002433777e-02,3.627852723002433777e-02,3.650178015232086182e-02,3.824092447757720947e-02,4.360136389732360840e-02,5.423085018992424011e-02,8.112125098705291748e-02,1.975164264440536499e-01,1.858174949884414673e-01,1.785031706094741821e-01,1.790484935045242310e-01,1.852920949459075928e-01,1.991549134254455566e-01,2.271681278944015503e-01,2.638654708862304688e-01,3.187508583068847656e-01,1.000000000000000000e+00,1.000000000000000000e+00
2.507620155811309814e-01,2.082340568304061890e-01,1.877676397562026978e-01,1.824838817119598389e-01,1.828957498073577881e-01,1.971505731344223022e-01,1.956729441881179810e-01,1.921250373125076294e-01,1.882821470499038696e-01,1.947368383407592773e-01,2.008773386478424072e-01,2.053230106830596924e-01,2.163853049278259277e-01,2.167823463678359985e-01,2.329858243465423584e-01,2.575291693210601807e-01,2.968867123126983643e-01,3.778750896453857422e-01,8.960624933242797852e-01,9.629944562911987305e-01,1.000000000000000000e+00,8.804763555526733398e-01,3.882574141025543213e-01,2.179691195487976074e-01,1.845922470092773438e-01,1.818347871303558350e-01,1.910028010606765747e-01,2.007167488336563110e-01,2.100841552019119263e-01,2.083888649940490723e-01,2.361477464437484741e-01,1.950126290321350098e-01,1.824838817119598389e-01,1.877676397562026978e-01,2.318759262561798096e-01,8.952766060829162598e-01,4.680939614772796631e-01
9.629024863243103027e-01,9.431904554367065430e-01,1.000000000000000000e+00,9.835965037345886230e-01,8.462442159652709961e-01,4.461811184883117676e-01,3.068290054798126221e-01,2.612453401088714600e-01,2.285014539957046509e-01,2.276666611433029175e-01,2.321753501892089844e-01,2.531012594699859619e-01,2.784159481525421143e-01,3.133108019828796387e-01,3.737267255783081055e-01,4.578354060649871826e-01,5.963486433029174805e-01,6.314980983734130859e-01,6.314980983734130859e-01,6.405786871910095215e-01,6.644097566604614258e-01,7.068973183631896973e-01,7.853809595108032227e-01,4.673027396202087402e-01,3.490821421146392822e-01,2.730450630187988281e-01,2.406761795282363892e-01,2.224970757961273193e-01,2.211618870496749878e-01,2.186606377363204956e-01,2.349831014871597290e-01,2.550165355205535889e-01,3.026636838912963867e-01,3.702575266361236572e-01,4.299544095993041992e-01,7.518484592437744141e-01,7.368980646133422852e-01
4.000059664249420166e-01,6.440731883049011230e-01,1.000000000000000000e+00,6.220946311950683594e-01,4.092718064785003662e-01,3.041961789131164551e-01,2.428381741046905518e-01,2.109848558902740479e-01,1.954011321067810059e-01,1.880528479814529419e-01,1.858682483434677124e-01,1.243598982691764832e-01,9.642399847507476807e-02,8.157356083393096924e-02,7.482475787401199341e-02,7.130751013755798340e-02,6.994295865297317505e-02,6.968001276254653931e-02,6.968001276254653931e-02,6.994295865297317505e-02,7.130751013755798340e-02,7.482475787401199341e-02,8.157356083393096924e-02,9.642399847507476807e-02,1.243598982691764832e-01,1.964551508426666260e-01,1.908866912126541138e-01,1.830319166183471680e-01,1.788470596075057983e-01,1.814960241317749023e-01,1.906702071428298950e-01,2.060327529907226562e-01,2.303267270326614380e-01,2.663951516151428223e-01,3.222467005252838135e-01,1.000000000000000000e+00,1.000000000000000000e+00
7.174791693687438965e-01,9.555277228355407715e-01,1.000000000000000000e+00,8.672993779182434082e-01,4.518749117851257324e-01,3.324590623378753662e-01,2.568823397159576416e-01,2.207307070493698120e-01,2.098181992769241333e-01,2.037978023290634155e-01,2.008369117975234985e-01,2.037978023290634155e-01,2.278528809547424316e-01,2.681137621402740479e-01,3.349932134151458740e-01,4.023166298866271973e-01,5.878075957298278809e-01,6.794047951698303223e-01,6.791800260543823242e-01,6.901595592498779297e-01,7.157745361328125000e-01,7.652631402015686035e-01,7.509312629699707031e-01,4.648164212703704834e-01,3.338693082332611084e-01,2.644969820976257324e-01,2.229544818401336670e-01,2.024678587913513184e-01,1.929625421762466431e-01,1.962819248437881470e-01,2.125988453626632690e-01,2.316869050264358521e-01,2.709464132785797119e-01,3.172734975814819336e-01,4.031915664672851562e-01,6.854315996170043945e-01,6.840660572052001953e-01
1.391727924346923828e-01,1.750647276639938354e-01,1.881309002637863159e-01,1.633906066417694092e-01,1.429153680801391602e-01,1.371680349111557007e-01,1.309298276901245117e-01,1.301290243864059448e-01,1.299682706594467163e-01,1.293232589960098267e-01,1.267928630113601685e-01,1.272454857826232910e-01,1.312885880470275879e-01,1.396227180957794189e-01,1.569626927375793457e-01,1.813121736049652100e-01,2.493668049573898315e-01,3.831576704978942871e-01,9.456583857536315918e-01,9.618784189224243164e-01,1.000000000000000000e+00,4.070345461368560791e-01,2.177715003490447998e-01,1.772306710481643677e-01,1.547157019376754761e-01,1.325563341379165649e-01,1.264626830816268921e-01,1.364038586616516113e-01,1.513689905405044556e-01,1.847388595342636108e-01,2.080507427453994751e-01,2.090531587600708008e-01,1.903403848409652710e-01,1.452009975910186768e-01,1.393604427576065063e-01,6.406250000000000000e-01,4.739656448364257812e-01
4.931779801845550537e-01,5.499945878982543945e-01,4.939648509025573730e-01,4.319597482681274414e-01,3.238753080368041992e-01,1.918626278638839722e-01,1.381342411041259766e-01,1.208565458655357361e-01,1.112536117434501648e-01,1.075492575764656067e-01,1.053282395005226135e-01,1.068403944373130798e-01,1.151322424411773682e-01,1.395934522151947021e-01,1.629770696163177490e-01,1.969439387321472168e-01,2.591432631015777588e-01,4.007094204425811768e-01,8.848628997802734375e-01,8.994086980819702148e-01,9.343543052673339844e-01,1.000000000000000000e+00,5.692899823188781738e-01,3.241098523139953613e-01,2.444224208593368530e-01,1.983536034822463989e-01,1.808068156242370605e-01,1.709169745445251465e-01,1.672720462083816528e-01,1.698764413595199585e-01,1.976713836193084717e-01,2.350546121597290039e-01,2.940337061882019043e-01,5.160172581672668457e-01,5.499945878982543945e-01,4.375000000000000000e-01,5.549098253250122070e-01
6.841865777969360352e-01,1.000000000000000000e+00,6.287205219268798828e-01,4.176571667194366455e-01,3.312284648418426514e-01,2.684857845306396484e-01,2.277170568704605103e-01,2.077824473381042480e-01,1.964359730482101440e-01,1.949712336063385010e-01,2.007660567760467529e-01,2.340514808893203735e-01,2.830800414085388184e-01,2.346505969762802124e-01,2.172250002622604370e-01,2.034579217433929443e-01,1.973866671323776245e-01,1.950012445449829102e-01,1.950012445449829102e-01,1.973866671323776245e-01,2.034579217433929443e-01,2.172250002622604370e-01,2.449456304311752319e-01,2.879158854484558105e-01,2.662100791931152344e-01,2.256524860858917236e-01,2.018413245677947998e-01,1.964359730482101440e-01,1.937673240900039673e-01,2.020730525255203247e-01,2.201143205165863037e-01,2.497234344482421875e-01,2.998593747615814209e-01,3.656628131866455078e-01,4.504356384277343750e-01,1.000000000000000000e+00,1.000000000000000000e+00
9.851679801940917969e-01,9.920119643211364746e-01,9.349056482315063477e-01,5.356514453887939453e-01,3.682802915573120117e-01,2.929610013961791992e-01,2.485982626676559448e-01,2.307591885328292847e-01,2.194176167249679565e-01,2.238692939281463623e-01,2.349294722080230713e-01,2.603533565998077393e-01,3.068010210990905762e-01,3.690874278545379639e-01,4.693586826324462891e-01,6.734709143638610840e-01,9.451189637184143066e-01,9.415993094444274902e-01,9.413164854049682617e-01,9.571558237075805664e-01,1.000000000000000000e+00,9.024459719657897949e-01,5.245425105094909668e-01,3.819744288921356201e-01,3.003521859645843506e-01,2.647082805633544922e-01,2.294660359621047974e-01,2.145089656114578247e-01,2.109752893447875977e-01,2.236593216657638550e-01,2.375811338424682617e-01,2.675331830978393555e-01,3.028964698314666748e-01,3.893652856349945068e-01,5.281429886817932129e-01,7.046142220497131348e-01,7.186329364776611328e-01
1.011670008301734924e-01,1.106160804629325867e-01,1.386184245347976685e-01,1.256590932607650757e-01,1.123574674129486084e-01,1.027295216917991638e-01,1.006737425923347473e-01,9.679148346185684204e-02,9.653399139642715454e-02,9.827163815498352051e-02,9.653399139642715454e-02,1.002277359366416931e-01,1.050771027803421021e-01,1.116463392972946167e-01,1.321469396352767944e-01,1.682109832763671875e-01,2.533108592033386230e-01,9.797942638397216797e-01,9.829443097114562988e-01,1.000000000000000000e+00,7.249394059181213379e-01,2.321460694074630737e-01,1.721597909927368164e-01,1.262124776840209961e-01,1.115124970674514771e-01,1.033575460314750671e-01,1.009699851274490356e-01,1.045546829700469971e-01,1.167465448379516602e-01,1.287893056869506836e-01,1.345362365245819092e-01,1.213872805237770081e-01,1.067689731717109680e-01,9.962994605302810669e-02,9.862558543682098389e-02,5.689654946327209473e-01,5.765281319618225098e-01
3.779026567935943604e-01,4.147826135158538818e-01,3.682976067066192627e-01,3.138678371906280518e-01,1.843304038047790527e-01,1.447469294071197510e-01,1.210241317749023438e-01,1.085901558399200439e-01,1.044012829661369324e-01,1.009250879287719727e-01,1.020969748497009277e-01,1.053230091929435730e-01,1.180384904146194458e-01,1.336365789175033569e-01,1.614985615015029907e-01,2.263333052396774292e-01,4.714132845401763916e-01,9.347484111785888672e-01,9.422349333763122559e-01,9.581968784332275391e-01,1.000000000000000000e+00,5.251730084419250488e-01,2.982227504253387451e-01,2.113859355449676514e-01,1.621417999267578125e-01,1.459744870662689209e-01,1.273113489151000977e-01,1.243570819497108459e-01,1.296262890100479126e-01,1.382309943437576294e-01,1.554463505744934082e-01,1.735267192125320435e-01,2.173171937465667725e-01,3.671451210975646973e-01,3.917741477489471436e-01,4.827586114406585693e-01,6.109042763710021973e-01
6.475126743316650391e-01,9.317755103111267090e-01,9.125824570655822754e-01,9.549798965454101562e-01,8.614998459815979004e-01,3.052404224872589111e-01,2.678293287754058838e-01,2.572690844535827637e-01,2.514385581016540527e-01,2.447462081909179688e-01,2.410296648740768433e-01,2.387449741363525391e-01,2.475620955228805542e-01,2.734872698783874512e-01,3.184222579002380371e-01,4.123082160949707031e-01,6.886045932769775391e-01,9.836171865463256836e-01,9.836171865463256836e-01,1.000000000000000000e+00,7.011775970458984375e-01,5.014969110488891602e-01,3.947720825672149658e-01,3.272107243537902832e-01,2.844090759754180908e-01,2.630316317081451416e-01,2.555086612701416016e-01,2.529725134372711182e-01,2.585815191268920898e-01,2.678293287754058838e-01,2.770593464374542236e-01,2.963987290859222412e-01,3.199877440929412842e-01,3.716794252395629883e-01,4.779286086559295654e-01,1.000000000000000000e+00,6.582458615303039551e-01
1.766065508127212524e-01,1.451073884963989258e-01,1.377564072608947754e-01,1.432424485683441162e-01,1.901293843984603882e-01,1.809513568878173828e-01,1.832155883312225342e-01,1.760304570198059082e-01,1.668289154767990112e-01,1.565177142620086670e-01,1.509204208850860596e-01,1.484455019235610962e-01,1.442400813102722168e-01,1.469893157482147217e-01,1.530824303627014160e-01,1.534333229064941406e-01,1.685747355222702026e-01,1.950928270816802979e-01,5.156459212303161621e-01,1.000000000000000000e+00,8.128416538238525391e-01,5.775606632232666016e-01,4.443828761577606201e-01,2.580661773681640625e-01,1.978904306888580322e-01,1.635006815195083618e-01,1.451897174119949341e-01,1.383623182773590088e-01,1.376262307167053223e-01,1.399936974048614502e-01,1.442400813102722168e-01,1.555604040622711182e-01,1.716307252645492554e-01,1.967700868844985962e-01,2.222115993499755859e-01,9.555555582046508789e-01,4.292693436145782471e-01
7.789385914802551270e-01,1.000000000000000000e+00,3.903008401393890381e-01,2.322185486555099487e-01,1.789917945861816406e-01,1.469314247369766235e-01,1.304861605167388916e-01,1.226733401417732239e-01,1.167103648185729980e-01,1.191235408186912537e-01,9.304798394441604614e-02,5.867406353354454041e-02,4.581674560904502869e-02,4.097974300384521484e-02,3.778145834803581238e-02,3.678044676780700684e-02,3.665339946746826172e-02,3.665339946746826172e-02,3.665339946746826172e-02,3.665339946746826172e-02,3.678044676780700684e-02,3.778145834803581238e-02,4.097974300384521484e-02,4.581674560904502869e-02,5.867406353354454041e-02,9.304798394441604614e-02,1.160690933465957642e-01,1.167103648185729980e-01,1.226733401417732239e-01,1.356739699840545654e-01,1.598851978778839111e-01,1.967217475175857544e-01,2.622739076614379883e-01,3.932181596755981445e-01,5.991472601890563965e-01,8.666666746139526367e-01,1.000000000000000000e+00
6.310020685195922852e-01,9.827711582183837891e-01,1.000000000000000000e+00,5.160685181617736816e-01,4.260505437850952148e-01,2.642027437686920166e-01,2.107385993003845215e-01,1.890196651220321655e-01,1.751106828451156616e-01,1.743218898773193359e-01,1.791948676109313965e-01,1.986188143491744995e-01,2.275227755308151245e-01,2.795677185058593750e-01,3.815320134162902832e-01,3.924602568149566650e-01,3.794039487838745117e-01,3.737543821334838867e-01,3.737543821334838867e-01,3.786995112895965576e-01,3.275757730007171631e-01,2.349356263875961304e-01,1.881976425647735596e-01,1.544083058834075928e-01,1.374066919088363647e-01,1.269815266132354736e-01,1.245156303048133850e-01,1.247920319437980652e-01,1.312510073184967041e-01,1.452089399099349976e-01,1.703231483697891235e-01,2.075260579586029053e-01,2.747193574905395508e-01,3.964127898216247559e-01,5.001679062843322754e-01,6.763069629669189453e-01,8.432685136795043945e-01
5.155373811721801758e-01,7.914230227470397949e-01,1.000000000000000000e+00,6.599155664443969727e-01,4.703191816806793213e-01,3.996593356132507324e-01,3.381609916687011719e-01,3.049773871898651123e-01,2.905711233615875244e-01,2.822550833225250244e-01,1.082862243056297302e-01,6.828296929597854614e-02,5.332004278898239136e-02,4.769089818000793457e-02,4.396883398294448853e-02,4.280389100313186646e-02,4.265603423118591309e-02,4.265603423118591309e-02,4.265603423118591309e-02,4.265603423118591309e-02,4.280389100313186646e-02,4.396883398294448853e-02,4.769089818000793457e-02,5.332004278898239136e-02,6.828296929597854614e-02,1.082862243056297302e-01,2.822550833225250244e-01,2.835280597209930420e-01,2.686775326728820801e-01,2.702484130859375000e-01,2.790132462978363037e-01,3.008266985416412354e-01,3.322618007659912109e-01,3.687616288661956787e-01,4.283635020256042480e-01,1.000000000000000000e+00,1.000000000000000000e+00
5.342962145805358887e-01,6.192502975463867188e-01,7.965149283409118652e-01,6.532069444656372070e-01,4.491417706012725830e-01,3.314770758152008057e-01,2.766903936862945557e-01,2.430356740951538086e-01,2.244882285594940186e-01,2.182502895593643188e-01,2.181141823530197144e-01,2.364081591367721558e-01,2.757766246795654297e-01,3.516901135444641113e-01,4.570071101188659668e-01,6.557479500770568848e-01,8.144694566726684570e-01,8.019767999649047852e-01,8.019767999649047852e-01,8.144694566726684570e-01,8.461400270462036133e-01,9.043131470680236816e-01,1.000000000000000000e+00,6.384234428405761719e-01,3.997460007667541504e-01,2.973822057247161865e-01,2.452252358198165894e-01,2.194038033485412598e-01,2.144758254289627075e-01,2.131563872098922729e-01,2.234938889741897583e-01,2.332466244697570801e-01,2.583751976490020752e-01,2.998683154582977295e-01,3.933430612087249756e-01,5.177813172340393066e-01,5.609568357467651367e-01
1.536756753921508789e-01,2.088183462619781494e-01,2.696024179458618164e-01,2.301952242851257324e-01,2.019416093826293945e-01,1.778837740421295166e-01,1.408351212739944458e-01,1.242394223809242249e-01,1.181254908442497253e-01,1.156161129474639893e-01,1.163480803370475769e-01,1.248590722680091858e-01,1.375078409910202026e-01,1.501190662384033203e-01,1.820012032985687256e-01,2.393665164709091187e-01,3.401755988597869873e-01,8.854532241821289062e-01,8.852353096008300781e-01,8.999772071838378906e-01,9.355896711349487305e-01,1.000000000000000000e+00,3.596725761890411377e-01,1.933111101388931274e-01,1.440855860710144043e-01,1.286942958831787109e-01,1.257214546203613281e-01,1.144082471728324890e-01,1.131192892789840698e-01,1.145430877804756165e-01,1.166792735457420349e-01,1.227394938468933105e-01,1.269432604312896729e-01,1.269432604312896729e-01,1.372269243001937866e-01,3.817431628704071045e-01,3.086996376514434814e-01
5.208680629730224609e-01,8.228885531425476074e-01,1.000000000000000000e+00,6.509745121002197266e-01,4.818530678749084473e-01,4.010272920131683350e-01,3.521788120269775391e-01,3.219057619571685791e-01,3.026561141014099121e-01,1.548598706722259521e-01,3.566836565732955933e-02,2.572082355618476868e-02,2.255865558981895447e-02,2.169621922075748444e-02,2.140101976692676544e-02,2.140101976692676544e-02,2.140101976692676544e-02,2.140101976692676544e-02,2.140101976692676544e-02,2.140101976692676544e-02,2.140101976692676544e-02,2.140101976692676544e-02,2.169621922075748444e-02,2.255865558981895447e-02,2.572082355618476868e-02,3.566836565732955933e-02,1.548598706722259521e-01,2.777784764766693115e-01,2.665598690509796143e-01,2.651241719722747803e-01,2.774347662925720215e-01,2.998052835464477539e-01,3.286332190036773682e-01,3.666215240955352783e-01,4.227867424488067627e-01,1.000000000000000000e+00,1.000000000000000000e+00
5.868030190467834473e-01,6.647207736968994141e-01,8.503621816635131836e-01,6.953368186950683594e-01,4.693553745746612549e-01,3.584044575691223145e-01,2.969993054866790771e-01,2.593435049057006836e-01,2.402597218751907349e-01,2.391774654388427734e-01,2.458634227514266968e-01,2.725139260292053223e-01,3.166581988334655762e-01,3.916116952896118164e-01,5.361796617507934570e-01,7.751909494400024414e-01,8.108903169631958008e-01,7.982541918754577637e-01,7.979900836944580078e-01,8.108903169631958008e-01,8.409861922264099121e-01,8.991318941116333008e-01,1.000000000000000000e+00,6.306994557380676270e-01,4.050050079822540283e-01,2.928206622600555420e-01,2.448721677064895630e-01,2.223852127790451050e-01,2.190795540809631348e-01,2.179665267467498779e-01,2.335522025823593140e-01,2.482916116714477539e-01,2.777006626129150391e-01,3.187507092952728271e-01,4.110454618930816650e-01,5.290017127990722656e-01,5.730330944061279297e-01
1.572732329368591309e-01,3.265497982501983643e-01,2.797253131866455078e-01,2.355841100215911865e-01,2.155147045850753784e-01,1.877315789461135864e-01,1.496352702379226685e-01,1.309684813022613525e-01,1.249029636383056641e-01,1.206900551915168762e-01,1.230118647217750549e-01,1.277820318937301636e-01,1.383518427610397339e-01,1.593158245086669922e-01,1.952040791511535645e-01,2.576431334018707275e-01,3.891015648841857910e-01,8.858839869499206543e-01,8.858839869499206543e-01,9.005444645881652832e-01,9.358636140823364258e-01,1.000000000000000000e+00,3.222891092300415039e-01,1.921994686126708984e-01,1.510867625474929810e-01,1.269569993019104004e-01,1.246438249945640564e-01,1.208908110857009888e-01,1.168792545795440674e-01,1.172245442867279053e-01,1.252261251211166382e-01,1.287274062633514404e-01,1.386436522006988525e-01,1.414144933223724365e-01,1.435138434171676636e-01,3.948828876018524170e-01,3.191148340702056885e-01
5.196009278297424316e-01,8.265455961227416992e-01,1.000000000000000000e+00,6.458583474159240723e-01,4.581640064716339111e-01,3.926763236522674561e-01,3.408264219760894775e-01,3.153579533100128174e-01,2.969095110893249512e-01,2.805727422237396240e-01,7.210019975900650024e-02,4.820013418793678284e-02,3.875269368290901184e-02,3.398836031556129456e-02,3.244261816143989563e-02,3.224419057369232178e-02,3.224419057369232178e-02,3.224419057369232178e-02,3.224419057369232178e-02,3.224419057369232178e-02,3.224419057369232178e-02,3.244261816143989563e-02,3.398836031556129456e-02,3.875269368290901184e-02,4.820013418793678284e-02,7.210019975900650024e-02,2.809156179428100586e-01,2.747480273246765137e-01,2.648524940013885498e-01,2.653366923332214355e-01,2.761459946632385254e-01,2.952839136123657227e-01,3.220834434032440186e-01,3.637619316577911377e-01,4.175944924354553223e-01,1.000000000000000000e+00,1.000000000000000000e+00
5.708640217781066895e-01,6.538451910018920898e-01,8.274148702621459961e-01,7.150964140892028809e-01,4.656403660774230957e-01,3.555676341056823730e-01,2.946485280990600586e-01,2.519632577896118164e-01,2.327344715595245361e-01,2.259850949048995972e-01,2.261262834072113037e-01,2.450922727584838867e-01,2.938349545001983643e-01,3.725756704807281494e-01,5.067372322082519531e-01,7.585242986679077148e-01,8.100273013114929199e-01,7.975785136222839355e-01,7.975785136222839355e-01,8.100273013114929199e-01,8.414911031723022461e-01,8.970284461975097656e-01,1.000000000000000000e+00,6.018378138542175293e-01,3.941804468631744385e-01,2.905029356479644775e-01,2.429339736700057983e-01,2.165362983942031860e-01,2.097222059965133667e-01,2.102542072534561157e-01,2.237138301134109497e-01,2.373515963554382324e-01,2.755026221275329590e-01,3.162277638912200928e-01,4.077919721603393555e-01,5.196167230606079102e-01,5.759720206260681152e-01
1.618578284978866577e-01,3.277147710323333740e-01,2.845541536808013916e-01,2.490354627370834351e-01,2.219312191009521484e-01,1.998094022274017334e-01,1.501691043376922607e-01,1.314357221126556396e-01,1.213220953941345215e-01,1.210533902049064636e-01,1.194965839385986328e-01,1.281743943691253662e-01,1.380220949649810791e-01,1.541814506053924561e-01,1.869263648986816406e-01,2.458440363407135010e-01,3.493811488151550293e-01,8.850153684616088867e-01,8.850153684616088867e-01,8.997939825057983398e-01,9.353893399238586426e-01,1.000000000000000000e+00,3.234389126300811768e-01,1.985423266887664795e-01,1.606461554765701294e-01,1.321769058704376221e-01,1.250884979963302612e-01,1.213891804218292236e-01,1.172962337732315063e-01,1.176427453756332397e-01,1.256728768348693848e-01,1.323615461587905884e-01,1.426627933979034424e-01,1.454880684614181519e-01,1.479847133159637451e-01,3.928809463977813721e-01,3.258153796195983887e-01
5.310211777687072754e-01,8.538101315498352051e-01,1.000000000000000000e+00,6.474055051803588867e-01,4.781368672847747803e-01,3.985593914985656738e-01,3.408884704113006592e-01,3.166978359222412109e-01,2.972491085529327393e-01,2.844742834568023682e-01,8.457966148853302002e-02,5.680181458592414856e-02,4.438747465610504150e-02,3.916483372449874878e-02,3.708377853035926819e-02,3.636363521218299866e-02,3.636363521218299866e-02,3.636363521218299866e-02,3.636363521218299866e-02,3.636363521218299866e-02,3.636363521218299866e-02,3.708377853035926819e-02,3.916483372449874878e-02,4.438747465610504150e-02,5.680181458592414856e-02,8.457966148853302002e-02,2.920205891132354736e-01,2.816949784755706787e-01,2.699984610080718994e-01,2.702921628952026367e-01,2.802832126617431641e-01,2.997078597545623779e-01,3.269088864326477051e-01,3.726873695850372314e-01,4.238508939743041992e-01,1.000000000000000000e+00,1.000000000000000000e+00
5.650227665901184082e-01,6.292041540145874023e-01,7.881297469139099121e-01,6.463417410850524902e-01,4.364090263843536377e-01,3.289768695831298828e-01,2.735098004341125488e-01,2.469422370195388794e-01,2.280966490507125854e-01,2.217584550380706787e-01,2.270188182592391968e-01,2.451979219913482666e-01,2.879795432090759277e-01,3.573431670665740967e-01,4.643530547618865967e-01,7.135916352272033691e-01,8.112289309501647949e-01,7.982758879661560059e-01,7.982758879661560059e-01,8.112289309501647949e-01,8.422315716743469238e-01,8.989984393119812012e-01,1.000000000000000000e+00,5.976417660713195801e-01,3.739452660083770752e-01,2.847139239311218262e-01,2.380928993225097656e-01,2.175713181495666504e-01,2.080632299184799194e-01,2.119321376085281372e-01,2.193955481052398682e-01,2.369958460330963135e-01,2.700125277042388916e-01,3.221969902515411377e-01,4.323860704898834229e-01,5.246307253837585449e-01,5.672056674957275391e-01
1.424212753772735596e-01,3.033405244350433350e-01,2.580744624137878418e-01,2.203913778066635132e-01,2.002919912338256836e-01,1.756506860256195068e-01,1.467217504978179932e-01,1.284184157848358154e-01,1.185369640588760376e-01,1.149420812726020813e-01,1.167533621191978455e-01,1.217071339488029480e-01,1.373093128204345703e-01,1.535544395446777344e-01,1.826351881027221680e-01,2.402003258466720581e-01,3.614418804645538330e-01,8.843820095062255859e-01,8.843820095062255859e-01,8.992400765419006348e-01,9.351245760917663574e-01,1.000000000000000000e+00,3.048993349075317383e-01,1.884571909904479980e-01,1.481449753046035767e-01,1.291425824165344238e-01,1.222169101238250732e-01,1.148067787289619446e-01,1.113009229302406311e-01,1.129642874002456665e-01,1.199058741331100464e-01,1.206811368465423584e-01,1.289016455411911011e-01,1.272633820772171021e-01,1.291425824165344238e-01,3.911336660385131836e-01,3.105687797069549561e-01
5.190781354904174805e-01,8.186092376708984375e-01,1.000000000000000000e+00,6.532096862792968750e-01,4.755873382091522217e-01,4.024042189121246338e-01,3.404835164546966553e-01,3.117091953754425049e-01,2.890206873416900635e-01,2.162015289068222046e-01,4.666553810238838196e-02,3.299751877784729004e-02,2.725748717784881592e-02,2.605612017214298248e-02,2.505358308553695679e-02,2.505358308553695679e-02,2.505358308553695679e-02,2.505358308553695679e-02,2.505358308553695679e-02,2.505358308553695679e-02,2.505358308553695679e-02,2.505358308553695679e-02,2.605612017214298248e-02,2.725748717784881592e-02,3.299751877784729004e-02,4.666553810238838196e-02,2.162015289068222046e-01,2.744716107845306396e-01,2.642226517200469971e-01,2.630565464496612549e-01,2.733257710933685303e-01,2.949868142604827881e-01,3.233281373977661133e-01,3.668167591094970703e-01,4.171743690967559814e-01,1.000000000000000000e+00,1.000000000000000000e+00
5.857836008071899414e-01,6.814766526222229004e-01,8.517044186592102051e-01,6.880934834480285645e-01,4.858099818229675293e-01,3.612864613533020020e-01,2.993875443935394287e-01,2.560157477855682373e-01,2.421917170286178589e-01,2.353602498769760132e-01,2.409640401601791382e-01,2.695588469505310059e-01,3.227464854717254639e-01,3.947607278823852539e-01,5.070192217826843262e-01,7.398114204406738281e-01,8.117675781250000000e-01,7.989398241043090820e-01,7.986717224121093750e-01,8.117675781250000000e-01,8.423087000846862793e-01,8.986211419105529785e-01,1.000000000000000000e+00,6.196011900901794434e-01,4.133554399013519287e-01,2.951752841472625732e-01,2.525817453861236572e-01,2.297632247209548950e-01,2.238792628049850464e-01,2.245406508445739746e-01,2.355701774358749390e-01,2.502881884574890137e-01,2.799337208271026611e-01,3.322055339813232422e-01,4.143507480621337891e-01,5.382084250450134277e-01,5.768770575523376465e-01
1.618578284978866577e-01,3.237408101558685303e-01,2.756310105323791504e-01,2.436152547597885132e-01,2.162835597991943359e-01,1.884013265371322632e-01,1.557051688432693481e-01,1.314357221126556396e-01,1.213220953941345215e-01,1.210533902049064636e-01,1.234507188200950623e-01,1.335860043764114380e-01,1.436862945556640625e-01,1.598841995000839233e-01,1.959004700183868408e-01,2.458440363407135010e-01,3.699342608451843262e-01,8.850153684616088867e-01,8.850153684616088867e-01,8.997939825057983398e-01,9.353893399238586426e-01,1.000000000000000000e+00,3.435775041580200195e-01,1.928851604461669922e-01,1.606461554765701294e-01,1.321769058704376221e-01,1.250884979963302612e-01,1.213891804218292236e-01,1.172962337732315063e-01,1.176427453756332397e-01,1.229882314801216125e-01,1.291866451501846313e-01,1.389626413583755493e-01,1.403616219758987427e-01,1.488076150417327881e-01,3.972490727901458740e-01,3.216001689434051514e-01
5.026575922966003418e-01,8.024289608001708984e-01,1.000000000000000000e+00,6.570163369178771973e-01,4.575106799602508545e-01,3.828888535499572754e-01,3.366753458976745605e-01,3.036375045776367188e-01,2.857880890369415283e-01,2.774942219257354736e-01,8.231626451015472412e-02,5.528176948428153992e-02,4.319964349269866943e-02,3.811676427721977234e-02,3.609139472246170044e-02,3.539052605628967285e-02,3.539052605628967285e-02,3.539052605628967285e-02,3.539052605628967285e-02,3.539052605628967285e-02,3.539052605628967285e-02,3.609139472246170044e-02,3.811676427721977234e-02,4.319964349269866943e-02,5.528176948428153992e-02,8.231626451015472412e-02,2.698048949241638184e-01,2.712863385677337646e-01,2.595841288566589355e-01,2.591978609561920166e-01,2.677779197692871094e-01,2.867506444454193115e-01,3.149756789207458496e-01,3.593314886093139648e-01,4.160005450248718262e-01,1.000000000000000000e+00,1.000000000000000000e+00
5.637326836585998535e-01,6.700218915939331055e-01,8.624503612518310547e-01,7.255467772483825684e-01,4.611647427082061768e-01,3.662615418434143066e-01,2.968405187129974365e-01,2.412081062793731689e-01,2.288017868995666504e-01,2.276662737131118774e-01,2.333579361438751221e-01,2.520446777343750000e-01,2.880338430404663086e-01,3.549878895282745361e-01,4.978166818618774414e-01,7.155433893203735352e-01,8.160533905029296875e-01,8.035119771957397461e-01,8.035119771957397461e-01,8.160533905029296875e-01,8.477512598037719727e-01,9.037017822265625000e-01,1.000000000000000000e+00,6.303622722625732422e-01,3.971129059791564941e-01,2.982015609741210938e-01,2.504329085350036621e-01,2.236466407775878906e-01,2.167318463325500488e-01,2.186663150787353516e-01,2.216825485229492188e-01,2.391173392534255981e-01,2.648302912712097168e-01,3.131963312625885010e-01,4.098388254642486572e-01,5.256946682929992676e-01,5.772686004638671875e-01
1.340980231761932373e-01,1.573481410741806030e-01,2.696024179458618164e-01,2.301952242851257324e-01,2.105849087238311768e-01,1.889092922210693359e-01,1.570044159889221191e-01,1.329419910907745361e-01,1.181254908442497253e-01,1.106358841061592102e-01,1.117464378476142883e-01,1.177328303456306458e-01,1.320098638534545898e-01,1.556715518236160278e-01,1.907388716936111450e-01,2.393665164709091187e-01,3.239767849445343018e-01,8.854532241821289062e-01,8.852353096008300781e-01,8.999772071838378906e-01,9.355896711349487305e-01,1.000000000000000000e+00,2.983039915561676025e-01,1.846951693296432495e-01,1.440855860710144043e-01,1.240529194474220276e-01,1.178638637065887451e-01,1.125035807490348816e-01,1.072352454066276550e-01,1.072352454066276550e-01,1.112619340419769287e-01,1.147450432181358337e-01,1.179293245077133179e-01,1.269432604312896729e-01,1.325349956750869751e-01,3.860657215118408203e-01,3.076424896717071533e-01
4.746612310409545898e-01,6.917250156402587891e-01,1.000000000000000000e+00,6.730082035064697266e-01,4.621219635009765625e-01,3.736455738544464111e-01,3.155087530612945557e-01,2.856228351593017578e-01,2.684498727321624756e-01,8.910978585481643677e-02,2.379859797656536102e-02,1.962482742965221405e-02,1.716141402721405029e-02,1.682814955711364746e-02,1.682814955711364746e-02,1.682814955711364746e-02,1.682814955711364746e-02,1.682814955711364746e-02,1.682814955711364746e-02,1.682814955711364746e-02,1.682814955711364746e-02,1.682814955711364746e-02,1.682814955711364746e-02,1.716141402721405029e-02,1.962482742965221405e-02,2.379859797656536102e-02,8.910978585481643677e-02,2.646892070770263672e-01,2.515231370925903320e-01,2.492612004280090332e-01,2.570248544216156006e-01,2.754475772380828857e-01,3.040451407432556152e-01,3.449401259422302246e-01,3.956154584884643555e-01,1.000000000000000000e+00,1.000000000000000000e+00
5.731781125068664551e-01,6.697461605072021484e-01,9.317823648452758789e-01,7.765182256698608398e-01,5.106042027473449707e-01,3.969491720199584961e-01,3.018141090869903564e-01,2.580907940864562988e-01,2.441547065973281860e-01,2.430549114942550659e-01,2.498492449522018433e-01,2.692053616046905518e-01,3.091049790382385254e-01,3.734759092330932617e-01,4.724138081073760986e-01,6.780947446823120117e-01,8.126593828201293945e-01,7.996357083320617676e-01,7.993634343147277832e-01,8.116078376770019531e-01,8.436556458473205566e-01,9.007699489593505859e-01,1.000000000000000000e+00,6.616719365119934082e-01,4.245086908340454102e-01,3.101865053176879883e-01,2.546289563179016113e-01,2.273938655853271484e-01,2.251738905906677246e-01,2.247272729873657227e-01,2.332822978496551514e-01,2.523168027400970459e-01,2.822026014328002930e-01,3.165982067584991455e-01,4.052981436252593994e-01,5.391741991043090820e-01,5.770373344421386719e-01
1.618578284978866577e-01,1.779571771621704102e-01,3.177507221698760986e-01,2.580580115318298340e-01,2.308140993118286133e-01,2.055136561393737793e-01,1.646998524665832520e-01,1.403616219758987427e-01,1.296898126602172852e-01,1.221246793866157532e-01,1.213891804218292236e-01,1.281743943691253662e-01,1.412289589643478394e-01,1.598841995000839233e-01,1.959004700183868408e-01,2.315536141395568848e-01,3.327439427375793457e-01,8.826481103897094727e-01,8.850153684616088867e-01,8.997939825057983398e-01,9.353893399238586426e-01,1.000000000000000000e+00,3.838663101196289062e-01,2.042022347450256348e-01,1.660290807485580444e-01,1.361215263605117798e-01,1.291236132383346558e-01,1.263834536075592041e-01,1.209188103675842285e-01,1.211206242442131042e-01,1.255432516336441040e-01,1.291866451501846313e-01,1.391382813453674316e-01,1.403616219758987427e-01,1.448712348937988281e-01,4.149187803268432617e-01,3.194093704223632812e-01
4.486751556396484375e-01,5.955423116683959961e-01,1.000000000000000000e+00,7.119963765144348145e-01,4.801846444606781006e-01,3.829762339591979980e-01,3.280734419822692871e-01,2.924730479717254639e-01,2.753633856773376465e-01,2.007141411304473877e-01,4.332269728183746338e-02,3.063377365469932556e-02,2.530492283403873444e-02,2.418961562216281891e-02,2.325889468193054199e-02,2.325889468193054199e-02,2.325889468193054199e-02,2.325889468193054199e-02,2.325889468193054199e-02,2.325889468193054199e-02,2.325889468193054199e-02,2.325889468193054199e-02,2.418961562216281891e-02,2.530492283403873444e-02,3.063377365469932556e-02,4.332269728183746338e-02,2.007141411304473877e-01,2.587655484676361084e-01,2.467090189456939697e-01,2.442127466201782227e-01,2.514078319072723389e-01,2.692206799983978271e-01,2.927371561527252197e-01,3.278546333312988281e-01,3.736374974250793457e-01,1.000000000000000000e+00,1.000000000000000000e+00
5.720294117927551270e-01,6.984124779701232910e-01,9.377086162567138672e-01,7.828624248504638672e-01,5.147758722305297852e-01,4.001922607421875000e-01,3.042799532413482666e-01,2.657010555267333984e-01,2.461494654417037964e-01,2.450406700372695923e-01,2.462185919284820557e-01,2.583614289760589600e-01,2.952525615692138672e-01,3.556532263755798340e-01,4.502629637718200684e-01,6.467922925949096680e-01,8.124985098838806152e-01,8.000655174255371094e-01,8.000655174255371094e-01,8.124985098838806152e-01,8.431524634361267090e-01,9.002612829208374023e-01,1.000000000000000000e+00,7.455132603645324707e-01,4.671086370944976807e-01,3.367761969566345215e-01,2.742121815681457520e-01,2.462185919284820557e-01,2.374926358461380005e-01,2.362712174654006958e-01,2.476659417152404785e-01,2.578999102115631104e-01,2.896658778190612793e-01,3.210456669330596924e-01,3.799022138118743896e-01,5.513383150100708008e-01,5.798254013061523438e-01
1.575762033462524414e-01,1.739316284656524658e-01,3.049915432929992676e-01,2.580580115318298340e-01,2.308140993118286133e-01,2.026012539863586426e-01,1.646998524665832520e-01,1.403616219758987427e-01,1.296898126602172852e-01,1.187448129057884216e-01,1.164603829383850098e-01,1.229220181703567505e-01,1.355821937322616577e-01,1.598841995000839233e-01,1.937694698572158813e-01,2.225539535284042358e-01,3.121936321258544922e-01,8.380804657936096191e-01,8.850153684616088867e-01,8.997939825057983398e-01,9.353893399238586426e-01,1.000000000000000000e+00,4.871970713138580322e-01,2.155294269323348999e-01,1.570068597793579102e-01,1.400713175535202026e-01,1.331587284803390503e-01,1.213891804218292236e-01,1.199725344777107239e-01,1.219912841916084290e-01,1.227231696248054504e-01,1.291866451501846313e-01,1.371938437223434448e-01,1.468803286552429199e-01,1.527491509914398193e-01,4.086009562015533447e-01,3.173747062683105469e-01
4.749586284160614014e-01,6.636452078819274902e-01,1.000000000000000000e+00,6.941425800323486328e-01,4.758642017841339111e-01,3.854351341724395752e-01,3.255411982536315918e-01,2.912381887435913086e-01,2.733529508113861084e-01,8.853796124458312988e-02,2.364588342607021332e-02,1.949889399111270905e-02,1.705128885805606842e-02,1.672016456723213196e-02,1.672016456723213196e-02,1.672016456723213196e-02,1.672016456723213196e-02,1.672016456723213196e-02,1.672016456723213196e-02,1.672016456723213196e-02,1.672016456723213196e-02,1.672016456723213196e-02,1.672016456723213196e-02,1.705128885805606842e-02,1.949889399111270905e-02,2.364588342607021332e-02,8.853796124458312988e-02,2.669577300548553467e-01,2.543444037437438965e-01,2.542344629764556885e-01,2.624799609184265137e-01,2.783392667770385742e-01,3.081050217151641846e-01,3.437203764915466309e-01,3.963772058486938477e-01,1.000000000000000000e+00,1.000000000000000000e+00
5.915216207504272461e-01,6.928897500038146973e-01,9.116367101669311523e-01,7.574407458305358887e-01,5.064989924430847168e-01,3.937577307224273682e-01,2.914679050445556641e-01,2.560157477855682373e-01,2.421917170286178589e-01,2.411007583141326904e-01,2.478404790163040161e-01,2.695588469505310059e-01,3.066197633743286133e-01,3.704731762409210205e-01,4.686156213283538818e-01,6.545170545578002930e-01,8.117675781250000000e-01,7.989398241043090820e-01,7.986717224121093750e-01,8.117675781250000000e-01,8.423087000846862793e-01,8.986211419105529785e-01,1.000000000000000000e+00,7.129545807838439941e-01,4.595981538295745850e-01,3.257951736450195312e-01,2.698032259941101074e-01,2.409640401601791382e-01,2.336740791797637939e-01,2.294043898582458496e-01,2.435485422611236572e-01,2.537532150745391846e-01,2.799337208271026611e-01,3.267546594142913818e-01,4.020395576953887939e-01,5.363665223121643066e-01,5.707904100418090820e-01
1.513555198907852173e-01,1.833552867174148560e-01,2.968530952930450439e-01,2.614907622337341309e-01,2.275205403566360474e-01,1.997102648019790649e-01,1.623497009277343750e-01,1.421377509832382202e-01,1.317999213933944702e-01,1.238796114921569824e-01,1.234958842396736145e-01,1.280864924192428589e-01,1.424157321453094482e-01,1.661543399095535278e-01,2.019553780555725098e-01,2.334579080343246460e-01,3.443956971168518066e-01,8.819460272789001465e-01,8.843017816543579102e-01,8.994243144989013672e-01,9.346190690994262695e-01,1.000000000000000000e+00,3.839917778968811035e-01,2.012884020805358887e-01,1.494621783494949341e-01,1.341791749000549316e-01,1.272811144590377808e-01,1.186612695455551147e-01,1.169828027486801147e-01,1.193923130631446838e-01,1.268453150987625122e-01,1.304728388786315918e-01,1.406270861625671387e-01,1.485064625740051270e-01,1.485064625740051270e-01,4.104365110397338867e-01,3.073848187923431396e-01
4.934819340705871582e-01,7.891226410865783691e-01,1.000000000000000000e+00,6.744871139526367188e-01,4.660914242267608643e-01,3.830302953720092773e-01,3.330078125000000000e-01,3.036927878856658936e-01,2.893410027027130127e-01,2.633222937583923340e-01,5.865278095006942749e-02,3.903414309024810791e-02,3.085920028388500214e-02,2.845077775418758392e-02,2.781610749661922455e-02,2.760130725800991058e-02,2.760130725800991058e-02,2.760130725800991058e-02,2.760130725800991058e-02,2.760130725800991058e-02,2.760130725800991058e-02,2.781610749661922455e-02,2.845077775418758392e-02,3.085920028388500214e-02,3.903414309024810791e-02,5.865278095006942749e-02,2.705245018005371094e-01,2.686922252178192139e-01,2.592907547950744629e-01,2.583709359169006348e-01,2.683597505092620850e-01,2.871730029582977295e-01,3.147789835929870605e-01,3.546291589736938477e-01,4.089571833610534668e-01,1.000000000000000000e+00,1.000000000000000000e+00
5.934529304504394531e-01,6.763054728507995605e-01,8.739409446716308594e-01,7.328200340270996094e-01,4.781200587749481201e-01,3.795355558395385742e-01,2.868542373180389404e-01,2.447664737701416016e-01,2.327344715595245361e-01,2.316347211599349976e-01,2.371497899293899536e-01,2.577245831489562988e-01,2.938349545001983643e-01,3.523665070533752441e-01,4.611978828907012939e-01,7.281008362770080566e-01,8.100273013114929199e-01,7.975785136222839355e-01,7.975785136222839355e-01,8.100273013114929199e-01,8.414911031723022461e-01,8.970284461975097656e-01,1.000000000000000000e+00,6.459627151489257812e-01,4.194444119930267334e-01,3.028221428394317627e-01,2.542332410812377930e-01,2.274632900953292847e-01,2.249232977628707886e-01,2.209863811731338501e-01,2.357323467731475830e-01,2.497365325689315796e-01,2.755026221275329590e-01,3.215824365615844727e-01,4.068123996257781982e-01,5.284979939460754395e-01,5.709139704704284668e-01
1.326449662446975708e-01,3.002877831459045410e-01,2.672551572322845459e-01,2.351313382387161255e-01,2.118886113166809082e-01,1.872645914554595947e-01,1.556374877691268921e-01,1.354735344648361206e-01,1.251733601093292236e-01,1.184493303298950195e-01,1.171618029475212097e-01,1.237720102071762085e-01,1.363106518983840942e-01,1.543162167072296143e-01,1.923785656690597534e-01,2.357755452394485474e-01,3.211561143398284912e-01,8.832823634147644043e-01,8.853063583374023438e-01,9.005265831947326660e-01,9.360799193382263184e-01,1.000000000000000000e+00,3.206361830234527588e-01,1.916280835866928101e-01,1.463454067707061768e-01,1.275738328695297241e-01,1.207950934767723083e-01,1.171618029475212097e-01,1.132113859057426453e-01,1.155978366732597351e-01,1.211712062358856201e-01,1.216708868741989136e-01,1.317845433950424194e-01,1.306285262107849121e-01,1.299883276224136353e-01,4.081239402294158936e-01,2.951994836330413818e-01
4.817979931831359863e-01,6.779739856719970703e-01,1.000000000000000000e+00,6.754906177520751953e-01,4.615077972412109375e-01,3.840947151184082031e-01,3.373087644577026367e-01,3.007062077522277832e-01,2.792549133300781250e-01,1.483212113380432129e-01,3.416233882308006287e-02,2.463481388986110687e-02,2.160616032779216766e-02,2.078014053404331207e-02,2.049740403890609741e-02,2.049740403890609741e-02,2.049740403890609741e-02,2.049740403890609741e-02,2.049740403890609741e-02,2.049740403890609741e-02,2.049740403890609741e-02,2.049740403890609741e-02,2.078014053404331207e-02,2.160616032779216766e-02,2.463481388986110687e-02,3.416233882308006287e-02,1.483212113380432129e-01,2.627170383930206299e-01,2.505755722522735596e-01,2.491978108882904053e-01,2.584849894046783447e-01,2.767992913722991943e-01,3.071192502975463867e-01,3.501264750957489014e-01,3.981927931308746338e-01,1.000000000000000000e+00,1.000000000000000000e+00
5.673937797546386719e-01,6.870001554489135742e-01,9.118186831474304199e-01,7.688031196594238281e-01,4.978184103965759277e-01,3.887655436992645264e-01,3.146884143352508545e-01,2.580907940864562988e-01,2.441547065973281860e-01,2.373384386301040649e-01,2.429170757532119751e-01,2.639922201633453369e-01,3.091049790382385254e-01,3.816364109516143799e-01,5.190606713294982910e-01,7.092584371566772461e-01,8.126593828201293945e-01,7.996357083320617676e-01,7.993634343147277832e-01,8.116078376770019531e-01,8.436556458473205566e-01,9.007699489593505859e-01,1.000000000000000000e+00,6.572283506393432617e-01,4.296449422836303711e-01,3.101865053176879883e-01,2.546289563179016113e-01,2.316254973411560059e-01,2.251738905906677246e-01,2.247272729873657227e-01,2.332822978496551514e-01,2.476953417062759399e-01,2.795197367668151855e-01,3.165982067584991455e-01,3.825129270553588867e-01,5.434206128120422363e-01,5.778559446334838867e-01
1.586997210979461670e-01,1.829809695482254028e-01,3.066638112068176270e-01,2.685450017452239990e-01,2.320796549320220947e-01,2.122986167669296265e-01,1.656028926372528076e-01,1.411312222480773926e-01,1.304008960723876953e-01,1.227942928671836853e-01,1.231957972049713135e-01,1.289410293102264404e-01,1.420033127069473267e-01,1.607608348131179810e-01,1.969746053218841553e-01,2.471920102834701538e-01,3.385058939456939697e-01,8.834442496299743652e-01,8.858167529106140137e-01,9.007433056831359863e-01,9.366860389709472656e-01,1.000000000000000000e+00,3.916863203048706055e-01,1.996309310197830200e-01,1.524571478366851807e-01,1.329016238451004028e-01,1.257743686437606812e-01,1.220547631382942200e-01,1.179393678903579712e-01,1.204254776239395142e-01,1.233960613608360291e-01,1.267521530389785767e-01,1.397245675325393677e-01,1.462857723236083984e-01,1.567690521478652954e-01,4.067120552062988281e-01,3.226883709430694580e-01
1.000000000000000000e+00,1.000000000000000000e+00,1.000000000000000000e+00,1.000000000000000000e+00,1.000000000000000000e+00,1.000000000000000000e+00,1.000000000000000000e+00,1.000000000000000000e+00,1.000000000000000000e+00,1.000000000000000000e+00,1.000000000000000000e+00,1.000000000000000000e+00,1.000000000000000000e+00,1.000000000000000000e+00,1.000000000000000000e+00,1.000000000000000000e+00,1.000000000000000000e+00,1.000000000000000000e+00,1.000000000000000000e+00,1.000000000000000000e+00,1.000000000000000000e+00,1.000000000000000000e+00,1.000000000000000000e+00,1.000000000000000000e+00,1.000000000000000000e+00,1.000000000000000000e+00,1.000000000000000000e+00,1.000000000000000000e+00,1.000000000000000000e+00,1.000000000000000000e+00,1.000000000000000000e+00,1.000000000000000000e+00,1.000000000000000000e+00,1.000000000000000000e+00,1.000000000000000000e+00,1.000000000000000000e+00,1.000000000000000000e+00
6.312666535377502441e-01,7.193983793258666992e-01,9.486243128776550293e-01,8.038065433502197266e-01,5.386234521865844727e-01,4.037188589572906494e-01,3.185093998908996582e-01,2.680178582668304443e-01,2.475638836622238159e-01,2.463940531015396118e-01,2.522605359554290771e-01,2.741463184356689453e-01,3.125575482845306396e-01,3.748186230659484863e-01,4.771873354911804199e-01,7.231537699699401855e-01,8.132760524749755859e-01,8.000912070274353027e-01,8.000912070274353027e-01,8.121873140335083008e-01,8.437887430191040039e-01,9.004395008087158203e-01,1.000000000000000000e+00,6.955848932266235352e-01,4.542725384235382080e-01,3.337904810905456543e-01,2.704325020313262939e-01,2.477826178073883057e-01,2.377406954765319824e-01,2.368274778127670288e-01,2.466138154268264771e-01,2.656492888927459717e-01,2.983697652816772461e-01,3.420730531215667725e-01,4.268093407154083252e-01,5.433275699615478516e-01,5.866579413414001465e-01
1.575120389461517334e-01,1.904848366975784302e-01,3.123295307159423828e-01,2.771961390972137451e-01,2.363674044609069824e-01,2.162208855152130127e-01,1.686624586582183838e-01,1.437386721372604370e-01,1.328101009130477905e-01,1.322302818298339844e-01,1.322948187589645386e-01,1.405554264783859253e-01,1.529470831155776978e-01,1.667790412902832031e-01,2.006137669086456299e-01,2.501600384712219238e-01,3.407496213912963867e-01,8.832949995994567871e-01,8.854573965072631836e-01,9.003732204437255859e-01,9.356664419174194336e-01,1.000000000000000000e+00,4.137358069419860840e-01,2.265182286500930786e-01,1.645112335681915283e-01,1.393965631723403931e-01,1.322302818298339844e-01,1.291600465774536133e-01,1.335153430700302124e-01,1.318423151969909668e-01,1.376089602708816528e-01,1.471433192491531372e-01,1.553288102149963379e-01,1.595049053430557251e-01,1.575120389461517334e-01,4.269002079963684082e-01,3.307671546936035156e-01
4.765296280384063721e-01,6.661828756332397461e-01,1.000000000000000000e+00,6.777127981185913086e-01,4.554413259029388428e-01,3.756641149520874023e-01,3.165545165538787842e-01,2.889666259288787842e-01,2.777944803237915039e-01,9.074714779853820801e-02,2.423589117825031281e-02,1.998542807996273041e-02,1.747674867510795593e-02,1.713736355304718018e-02,1.713736355304718018e-02,1.713736355304718018e-02,1.713736355304718018e-02,1.713736355304718018e-02,1.713736355304718018e-02,1.713736355304718018e-02,1.713736355304718018e-02,1.713736355304718018e-02,1.713736355304718018e-02,1.747674867510795593e-02,1.998542807996273041e-02,2.423589117825031281e-02,9.074714779853820801e-02,2.635813355445861816e-01,2.513999044895172119e-01,2.490761131048202515e-01,2.593353688716888428e-01,2.757358551025390625e-01,3.050450682640075684e-01,3.414595425128936768e-01,3.955725133419036865e-01,1.000000000000000000e+00,1.000000000000000000e+00
5.912787318229675293e-01,6.957403421401977539e-01,9.329208135604858398e-01,7.930370569229125977e-01,5.427673459053039551e-01,3.970357179641723633e-01,3.132368028163909912e-01,2.635811269283294678e-01,2.434657216072082520e-01,2.423152625560760498e-01,2.480846345424652100e-01,2.617192864418029785e-01,3.073835074901580811e-01,3.686138987541198730e-01,4.692880213260650635e-01,6.925197839736938477e-01,8.114328384399414062e-01,7.986549735069274902e-01,7.986549735069274902e-01,8.114328384399414062e-01,8.429136276245117188e-01,8.987476825714111328e-01,1.000000000000000000e+00,6.757476329803466797e-01,4.255702793598175049e-01,3.096478581428527832e-01,2.600456476211547852e-01,2.322311997413635254e-01,2.282870709896087646e-01,2.246626317501068115e-01,2.341783493757247925e-01,2.446821630001068115e-01,2.749956846237182617e-01,3.233331739902496338e-01,3.848396837711334229e-01,5.383487343788146973e-01,5.848451852798461914e-01
1.661009639501571655e-01,1.829067617654800415e-01,3.186984062194824219e-01,2.782122194766998291e-01,2.405816465616226196e-01,2.112296819686889648e-01,1.692807078361511230e-01,1.403371691703796387e-01,1.288349330425262451e-01,1.285676360130310059e-01,1.277624070644378662e-01,1.373014897108078003e-01,1.484957337379455566e-01,1.615335494279861450e-01,1.921254098415374756e-01,2.418295741081237793e-01,3.208768069744110107e-01,8.782678246498107910e-01,8.845613002777099609e-01,8.996006846427917480e-01,9.351775646209716797e-01,1.000000000000000000e+00,4.269346594810485840e-01,2.157017141580581665e-01,1.651142686605453491e-01,1.399075239896774292e-01,1.327149718999862671e-01,1.309536248445510864e-01,1.311504989862442017e-01,1.323255896568298340e-01,1.381133794784545898e-01,1.476826816797256470e-01,1.558981835842132568e-01,1.640692204236984253e-01,1.625948846340179443e-01,4.146739542484283447e-01,3.357644379138946533e-01
4.813910126686096191e-01,6.679313182830810547e-01,1.000000000000000000e+00,6.730082035064697266e-01,4.621219635009765625e-01,3.736455738544464111e-01,3.201774060726165771e-01,2.856228351593017578e-01,2.684498727321624756e-01,1.461241692304611206e-01,3.365629911422729492e-02,2.426990307867527008e-02,2.128611318767070770e-02,2.047232910990715027e-02,2.019377984106540680e-02,2.019377984106540680e-02,2.019377984106540680e-02,2.019377984106540680e-02,2.019377984106540680e-02,2.019377984106540680e-02,2.019377984106540680e-02,2.019377984106540680e-02,2.047232910990715027e-02,2.128611318767070770e-02,2.426990307867527008e-02,3.365629911422729492e-02,1.461241692304611206e-01,2.646892070770263672e-01,2.498966157436370850e-01,2.492612004280090332e-01,2.594156265258789062e-01,2.773940861225128174e-01,3.040451407432556152e-01,3.459402620792388916e-01,3.922944664955139160e-01,1.000000000000000000e+00,1.000000000000000000e+00
5.570941567420959473e-01,6.814766526222229004e-01,9.242908358573913574e-01,7.626219987869262695e-01,5.145033001899719238e-01,3.937577307224273682e-01,3.042461872100830078e-01,2.614289224147796631e-01,2.421917170286178589e-01,2.411007583141326904e-01,2.478404790163040161e-01,2.695588469505310059e-01,3.066197633743286133e-01,3.704731762409210205e-01,4.686156213283538818e-01,6.726428866386413574e-01,8.117675781250000000e-01,7.989398241043090820e-01,7.986717224121093750e-01,8.117675781250000000e-01,8.423087000846862793e-01,8.986211419105529785e-01,1.000000000000000000e+00,6.563521623611450195e-01,4.261906147003173828e-01,3.132648169994354248e-01,2.525817453861236572e-01,2.311217337846755981e-01,2.251269221305847168e-01,2.250537276268005371e-01,2.354302555322647095e-01,2.457038760185241699e-01,2.721745073795318604e-01,3.031611442565917969e-01,3.737939000129699707e-01,5.381882190704345703e-01,5.745707154273986816e-01
1.614045202732086182e-01,1.658819168806076050e-01,3.215962350368499756e-01,2.742986679077148438e-01,2.308140993118286133e-01,2.055136561393737793e-01,1.646998524665832520e-01,1.403616219758987427e-01,1.296898126602172852e-01,1.253485679626464844e-01,1.234507188200950623e-01,1.282379031181335449e-01,1.412289589643478394e-01,1.628606766462326050e-01,1.993198841810226440e-01,2.352854907512664795e-01,3.327439427375793457e-01,8.826481103897094727e-01,8.850153684616088867e-01,8.997939825057983398e-01,9.353893399238586426e-01,1.000000000000000000e+00,4.096981287002563477e-01,1.985423266887664795e-01,1.516257822513580322e-01,1.321769058704376221e-01,1.291236132383346558e-01,1.243050619959831238e-01,1.192237585783004761e-01,1.211206242442131042e-01,1.255432516336441040e-01,1.291866451501846313e-01,1.391382813453674316e-01,1.468803286552429199e-01,1.581949591636657715e-01,4.142642617225646973e-01,3.186062872409820557e-01
5.149444341659545898e-01,6.977226138114929199e-01,1.000000000000000000e+00,8.026908636093139648e-01,5.386769175529479980e-01,4.363114535808563232e-01,3.685117065906524658e-01,3.332043290138244629e-01,3.137119114398956299e-01,2.813727259635925293e-01,6.435240060091018677e-02,4.282731190323829651e-02,3.385796397924423218e-02,3.121550008654594421e-02,3.051915578544139862e-02,3.028348460793495178e-02,3.028348460793495178e-02,3.028348460793495178e-02,3.028348460793495178e-02,3.028348460793495178e-02,3.028348460793495178e-02,3.051915578544139862e-02,3.121550008654594421e-02,3.385796397924423218e-02,4.282731190323829651e-02,6.435240060091018677e-02,2.964505851268768311e-01,2.911095917224884033e-01,2.763627171516418457e-01,2.750894427299499512e-01,2.864201664924621582e-01,3.045335114002227783e-01,3.335052430629730225e-01,3.735133409500122070e-01,4.294092357158660889e-01,1.000000000000000000e+00,1.000000000000000000e+00
5.743076801300048828e-01,6.928897500038146973e-01,7.407017350196838379e-01,7.959438562393188477e-01,5.064989924430847168e-01,3.937577307224273682e-01,2.993875443935394287e-01,2.560157477855682373e-01,2.421917170286178589e-01,2.364777028560638428e-01,2.409640401601791382e-01,2.542073428630828857e-01,2.905052900314331055e-01,3.580338358879089355e-01,4.558183550834655762e-01,6.545170545578002930e-01,8.117675781250000000e-01,7.989398241043090820e-01,7.986717224121093750e-01,8.117675781250000000e-01,8.423087000846862793e-01,8.986211419105529785e-01,1.000000000000000000e+00,7.048662900924682617e-01,4.467638731002807617e-01,3.188429772853851318e-01,2.640627324581146240e-01,2.366866320371627808e-01,2.310504317283630371e-01,2.294043898582458496e-01,2.435485422611236572e-01,2.537532150745391846e-01,2.850084602832794189e-01,3.158836960792541504e-01,3.737939000129699707e-01,5.553700327873229980e-01,5.755080580711364746e-01
1.649005413055419922e-01,1.693025380373001099e-01,1.805768311023712158e-01,2.841121852397918701e-01,2.444746345281600952e-01,2.161513715982437134e-01,1.696364134550094604e-01,1.436827182769775391e-01,1.332325190305709839e-01,1.222869008779525757e-01,1.199510619044303894e-01,1.277187466621398926e-01,1.383518427610397339e-01,1.593158245086669922e-01,1.952040791511535645e-01,2.270221561193466187e-01,3.315610885620117188e-01,8.714963793754577637e-01,8.858839869499206543e-01,9.005444645881652832e-01,9.358636140823364258e-01,1.000000000000000000e+00,4.283203780651092529e-01,2.147632539272308350e-01,1.510867625474929810e-01,1.356376409530639648e-01,1.326853632926940918e-01,1.259341686964035034e-01,1.222869008779525757e-01,1.249029636383056641e-01,1.279716640710830688e-01,1.318910121917724609e-01,1.438513845205307007e-01,1.501206606626510620e-01,1.600750833749771118e-01,4.245045185089111328e-01,3.154586851596832275e-01
5.000406503677368164e-01,6.582337617874145508e-01,1.000000000000000000e+00,8.704727292060852051e-01,5.557296872138977051e-01,4.432279467582702637e-01,3.743534088134765625e-01,3.349069356918334961e-01,3.105299174785614014e-01,2.322914898395538330e-01,5.013843998312950134e-02,3.545323014259338379e-02,2.928601950407028198e-02,2.799524739384651184e-02,2.691810019314289093e-02,2.691810019314289093e-02,2.691810019314289093e-02,2.691810019314289093e-02,2.691810019314289093e-02,2.691810019314289093e-02,2.691810019314289093e-02,2.691810019314289093e-02,2.799524739384651184e-02,2.928601950407028198e-02,3.545323014259338379e-02,5.013843998312950134e-02,2.322914898395538330e-01,2.941198348999023438e-01,2.787879705429077148e-01,2.751843631267547607e-01,2.855225205421447754e-01,3.008552193641662598e-01,3.301934599876403809e-01,3.672750294208526611e-01,4.204213917255401611e-01,1.000000000000000000e+00,1.000000000000000000e+00
5.485616326332092285e-01,7.193192243576049805e-01,7.747296094894409180e-01,8.583275675773620605e-01,5.687772035598754883e-01,4.340597391128540039e-01,3.322899341583251953e-01,2.714008390903472900e-01,2.454978674650192261e-01,2.443377971649169922e-01,2.501553297042846680e-01,2.665151059627532959e-01,3.015863001346588135e-01,3.632826507091522217e-01,4.599219560623168945e-01,6.473903656005859375e-01,8.123465776443481445e-01,7.993676066398620605e-01,7.993676066398620605e-01,8.123465776443481445e-01,8.423942923545837402e-01,9.009629487991333008e-01,1.000000000000000000e+00,7.615059614181518555e-01,4.771290123462677002e-01,3.440006971359252930e-01,2.800945639610290527e-01,2.515004575252532959e-01,2.372583150863647461e-01,2.373331487178802490e-01,2.402334511280059814e-01,2.550759613513946533e-01,2.772909998893737793e-01,3.090885877609252930e-01,3.939107358455657959e-01,5.526894330978393555e-01,5.893065333366394043e-01
1.866304427385330200e-01,1.870447099208831787e-01,2.163784503936767578e-01,3.153071999549865723e-01,2.671094834804534912e-01,2.288191020488739014e-01,1.842186152935028076e-01,1.442655473947525024e-01,1.288349330425262451e-01,1.285676360130310059e-01,1.287681609392166138e-01,1.373014897108078003e-01,1.509655714035034180e-01,1.673903763294219971e-01,1.829067617654800415e-01,2.434246540069580078e-01,2.997585237026214600e-01,7.535963058471679688e-01,8.845613002777099609e-01,8.996006846427917480e-01,9.351775646209716797e-01,1.000000000000000000e+00,5.836123824119567871e-01,2.390035688877105713e-01,1.743857860565185547e-01,1.399075239896774292e-01,1.327149718999862671e-01,1.287681609392166138e-01,1.242819651961326599e-01,1.244893968105316162e-01,1.320002228021621704e-01,1.360429674386978149e-01,1.502803862094879150e-01,1.640692204236984253e-01,1.822001039981842041e-01,4.210967123508453369e-01,3.356180787086486816e-01
4.873640835285186768e-01,6.639098525047302246e-01,1.000000000000000000e+00,7.436817884445190430e-01,4.969098865985870361e-01,3.926763236522674561e-01,3.358566761016845703e-01,3.040433526039123535e-01,2.893117368221282959e-01,2.902861535549163818e-01,3.076317012310028076e-01,3.445718884468078613e-01,3.862662613391876221e-01,3.611413240432739258e-01,3.252559602260589600e-01,3.047812581062316895e-01,2.945004403591156006e-01,2.868164777755737305e-01,2.867045700550079346e-01,2.903745770454406738e-01,3.013719916343688965e-01,3.204453587532043457e-01,3.561307191848754883e-01,4.208095371723175049e-01,4.857945144176483154e-01,3.971777558326721191e-01,3.405250012874603271e-01,3.035363554954528809e-01,2.820328772068023682e-01,2.792198956012725830e-01,2.862789630889892578e-01,3.031978607177734375e-01,3.236537575721740723e-01,3.637619316577911377e-01,4.134862720966339111e-01,1.000000000000000000e+00,7.224743962287902832e-01
3.782281279563903809e-01,5.431665182113647461e-01,5.480692982673645020e-01,4.667763113975524902e-01,3.671389818191528320e-01,2.589784860610961914e-01,2.087115645408630371e-01,1.706093400716781616e-01,1.583037972450256348e-01,1.575181633234024048e-01,1.585485041141510010e-01,1.708364188671112061e-01,1.882407963275909424e-01,2.289438545703887939e-01,2.897274494171142578e-01,4.153561592102050781e-01,7.872067689895629883e-01,8.440460562705993652e-01,8.438347578048706055e-01,8.541820645332336426e-01,8.879628181457519531e-01,9.495124816894531250e-01,1.000000000000000000e+00,5.364875197410583496e-01,3.152823448181152344e-01,2.187249064445495605e-01,1.772079318761825562e-01,1.547370404005050659e-01,1.496940553188323975e-01,1.486023366451263428e-01,1.587440073490142822e-01,1.654409468173980713e-01,1.920333057641983032e-01,2.166948467493057251e-01,2.842428386211395264e-01,5.061728358268737793e-01,3.153772354125976562e-01
1.637330651283264160e-01,1.622694283723831177e-01,1.513665318489074707e-01,1.369308382272720337e-01,1.142014861106872559e-01,1.072178855538368225e-01,9.992353618144989014e-02,9.400016069412231445e-02,9.234050661325454712e-02,8.962115645408630371e-02,9.094242006540298462e-02,9.442221373319625854e-02,9.750676155090332031e-02,1.093799993395805359e-01,1.310956776142120361e-01,1.651034653186798096e-01,2.141264975070953369e-01,4.120274782180786133e-01,8.872589468955993652e-01,9.006814360618591309e-01,9.354078769683837891e-01,1.000000000000000000e+00,2.869700193405151367e-01,1.587740331888198853e-01,1.289550662040710449e-01,1.002766266465187073e-01,9.214892983436584473e-02,8.802952617406845093e-02,8.742520213127136230e-02,8.922591060400009155e-02,9.677908569574356079e-02,1.100243628025054932e-01,1.250237375497817993e-01,1.391710340976715088e-01,1.574046611785888672e-01,3.950617313385009766e-01,7.002342492341995239e-02
1.235416308045387268e-01,1.725617349147796631e-01,2.509428858757019043e-01,4.674106836318969727e-01,1.000000000000000000e+00,7.398577332496643066e-01,6.217509508132934570e-01,5.577923059463500977e-01,5.343248844146728516e-01,5.174550414085388184e-01,1.351934075355529785e-01,8.429436385631561279e-02,6.497885286808013916e-02,5.652821809053421021e-02,5.166925117373466492e-02,5.078732222318649292e-02,5.078732222318649292e-02,5.158969759941101074e-02,5.158969759941101074e-02,5.166925117373466492e-02,5.230131372809410095e-02,5.438031628727912903e-02,5.901649594306945801e-02,6.497885286808013916e-02,5.908605083823204041e-02,5.513042584061622620e-02,5.445579439401626587e-02,5.445579439401626587e-02,5.630981922149658203e-02,6.153765693306922913e-02,6.690964847803115845e-02,6.902468949556350708e-02,7.572132349014282227e-02,8.356029540300369263e-02,9.949105232954025269e-02,2.371079772710800171e-01,1.000000000000000000e+00
5.274257063865661621e-01,8.024289608001708984e-01,1.000000000000000000e+00,6.728389859199523926e-01,4.780996739864349365e-01,3.979034721851348877e-01,3.435798585414886475e-01,3.082228302955627441e-01,2.973225414752960205e-01,3.079789280891418457e-01,3.228112757205963135e-01,3.561982214450836182e-01,4.096291065216064453e-01,3.871827125549316406e-01,3.481967449188232422e-01,3.279118835926055908e-01,3.159285783767700195e-01,3.080805838108062744e-01,3.080805838108062744e-01,3.124404251575469971e-01,3.234508335590362549e-01,3.450349271297454834e-01,3.822340667247772217e-01,4.532889425754547119e-01,4.750774502754211426e-01,4.112769067287445068e-01,3.469896316528320312e-01,3.144184947013854980e-01,2.961195409297943115e-01,2.930369675159454346e-01,3.028113842010498047e-01,3.171946704387664795e-01,3.450893759727478027e-01,3.850905597209930420e-01,4.445140361785888672e-01,1.000000000000000000e+00,6.993874907493591309e-01
4.135764837265014648e-01,5.512492656707763672e-01,5.169980525970458984e-01,4.280617535114288330e-01,3.239527940750122070e-01,2.328442037105560303e-01,1.890860497951507568e-01,1.658428311347961426e-01,1.576904952526092529e-01,1.535474509000778198e-01,1.569453477859497070e-01,1.695131361484527588e-01,1.883484125137329102e-01,2.279470413923263550e-01,2.954213917255401611e-01,4.364517629146575928e-01,8.785591125488281250e-01,8.894740939140319824e-01,8.894740939140319824e-01,9.008750915527343750e-01,9.357794523239135742e-01,1.000000000000000000e+00,9.612996578216552734e-01,4.783540666103363037e-01,2.979156970977783203e-01,2.088944613933563232e-01,1.722570806741714478e-01,1.541189700365066528e-01,1.508031636476516724e-01,1.518199890851974487e-01,1.570853292942047119e-01,1.722570806741714478e-01,1.866682767868041992e-01,2.384714484214782715e-01,2.951484620571136475e-01,4.802055954933166504e-01,2.613043487071990967e-01
1.781147569417953491e-01,1.751536875963211060e-01,1.581687927246093750e-01,1.377991437911987305e-01,1.147495359182357788e-01,1.059201955795288086e-01,9.886243939399719238e-02,9.029287099838256836e-02,8.778175711631774902e-02,8.759963512420654297e-02,8.922533690929412842e-02,9.355045109987258911e-02,1.028604805469512939e-01,1.140515357255935669e-01,1.309047639369964600e-01,1.658575385808944702e-01,2.446720451116561890e-01,8.832812309265136719e-01,8.831139802932739258e-01,8.955674171447753906e-01,9.312354922294616699e-01,1.000000000000000000e+00,2.507325708866119385e-01,1.430030763149261475e-01,1.200547143816947937e-01,9.532608091831207275e-02,8.482092618942260742e-02,7.881890982389450073e-02,7.871752977371215820e-02,8.096776902675628662e-02,8.993843942880630493e-02,1.006236895918846130e-01,1.175340414047241211e-01,1.349594295024871826e-01,1.579667329788208008e-01,3.548568785190582275e-01,5.577494576573371887e-02
1.586647480726242065e-01,2.209846824407577515e-01,3.358427584171295166e-01,6.490933299064636230e-01,1.000000000000000000e+00,7.614607810974121094e-01,6.527624726295471191e-01,5.955507755279541016e-01,5.676714181900024414e-01,5.442885756492614746e-01,1.078712791204452515e-01,6.689892709255218506e-02,5.223326012492179871e-02,4.591985791921615601e-02,4.361276701092720032e-02,4.361276701092720032e-02,4.361276701092720032e-02,4.400568082928657532e-02,4.400568082928657532e-02,4.400568082928657532e-02,4.439511895179748535e-02,4.638606309890747070e-02,4.987310618162155151e-02,5.223326012492179871e-02,5.013129487633705139e-02,4.730468615889549255e-02,4.693939536809921265e-02,4.693939536809921265e-02,4.838401824235916138e-02,5.247983708977699280e-02,6.048002466559410095e-02,7.065314054489135742e-02,9.318865835666656494e-02,1.122887656092643738e-01,1.288831532001495361e-01,1.943689286708831787e-01,1.000000000000000000e+00
4.379535019397735596e-01,7.735377550125122070e-01,1.000000000000000000e+00,9.163362383842468262e-01,8.020465373992919922e-01,4.811189174652099609e-01,3.596902191638946533e-01,2.893746793270111084e-01,2.515525519847869873e-01,2.434721440076828003e-01,2.477439194917678833e-01,2.535000741481781006e-01,2.656264007091522217e-01,2.515525519847869873e-01,2.286094874143600464e-01,2.160752713680267334e-01,2.111638337373733521e-01,2.105418443679809570e-01,2.105418443679809570e-01,2.111638337373733521e-01,2.160752713680267334e-01,2.281788140535354614e-01,2.403549253940582275e-01,2.806316018104553223e-01,3.863235712051391602e-01,3.144602477550506592e-01,2.591284215450286865e-01,2.280350923538208008e-01,2.249954491853713989e-01,2.249954491853713989e-01,2.462838590145111084e-01,2.656264007091522217e-01,3.043940365314483643e-01,3.508304059505462646e-01,3.795596957206726074e-01,1.000000000000000000e+00,1.000000000000000000e+00
4.371428191661834717e-01,4.216544330120086670e-01,3.937927186489105225e-01,3.540204465389251709e-01,3.308593928813934326e-01,3.087723851203918457e-01,2.900076210498809814e-01,2.874322831630706787e-01,2.732875049114227295e-01,2.480925321578979492e-01,2.472586035728454590e-01,2.447397708892822266e-01,2.527116537094116211e-01,2.635928094387054443e-01,3.025557696819305420e-01,3.415488898754119873e-01,4.145407378673553467e-01,5.490633845329284668e-01,8.915035724639892578e-01,9.130217432975769043e-01,9.485265016555786133e-01,1.000000000000000000e+00,7.611258625984191895e-01,4.344888627529144287e-01,2.685608267784118652e-01,2.535276412963867188e-01,2.570872604846954346e-01,2.823574244976043701e-01,2.936877310276031494e-01,2.702474892139434814e-01,2.514005601406097412e-01,2.514005601406097412e-01,2.807435095310211182e-01,4.255551099777221680e-01,4.740454554557800293e-01,9.550377726554870605e-01,7.448302507400512695e-01
5.326277613639831543e-01,4.982430636882781982e-01,4.701554477214813232e-01,4.320968687534332275e-01,4.038278460502624512e-01,3.765429854393005371e-01,3.539665341377258301e-01,3.544877171516418457e-01,3.446291089057922363e-01,3.335588872432708740e-01,3.131969273090362549e-01,3.126069009304046631e-01,3.172962665557861328e-01,3.374109566211700439e-01,3.753972351551055908e-01,4.168748259544372559e-01,5.166757702827453613e-01,6.811754703521728516e-01,8.656167387962341309e-01,8.772684931755065918e-01,9.192638993263244629e-01,9.674709439277648926e-01,1.000000000000000000e+00,5.458655953407287598e-01,3.525729477405548096e-01,3.285399079322814941e-01,3.264729976654052734e-01,3.551814258098602295e-01,3.424796462059020996e-01,3.537926375865936279e-01,3.374109566211700439e-01,3.395925164222717285e-01,4.073176681995391846e-01,5.963994264602661133e-01,5.785924792289733887e-01,1.000000000000000000e+00,8.028808832168579102e-01
3.631756603717803955e-01,7.464860081672668457e-01,1.000000000000000000e+00,9.468641281127929688e-01,8.602826595306396484e-01,7.550405263900756836e-01,5.048899054527282715e-01,3.934813737869262695e-01,3.354102075099945068e-01,3.190773427486419678e-01,3.175878822803497314e-01,3.270821869373321533e-01,2.760559618473052979e-01,2.372616827487945557e-01,2.173508256673812866e-01,2.117252647876739502e-01,2.117252647876739502e-01,2.135496437549591064e-01,2.135496437549591064e-01,2.143554836511611938e-01,2.143554836511611938e-01,2.173508256673812866e-01,2.372616827487945557e-01,2.760559618473052979e-01,3.488898575305938721e-01,2.549509704113006592e-01,2.236067950725555420e-01,2.185374647378921509e-01,2.201096862554550171e-01,2.201096862554550171e-01,2.367160320281982422e-01,2.437140792608261108e-01,2.579762041568756104e-01,2.793156802654266357e-01,3.041381239891052246e-01,8.160328865051269531e-01,1.000000000000000000e+00
5.796194076538085938e-01,5.437597036361694336e-01,5.067650675773620605e-01,4.726202785968780518e-01,4.295417666435241699e-01,3.944416940212249756e-01,3.782327771186828613e-01,3.701237738132476807e-01,3.529823124408721924e-01,3.213914334774017334e-01,3.059555292129516602e-01,3.059555292129516602e-01,3.091043829917907715e-01,3.295241892337799072e-01,3.593265414237976074e-01,4.015785455703735352e-01,4.854234158992767334e-01,7.089759111404418945e-01,7.993702888488769531e-01,8.090035915374755859e-01,8.446084856986999512e-01,8.994654417037963867e-01,1.000000000000000000e+00,6.796877980232238770e-01,3.865057528018951416e-01,3.365031182765960693e-01,3.303068876266479492e-01,3.765220940113067627e-01,3.709948658943176270e-01,3.303068876266479492e-01,3.295241892337799072e-01,3.389879763126373291e-01,3.664425909519195557e-01,6.252694725990295410e-01,6.266102790832519531e-01,1.000000000000000000e+00,8.240417838096618652e-01
2.974820733070373535e-01,6.520304083824157715e-01,1.000000000000000000e+00,9.740731716156005859e-01,8.983049988746643066e-01,8.239858150482177734e-01,5.882559418678283691e-01,4.561813771724700928e-01,3.934738039970397949e-01,3.730008602142333984e-01,3.709160089492797852e-01,3.497754335403442383e-01,2.836672663688659668e-01,2.440796047449111938e-01,2.235966026782989502e-01,2.154933214187622070e-01,2.110011428594589233e-01,2.101346105337142944e-01,2.101346105337142944e-01,2.103515863418579102e-01,2.154933214187622070e-01,2.235966026782989502e-01,2.440796047449111938e-01,2.839886844158172607e-01,2.822162508964538574e-01,2.323998063802719116e-01,2.008103281259536743e-01,1.948146373033523560e-01,1.966789364814758301e-01,1.966789364814758301e-01,2.094823569059371948e-01,2.165491431951522827e-01,2.310217320919036865e-01,2.395522445440292358e-01,2.641834616661071777e-01,7.372290492057800293e-01,1.000000000000000000e+00
4.424606263637542725e-01,1.000000000000000000e+00,9.871815443038940430e-01,9.309390187263488770e-01,8.225867152214050293e-01,6.547560095787048340e-01,4.196088314056396484e-01,3.223524391651153564e-01,2.899430394172668457e-01,2.655198574066162109e-01,2.616873979568481445e-01,2.659271955490112305e-01,2.786479592323303223e-01,2.827610671520233154e-01,2.666047215461730957e-01,2.534222304821014404e-01,2.476618885993957520e-01,2.463472485542297363e-01,2.463472485542297363e-01,2.476618885993957520e-01,2.534222304821014404e-01,2.666047215461730957e-01,2.945112884044647217e-01,3.304221630096435547e-01,4.547658264636993408e-01,3.400016129016876221e-01,2.889458239078521729e-01,2.637474238872528076e-01,2.555488944053649902e-01,2.653839290142059326e-01,2.709007561206817627e-01,2.905645668506622314e-01,3.115378916263580322e-01,3.251385986804962158e-01,3.565764725208282471e-01,1.000000000000000000e+00,1.000000000000000000e+00
3.966481089591979980e-01,3.853753209114074707e-01,3.626607656478881836e-01,3.357888460159301758e-01,3.120864927768707275e-01,2.922040224075317383e-01,2.719138860702514648e-01,2.678306400775909424e-01,2.709972262382507324e-01,2.698141336441040039e-01,2.568553984165191650e-01,2.568553984165191650e-01,2.580979168415069580e-01,2.802824079990386963e-01,2.923256456851959229e-01,3.168341815471649170e-01,3.926851451396942139e-01,4.925868809223175049e-01,7.761278748512268066e-01,8.137346506118774414e-01,8.425787091255187988e-01,8.974504470825195312e-01,1.000000000000000000e+00,4.925146996974945068e-01,2.791386544704437256e-01,2.579601407051086426e-01,2.564398646354675293e-01,2.781180143356323242e-01,2.724362909793853760e-01,2.752918004989624023e-01,2.742568850517272949e-01,2.765800356864929199e-01,3.734772801399230957e-01,4.399048686027526855e-01,4.313368499279022217e-01,9.799193143844604492e-01,7.665548920631408691e-01
0.000000000000000000e+00,0.000000000000000000e+00,0.000000000000000000e+00,0.000000000000000000e+00,0.000000000000000000e+00,0.000000000000000000e+00,0.000000000000000000e+00,0.000000000000000000e+00,0.000000000000000000e+00,0.000000000000000000e+00,0.000000000000000000e+00,0.000000000000000000e+00,0.000000000000000000e+00,0.000000000000000000e+00,0.000000000000000000e+00,0.000000000000000000e+00,0.000000000000000000e+00,0.000000000000000000e+00,0.000000000000000000e+00,0.000000000000000000e+00,0.000000000000000000e+00,0.000000000000000000e+00,0.000000000000000000e+00,0.000000000000000000e+00,0.000000000000000000e+00,0.000000000000000000e+00,0.000000000000000000e+00,0.000000000000000000e+00,0.000000000000000000e+00,0.000000000000000000e+00,0.000000000000000000e+00,0.000000000000000000e+00,0.000000000000000000e+00,0.000000000000000000e+00,0.000000000000000000e+00,1.000000000000000000e+00,1.000000000000000000e+00
3.888210356235504150e-01,3.767507970333099365e-01,3.510106205940246582e-01,3.297731280326843262e-01,3.046038448810577393e-01,2.859768271446228027e-01,2.748808264732360840e-01,2.695697247982025146e-01,2.737350165843963623e-01,2.700357139110565186e-01,2.607989609241485596e-01,2.617613077163696289e-01,2.649834752082824707e-01,2.917437255382537842e-01,3.034666776657104492e-01,3.445943892002105713e-01,4.019377231597900391e-01,5.271125435829162598e-01,8.330985903739929199e-01,9.020413756370544434e-01,9.351959228515625000e-01,1.000000000000000000e+00,7.765904664993286133e-01,3.789966106414794922e-01,2.802034318447113037e-01,2.615210413932800293e-01,2.724690437316894531e-01,2.785157561302185059e-01,2.730452120304107666e-01,2.664030492305755615e-01,2.693364322185516357e-01,2.934624254703521729e-01,3.866322934627532959e-01,4.308478534221649170e-01,4.214066863059997559e-01,9.957028627395629883e-01,6.414120793342590332e-01
1.000000000000000000e+00,9.592845439910888672e-01,8.828977942466735840e-01,7.817386388778686523e-01,6.661686897277832031e-01,3.691301643848419189e-01,2.297364324331283569e-01,1.899159103631973267e-01,1.565217375755310059e-01,1.565217375755310059e-01,1.567630916833877563e-01,1.567630916833877563e-01,1.640692353248596191e-01,1.784198582172393799e-01,1.930748075246810913e-01,2.255847305059432983e-01,2.832434475421905518e-01,3.775355219841003418e-01,4.260869622230529785e-01,4.390228092670440674e-01,4.539263844490051270e-01,4.822756350040435791e-01,5.307198166847229004e-01,6.272935271263122559e-01,6.455899477005004883e-01,4.745309054851531982e-01,4.173913002014160156e-01,3.859537541866302490e-01,3.734071254730224609e-01,3.640768826007843018e-01,3.689252734184265137e-01,3.791344165802001953e-01,4.394531846046447754e-01,6.655440926551818848e-01,7.591159939765930176e-01,5.177655220031738281e-01,8.338338732719421387e-01
4.324289858341217041e-01,1.000000000000000000e+00,9.881421327590942383e-01,9.305967688560485840e-01,8.326560258865356445e-01,5.751773715019226074e-01,3.815023601055145264e-01,3.050524592399597168e-01,2.600318789482116699e-01,2.519355118274688721e-01,2.462148666381835938e-01,2.511115074157714844e-01,2.494553625583648682e-01,2.236067950725555420e-01,2.032125443220138550e-01,1.920707970857620239e-01,1.877049803733825684e-01,1.871521025896072388e-01,1.871521025896072388e-01,1.877049803733825684e-01,1.920707970857620239e-01,2.032125443220138550e-01,2.236067950725555420e-01,2.596330642700195312e-01,3.434056937694549561e-01,3.177805244922637939e-01,2.663318216800689697e-01,2.414335459470748901e-01,2.350173592567443848e-01,2.396024316549301147e-01,2.445255517959594727e-01,2.765441834926605225e-01,3.027507662773132324e-01,3.278126716613769531e-01,3.599798381328582764e-01,1.000000000000000000e+00,1.000000000000000000e+00
4.325437545776367188e-01,4.222792387008666992e-01,3.969797492027282715e-01,3.681757748126983643e-01,3.441209495067596436e-01,3.233144879341125488e-01,3.022187650203704834e-01,3.025614917278289795e-01,2.919868528842926025e-01,2.845571637153625488e-01,2.707468569278717041e-01,2.744220197200775146e-01,2.778000533580780029e-01,3.002693355083465576e-01,3.251257836818695068e-01,3.612615168094635010e-01,4.374673068523406982e-01,5.526075959205627441e-01,8.567817211151123047e-01,9.032971858978271484e-01,9.357559084892272949e-01,1.000000000000000000e+00,9.088634848594665527e-01,4.556464254856109619e-01,3.123367428779602051e-01,2.843142747879028320e-01,2.830966413021087646e-01,2.919868528842926025e-01,2.826081216335296631e-01,2.744220197200775146e-01,2.823635339736938477e-01,3.076564371585845947e-01,4.312640428543090820e-01,4.836700558662414551e-01,4.756035208702087402e-01,9.963206052780151367e-01,7.181862592697143555e-01
1.000000000000000000e+00,1.000000000000000000e+00,1.000000000000000000e+00,1.000000000000000000e+00,1.000000000000000000e+00,1.000000000000000000e+00,1.000000000000000000e+00,1.000000000000000000e+00,1.000000000000000000e+00,1.000000000000000000e+00,1.000000000000000000e+00,1.000000000000000000e+00,1.000000000000000000e+00,1.000000000000000000e+00,1.000000000000000000e+00,1.000000000000000000e+00,1.000000000000000000e+00,1.000000000000000000e+00,1.000000000000000000e+00,1.000000000000000000e+00,1.000000000000000000e+00,1.000000000000000000e+00,1.000000000000000000e+00,1.000000000000000000e+00,1.000000000000000000e+00,1.000000000000000000e+00,1.000000000000000000e+00,1.000000000000000000e+00,1.000000000000000000e+00,1.000000000000000000e+00,1.000000000000000000e+00,1.000000000000000000e+00,1.000000000000000000e+00,1.000000000000000000e+00,1.000000000000000000e+00,1.000000000000000000e+00,1.000000000000000000e+00
4.044407308101654053e-01,3.712790310382843018e-01,3.501162230968475342e-01,3.378418684005737305e-01,3.036702871322631836e-01,2.857382595539093018e-01,2.783023416996002197e-01,2.672313451766967773e-01,2.626936137676239014e-01,2.485839575529098511e-01,2.416251897811889648e-01,2.408137768507003784e-01,2.540357708930969238e-01,2.646026015281677246e-01,2.965898811817169189e-01,3.348491191864013672e-01,3.954924345016479492e-01,5.268753170967102051e-01,8.682664036750793457e-01,9.036455750465393066e-01,9.388232827186584473e-01,1.000000000000000000e+00,7.592769861221313477e-01,3.889337182044982910e-01,2.810019254684448242e-01,2.485839575529098511e-01,2.485839575529098511e-01,2.626936137676239014e-01,2.709719240665435791e-01,2.595885097980499268e-01,2.591572999954223633e-01,2.767911851406097412e-01,3.646681904792785645e-01,4.422214031219482422e-01,4.204401671886444092e-01,9.021031260490417480e-01,6.266973018646240234e-01
1.000000000000000000e+00,9.503660798072814941e-01,8.710380792617797852e-01,7.655509114265441895e-01,5.881535410881042480e-01,3.061312437057495117e-01,2.238876372575759888e-01,1.850809007883071899e-01,1.525368988513946533e-01,1.479967981576919556e-01,1.479967981576919556e-01,1.515923887491226196e-01,1.576305776834487915e-01,1.677820235490798950e-01,1.881593763828277588e-01,2.198416292667388916e-01,2.573166191577911377e-01,3.847170174121856689e-01,4.831078350543975830e-01,4.890176355838775635e-01,5.040589570999145508e-01,5.381662845611572266e-01,5.950121879577636719e-01,7.013196349143981934e-01,6.784712076187133789e-01,4.973899424076080322e-01,4.321878850460052490e-01,4.040192961692810059e-01,3.865791559219360352e-01,3.732529580593109131e-01,3.835017681121826172e-01,3.932098746299743652e-01,4.586296081542968750e-01,6.941148042678833008e-01,7.564919590950012207e-01,4.837176203727722168e-01,8.206324577331542969e-01
0.000000000000000000e+00,0.000000000000000000e+00,0.000000000000000000e+00,0.000000000000000000e+00,0.000000000000000000e+00,0.000000000000000000e+00,0.000000000000000000e+00,0.000000000000000000e+00,0.000000000000000000e+00,0.000000000000000000e+00,0.000000000000000000e+00,0.000000000000000000e+00,0.000000000000000000e+00,0.000000000000000000e+00,0.000000000000000000e+00,0.000000000000000000e+00,0.000000000000000000e+00,0.000000000000000000e+00,0.000000000000000000e+00,0.000000000000000000e+00,0.000000000000000000e+00,0.000000000000000000e+00,0.000000000000000000e+00,0.000000000000000000e+00,0.000000000000000000e+00,0.000000000000000000e+00,0.000000000000000000e+00,0.000000000000000000e+00,0.000000000000000000e+00,0.000000000000000000e+00,0.000000000000000000e+00,0.000000000000000000e+00,0.000000000000000000e+00,0.000000000000000000e+00,0.000000000000000000e+00,1.000000000000000000e+00,1.000000000000000000e+00
3.597173094749450684e-01,3.293209969997406006e-01,3.079304397106170654e-01,2.933689951896667480e-01,2.709781825542449951e-01,2.593459784984588623e-01,2.445363402366638184e-01,2.453487515449523926e-01,2.414654344320297241e-01,2.398115396499633789e-01,2.370993643999099731e-01,2.302871793508529663e-01,2.412593215703964233e-01,2.547982335090637207e-01,2.797406315803527832e-01,3.222971260547637939e-01,3.798307776451110840e-01,5.109614133834838867e-01,8.259870409965515137e-01,9.033983349800109863e-01,9.367861151695251465e-01,1.000000000000000000e+00,6.709890961647033691e-01,3.315792083740234375e-01,2.492713630199432373e-01,2.310420572757720947e-01,2.331853359937667847e-01,2.448413074016571045e-01,2.436191290616989136e-01,2.348859012126922607e-01,2.344619184732437134e-01,2.610666751861572266e-01,3.501866757869720459e-01,3.947947323322296143e-01,3.678541183471679688e-01,8.940416574478149414e-01,5.984722375869750977e-01
1.000000000000000000e+00,9.922286272048950195e-01,9.298792481422424316e-01,8.446912169456481934e-01,7.351340651512145996e-01,4.835722446441650391e-01,3.415097892284393311e-01,2.702406644821166992e-01,2.313676774501800537e-01,2.163613587617874146e-01,2.161925286054611206e-01,2.178749889135360718e-01,2.275484204292297363e-01,2.599091529846191406e-01,2.891701459884643555e-01,3.366639018058776855e-01,4.249743819236755371e-01,5.162233114242553711e-01,5.299060344696044922e-01,5.366846323013305664e-01,5.541580915451049805e-01,5.886037945747375488e-01,6.546855568885803223e-01,7.738515138626098633e-01,5.274195075035095215e-01,3.958818316459655762e-01,3.419372141361236572e-01,3.357951045036315918e-01,3.211205005645751953e-01,3.151520490646362305e-01,3.142237663269042969e-01,3.283173739910125732e-01,3.594302535057067871e-01,4.162057042121887207e-01,7.024697661399841309e-01,6.172658801078796387e-01,7.979663610458374023e-01
4.164133369922637939e-01,5.192821621894836426e-01,1.000000000000000000e+00,9.332592487335205078e-01,7.605767250061035156e-01,4.412399828433990479e-01,3.340476155281066895e-01,2.730641365051269531e-01,2.533688247203826904e-01,2.332030534744262695e-01,2.213166356086730957e-01,1.714542955160140991e-01,1.339990496635437012e-01,1.157037541270256042e-01,1.056539341807365417e-01,1.026019081473350525e-01,1.008445620536804199e-01,1.008445620536804199e-01,1.008445620536804199e-01,1.008445620536804199e-01,1.026019081473350525e-01,1.056539341807365417e-01,1.157037541270256042e-01,1.339990496635437012e-01,1.714542955160140991e-01,2.773941755294799805e-01,2.584910392761230469e-01,2.216753363609313965e-01,2.087544947862625122e-01,2.097984999418258667e-01,2.141092419624328613e-01,2.195143550634384155e-01,2.424729913473129272e-01,2.730641365051269531e-01,3.337501883506774902e-01,1.000000000000000000e+00,1.000000000000000000e+00
3.123003244400024414e-01,2.895318865776062012e-01,2.760827243328094482e-01,2.571888267993927002e-01,2.372172921895980835e-01,2.208296656608581543e-01,2.130502909421920776e-01,2.097137272357940674e-01,2.158691585063934326e-01,2.148164212703704834e-01,2.043605297803878784e-01,2.063232213258743286e-01,2.117457687854766846e-01,2.259042859077453613e-01,2.520445287227630615e-01,2.890094220638275146e-01,3.392835855484008789e-01,4.710778594017028809e-01,7.599880695343017578e-01,9.021105766296386719e-01,9.359594583511352539e-01,1.000000000000000000e+00,5.943478345870971680e-01,2.739762365818023682e-01,2.380652427673339844e-01,2.241131365299224854e-01,2.271275073289871216e-01,2.241131365299224854e-01,2.158691585063934326e-01,2.129320353269577026e-01,2.163354009389877319e-01,2.472009509801864624e-01,3.143903911113739014e-01,3.523937463760375977e-01,3.201070427894592285e-01,8.927250504493713379e-01,6.334758400917053223e-01
1.000000000000000000e+00,9.522380828857421875e-01,8.704261779785156250e-01,7.666518688201904297e-01,6.609963178634643555e-01,3.709398508071899414e-01,2.599494159221649170e-01,2.171762734651565552e-01,1.809523850679397583e-01,1.737932115793228149e-01,1.737932115793228149e-01,1.839353144168853760e-01,1.904761940240859985e-01,1.954122334718704224e-01,2.247699797153472900e-01,2.768464982509613037e-01,3.192962706089019775e-01,4.890640676021575928e-01,6.478990912437438965e-01,6.654410362243652344e-01,6.897369027137756348e-01,7.325908541679382324e-01,8.115381002426147461e-01,9.636005759239196777e-01,6.090772151947021484e-01,4.411898851394653320e-01,3.905923068523406982e-01,3.650241494178771973e-01,3.555839061737060547e-01,3.487587273120880127e-01,3.501862287521362305e-01,3.600201606750488281e-01,4.218520820140838623e-01,6.234277486801147461e-01,7.343221306800842285e-01,5.263625383377075195e-01,8.168040513992309570e-01
1.000000000000000000e+00,1.000000000000000000e+00,1.000000000000000000e+00,1.000000000000000000e+00,1.000000000000000000e+00,1.000000000000000000e+00,1.000000000000000000e+00,1.000000000000000000e+00,1.000000000000000000e+00,1.000000000000000000e+00,1.000000000000000000e+00,1.000000000000000000e+00,1.000000000000000000e+00,1.000000000000000000e+00,1.000000000000000000e+00,1.000000000000000000e+00,1.000000000000000000e+00,1.000000000000000000e+00,1.000000000000000000e+00,1.000000000000000000e+00,1.000000000000000000e+00,1.000000000000000000e+00,1.000000000000000000e+00,1.000000000000000000e+00,1.000000000000000000e+00,1.000000000000000000e+00,1.000000000000000000e+00,1.000000000000000000e+00,1.000000000000000000e+00,1.000000000000000000e+00,1.000000000000000000e+00,1.000000000000000000e+00,1.000000000000000000e+00,1.000000000000000000e+00,1.000000000000000000e+00,1.000000000000000000e+00,1.000000000000000000e+00
3.033961355686187744e-01,2.954938411712646484e-01,2.785942554473876953e-01,2.646556198596954346e-01,2.395966053009033203e-01,2.334944158792495728e-01,2.159078121185302734e-01,2.124831229448318481e-01,2.137046158313751221e-01,2.132612466812133789e-01,1.980740129947662354e-01,1.999763399362564087e-01,2.096805274486541748e-01,2.189550548791885376e-01,2.442911863327026367e-01,2.801189720630645752e-01,3.270426988601684570e-01,4.497462213039398193e-01,7.366094589233398438e-01,9.026699662208557129e-01,9.354459643363952637e-01,1.000000000000000000e+00,6.201003193855285645e-01,3.040972650051116943e-01,2.277484983205795288e-01,2.104690223932266235e-01,2.132612466812133789e-01,2.211059480905532837e-01,2.222800552845001221e-01,2.202481031417846680e-01,2.239768803119659424e-01,2.299200445413589478e-01,3.047191500663757324e-01,3.521954715251922607e-01,3.382116556167602539e-01,8.548421263694763184e-01,5.891559720039367676e-01
7.325742840766906738e-01,1.000000000000000000e+00,9.679216742515563965e-01,8.943915367126464844e-01,8.001773357391357422e-01,5.997635126113891602e-01,3.965618312358856201e-01,3.190383017063140869e-01,2.684303224086761475e-01,2.602896094322204590e-01,2.570541501045227051e-01,2.556549906730651855e-01,2.750302553176879883e-01,3.158999383449554443e-01,3.417166769504547119e-01,4.197043776512145996e-01,5.175849199295043945e-01,5.925436019897460938e-01,5.984330177307128906e-01,6.061747074127197266e-01,6.268603801727294922e-01,6.667861938476562500e-01,7.410661578178405762e-01,8.184953331947326660e-01,4.272333085536956787e-01,3.292432129383087158e-01,2.856914997100830078e-01,2.771953046321868896e-01,2.637876570224761963e-01,2.679845392704010010e-01,2.841528952121734619e-01,2.983829081058502197e-01,3.078493773937225342e-01,3.333333432674407959e-01,3.922166526317596436e-01,7.756806612014770508e-01,7.849833369255065918e-01
1.000000000000000000e+00,1.000000000000000000e+00,1.000000000000000000e+00,1.000000000000000000e+00,1.000000000000000000e+00,1.000000000000000000e+00,1.000000000000000000e+00,1.000000000000000000e+00,1.000000000000000000e+00,1.000000000000000000e+00,1.000000000000000000e+00,1.000000000000000000e+00,1.000000000000000000e+00,1.000000000000000000e+00,1.000000000000000000e+00,1.000000000000000000e+00,1.000000000000000000e+00,1.000000000000000000e+00,1.000000000000000000e+00,1.000000000000000000e+00,1.000000000000000000e+00,1.000000000000000000e+00,1.000000000000000000e+00,1.000000000000000000e+00,1.000000000000000000e+00,1.000000000000000000e+00,1.000000000000000000e+00,1.000000000000000000e+00,1.000000000000000000e+00,1.000000000000000000e+00,1.000000000000000000e+00,1.000000000000000000e+00,1.000000000000000000e+00,1.000000000000000000e+00,1.000000000000000000e+00,1.000000000000000000e+00,1.000000000000000000e+00
3.011657893657684326e-01,2.911411821842193604e-01,2.704966664314270020e-01,2.510439157485961914e-01,2.381415367126464844e-01,2.272929102182388306e-01,2.145966142416000366e-01,2.079579979181289673e-01,2.124067991971969604e-01,2.119661271572113037e-01,1.968711316585540771e-01,1.987618952989578247e-01,2.084071487188339233e-01,2.176253497600555420e-01,2.428076118230819702e-01,2.784178256988525391e-01,3.118433058261871338e-01,4.334207773208618164e-01,7.253032326698303223e-01,9.039112329483032227e-01,9.384239912033081055e-01,1.000000000000000000e+00,5.725662112236022949e-01,2.926627695560455322e-01,2.263654023408889771e-01,2.091908454895019531e-01,2.069438397884368896e-01,2.124067991971969604e-01,2.184829860925674438e-01,2.180545926094055176e-01,2.180545926094055176e-01,2.285237461328506470e-01,3.028686046600341797e-01,3.433818221092224121e-01,3.361577093601226807e-01,8.583894371986389160e-01,5.896497368812561035e-01
7.451279759407043457e-01,1.000000000000000000e+00,9.590790271759033203e-01,8.787118792533874512e-01,7.915868759155273438e-01,5.457203388214111328e-01,3.661902546882629395e-01,3.120771348476409912e-01,2.607940137386322021e-01,2.513645887374877930e-01,2.499195039272308350e-01,2.487897276878356934e-01,2.638622820377349854e-01,2.982293665409088135e-01,3.309774100780487061e-01,4.017227888107299805e-01,4.744773805141448975e-01,5.964587330818176270e-01,6.103317141532897949e-01,6.179984807968139648e-01,6.384972333908081055e-01,6.820766925811767578e-01,7.519560456275939941e-01,8.603841066360473633e-01,4.293258190155029297e-01,3.396193087100982666e-01,2.960623800754547119e-01,2.785529792308807373e-01,2.698942124843597412e-01,2.815706431865692139e-01,2.861078381538391113e-01,2.998443543910980225e-01,3.171935081481933594e-01,3.433903455734252930e-01,4.029231667518615723e-01,7.646957635879516602e-01,7.863410115242004395e-01
4.369650483131408691e-01,3.919175565242767334e-01,3.496016263961791992e-01,3.397838771343231201e-01,3.194382786750793457e-01,3.023962080478668213e-01,2.927629649639129639e-01,2.771835625171661377e-01,2.873035967350006104e-01,2.793406844139099121e-01,2.647323310375213623e-01,2.599591314792633057e-01,2.657467722892761230e-01,2.773328721523284912e-01,2.941735386848449707e-01,3.202148675918579102e-01,3.509017229080200195e-01,3.933935165405273438e-01,4.644055068492889404e-01,7.914688587188720703e-01,8.459620475769042969e-01,9.056244492530822754e-01,1.000000000000000000e+00,6.716329455375671387e-01,4.110692739486694336e-01,3.431781530380249023e-01,3.003013432025909424e-01,2.758737206459045410e-01,2.685745656490325928e-01,2.662525475025177002e-01,2.734623253345489502e-01,2.829846441745758057e-01,3.011272847652435303e-01,3.438710570335388184e-01,4.016462266445159912e-01,1.000000000000000000e+00,4.288859069347381592e-01
4.968860149383544922e-01,6.911466717720031738e-01,1.000000000000000000e+00,9.656766057014465332e-01,9.130291342735290527e-01,8.366417288780212402e-01,5.786143541336059570e-01,3.387803733348846436e-01,2.778021395206451416e-01,2.363621443510055542e-01,2.214420884847640991e-01,2.241873443126678467e-01,2.376525700092315674e-01,2.659529447555541992e-01,2.766621708869934082e-01,2.642609179019927979e-01,2.561109662055969238e-01,2.529064416885375977e-01,2.529064416885375977e-01,2.554333508014678955e-01,2.685848772525787354e-01,2.807225883007049561e-01,3.107481002807617188e-01,3.673103749752044678e-01,4.863306283950805664e-01,4.633581638336181641e-01,3.432942628860473633e-01,2.694186270236968994e-01,2.403399199247360229e-01,2.317010760307312012e-01,2.362758666276931763e-01,2.420306950807571411e-01,2.584882676601409912e-01,2.898704409599304199e-01,3.526113927364349365e-01,8.766846656799316406e-01,8.060651421546936035e-01
9.368077665567398071e-02,1.074403971433639526e-01,1.347855478525161743e-01,1.755346059799194336e-01,3.130660057067871094e-01,1.000000000000000000e+00,8.896704316139221191e-01,5.762878656387329102e-01,4.560979306697845459e-01,4.203118085861206055e-01,2.321069836616516113e-01,1.340229660272598267e-01,1.013660207390785217e-01,8.348426967859268188e-02,7.584524899721145630e-02,7.300487905740737915e-02,7.238804548978805542e-02,7.238804548978805542e-02,7.516653090715408325e-02,7.525170594453811646e-02,7.651794701814651489e-02,8.043608069419860840e-02,8.840363472700119019e-02,9.449777752161026001e-02,8.508037775754928589e-02,8.003688603639602661e-02,7.874588668346405029e-02,7.584524899721145630e-02,7.370350509881973267e-02,7.344229519367218018e-02,7.104823738336563110e-02,7.059598714113235474e-02,7.059598714113235474e-02,7.379036396741867065e-02,7.817436754703521729e-02,3.460951149463653564e-01,1.000000000000000000e+00
4.394414424896240234e-01,4.102725088596343994e-01,3.640542030334472656e-01,3.517298996448516846e-01,3.304511308670043945e-01,3.200050592422485352e-01,3.013978302478790283e-01,2.896403074264526367e-01,2.869285047054290771e-01,2.727179229259490967e-01,2.612584233283996582e-01,2.594791054725646973e-01,2.612584233283996582e-01,2.689762711524963379e-01,2.840888798236846924e-01,2.994380593299865723e-01,3.260702192783355713e-01,3.711692690849304199e-01,4.660462439060211182e-01,8.048208951950073242e-01,8.405902981758117676e-01,8.981100320816040039e-01,1.000000000000000000e+00,8.539749383926391602e-01,3.871550261974334717e-01,3.175526559352874756e-01,2.943996787071228027e-01,2.688326835632324219e-01,2.593674957752227783e-01,2.593674957752227783e-01,2.610366642475128174e-01,2.732835710048675537e-01,3.006283044815063477e-01,3.376168608665466309e-01,3.922076523303985596e-01,1.000000000000000000e+00,4.143306910991668701e-01
4.304525554180145264e-01,6.807114481925964355e-01,1.000000000000000000e+00,9.919589757919311523e-01,9.449384808540344238e-01,8.476495146751403809e-01,5.187266469001770020e-01,3.293907940387725830e-01,2.657501697540283203e-01,2.333485186100006104e-01,2.277046889066696167e-01,2.257920652627944946e-01,2.530056834220886230e-01,2.888948321342468262e-01,2.689942419528961182e-01,2.527388930320739746e-01,2.440084069967269897e-01,2.415073215961456299e-01,2.415073215961456299e-01,2.440084069967269897e-01,2.527388930320739746e-01,2.670886218547821045e-01,2.960128486156463623e-01,3.509233593940734863e-01,4.668209254741668701e-01,4.324183166027069092e-01,3.469461202621459961e-01,2.885944545269012451e-01,2.533102333545684814e-01,2.387379705905914307e-01,2.359361201524734497e-01,2.449938207864761353e-01,2.552432119846343994e-01,2.818364500999450684e-01,3.255353868007659912e-01,8.971861600875854492e-01,8.053869009017944336e-01
1.141592785716056824e-01,1.408324092626571655e-01,1.744987368583679199e-01,2.235905379056930542e-01,1.000000000000000000e+00,9.675238132476806641e-01,8.192708492279052734e-01,5.204852223396301270e-01,4.261879324913024902e-01,4.149500131607055664e-01,1.714592576026916504e-01,1.030341908335685730e-01,8.054938912391662598e-02,6.887017190456390381e-02,6.345991790294647217e-02,6.103379279375076294e-02,6.029619649052619934e-02,6.020336225628852844e-02,6.020336225628852844e-02,6.029619649052619934e-02,6.103379279375076294e-02,6.345991790294647217e-02,6.887017190456390381e-02,7.235543429851531982e-02,6.459555774927139282e-02,6.433526426553726196e-02,6.354799121618270874e-02,6.354799121618270874e-02,6.571158021688461304e-02,6.887017190456390381e-02,7.836721837520599365e-02,8.566435426473617554e-02,8.836411684751510620e-02,9.317064285278320312e-02,1.056077554821968079e-01,3.075115382671356201e-01,1.000000000000000000e+00
4.389025568962097168e-01,3.923849761486053467e-01,3.565261662006378174e-01,3.417414128780364990e-01,3.207858204841613770e-01,3.035371899604797363e-01,2.930575907230377197e-01,2.760511636734008789e-01,2.814390063285827637e-01,2.802506685256958008e-01,2.684922814369201660e-01,2.669965028762817383e-01,2.747990489006042480e-01,2.844663858413696289e-01,3.025460243225097656e-01,3.258438408374786377e-01,3.592305779457092285e-01,4.031801521778106689e-01,4.909232854843139648e-01,7.336757779121398926e-01,8.428004384040832520e-01,9.051219224929809570e-01,1.000000000000000000e+00,7.229375839233398438e-01,4.325709044933319092e-01,3.558077812194824219e-01,3.113530278205871582e-01,2.906179428100585938e-01,2.821101844310760498e-01,2.786583304405212402e-01,2.835262715816497803e-01,2.933990359306335449e-01,3.206470906734466553e-01,3.610222637653350830e-01,4.117800295352935791e-01,1.000000000000000000e+00,4.487338662147521973e-01
5.131918191909790039e-01,7.074012160301208496e-01,1.000000000000000000e+00,9.677279591560363770e-01,9.152408242225646973e-01,8.335024118423461914e-01,5.922223329544067383e-01,3.510638475418090820e-01,2.745905220508575439e-01,2.410364151000976562e-01,2.223206907510757446e-01,2.211647778749465942e-01,2.396589219570159912e-01,2.491414695978164673e-01,2.645674645900726318e-01,2.514456212520599365e-01,2.431538999080657959e-01,2.403708696365356445e-01,2.403708696365356445e-01,2.431538999080657959e-01,2.558664977550506592e-01,2.708309888839721680e-01,3.014018535614013672e-01,3.464705944061279297e-01,4.541709125041961670e-01,4.742555320262908936e-01,3.420342504978179932e-01,2.656953334808349609e-01,2.418326437473297119e-01,2.332909703254699707e-01,2.352966368198394775e-01,2.474208474159240723e-01,2.604584395885467529e-01,2.966876924037933350e-01,3.662503361701965332e-01,8.534289002418518066e-01,8.186172842979431152e-01
9.259105473756790161e-02,9.974821656942367554e-02,1.238283142447471619e-01,1.413066238164901733e-01,2.482063621282577515e-01,1.000000000000000000e+00,9.094616174697875977e-01,6.060479283332824707e-01,4.746429026126861572e-01,4.151317477226257324e-01,2.394014149904251099e-01,1.382348984479904175e-01,1.045516505837440491e-01,8.610793203115463257e-02,7.475420832633972168e-02,6.807429343461990356e-02,6.807429343461990356e-02,6.807429343461990356e-02,7.014509290456771851e-02,7.024218142032623291e-02,7.529920339584350586e-02,7.822883874177932739e-02,9.118189662694931030e-02,1.045516505837440491e-01,9.598802030086517334e-02,8.982651680707931519e-02,8.491247892379760742e-02,7.355953007936477661e-02,6.777330487966537476e-02,6.777330487966537476e-02,6.787378340959548950e-02,6.807429343461990356e-02,6.965763121843338013e-02,7.272095233201980591e-02,8.063115924596786499e-02,3.179501295089721680e-01,1.000000000000000000e+00
5.375946760177612305e-01,7.412735819816589355e-01,1.000000000000000000e+00,5.830719470977783203e-01,4.007103443145751953e-01,3.230595290660858154e-01,2.804626524448394775e-01,2.595213055610656738e-01,2.475247085094451904e-01,2.486165314912796021e-01,1.478507220745086670e-01,9.138491004705429077e-02,7.142131775617599487e-02,6.166994944214820862e-02,5.631340667605400085e-02,5.468668043613433838e-02,5.375001952052116394e-02,5.375001952052116394e-02,5.375001952052116394e-02,5.375001952052116394e-02,5.468668043613433838e-02,5.631340667605400085e-02,6.166994944214820862e-02,7.142131775617599487e-02,9.138491004705429077e-02,1.478507220745086670e-01,2.519755959510803223e-01,2.372109740972518921e-01,2.339534759521484375e-01,2.450503110885620117e-01,2.636842727661132812e-01,2.889844477176666260e-01,3.215188086032867432e-01,3.697451055049896240e-01,4.418569505214691162e-01,1.000000000000000000e+00,1.000000000000000000e+00
4.858505129814147949e-01,9.353207349777221680e-01,9.823286533355712891e-01,9.599645733833312988e-01,5.504739880561828613e-01,4.111495316028594971e-01,3.342183828353881836e-01,2.939527630805969238e-01,2.594805359840393066e-01,2.475765496492385864e-01,2.516071200370788574e-01,2.734362185001373291e-01,3.117479681968688965e-01,3.738477528095245361e-01,4.759513139724731445e-01,7.535589933395385742e-01,9.028551578521728516e-01,8.881103396415710449e-01,8.881103396415710449e-01,9.017601609230041504e-01,9.363765120506286621e-01,1.000000000000000000e+00,9.202371835708618164e-01,6.001532673835754395e-01,4.182108342647552490e-01,3.271013498306274414e-01,2.697320282459259033e-01,2.471407949924468994e-01,2.393118143081665039e-01,2.362140417098999023e-01,2.459750324487686157e-01,2.518212199211120605e-01,2.841961085796356201e-01,3.222321867942810059e-01,3.656367361545562744e-01,5.717204809188842773e-01,5.672739148139953613e-01
1.202123239636421204e-01,1.087557151913642883e-01,1.029474735260009766e-01,1.029474735260009766e-01,1.040787994861602783e-01,1.122528910636901855e-01,1.117300540208816528e-01,1.193814054131507874e-01,1.243777871131896973e-01,1.266173273324966431e-01,1.255491971969604492e-01,1.129808053374290466e-01,1.114151701331138611e-01,1.137555390596389771e-01,1.215203329920768738e-01,1.379488557577133179e-01,1.983926892280578613e-01,3.163351416587829590e-01,9.460825324058532715e-01,9.624046087265014648e-01,1.000000000000000000e+00,9.024265408515930176e-01,2.134352773427963257e-01,1.273090988397598267e-01,1.056423038244247437e-01,1.029474735260009766e-01,1.108355671167373657e-01,1.202123239636421204e-01,1.298591792583465576e-01,1.432789415121078491e-01,1.170534789562225342e-01,1.040787994861602783e-01,1.040787994861602783e-01,1.061399653553962708e-01,1.120962947607040405e-01,4.506469964981079102e-01,1.414906531572341919e-01
3.802518546581268311e-01,3.851818442344665527e-01,3.788347244262695312e-01,3.585260510444641113e-01,3.107950091361999512e-01,1.259472817182540894e-01,1.035525351762771606e-01,9.422857314348220825e-02,9.100218117237091064e-02,8.687444776296615601e-02,8.765711635351181030e-02,8.901023119688034058e-02,9.513030201196670532e-02,1.051885411143302917e-01,1.215315312147140503e-01,1.552738398313522339e-01,2.305158078670501709e-01,3.906182348728179932e-01,8.854573965072631836e-01,9.003732204437255859e-01,9.356664419174194336e-01,1.000000000000000000e+00,7.137703299522399902e-01,3.962816894054412842e-01,2.550271451473236084e-01,1.864531934261322021e-01,1.612086147069931030e-01,1.508110016584396362e-01,1.528912633657455444e-01,1.547230184078216553e-01,1.609435975551605225e-01,1.768657118082046509e-01,1.959201395511627197e-01,3.764156103134155273e-01,3.696410655975341797e-01,2.905210256576538086e-01,3.417374491691589355e-01
5.970304012298583984e-01,1.000000000000000000e+00,9.983309507369995117e-01,5.201036334037780762e-01,3.870849311351776123e-01,3.206860423088073730e-01,2.773771882057189941e-01,2.627173960208892822e-01,2.543492019176483154e-01,2.558510005474090576e-01,2.801527678966522217e-01,3.103289902210235596e-01,2.686549425125122070e-01,2.279981821775436401e-01,2.063082605600357056e-01,1.938042789697647095e-01,1.880201101303100586e-01,1.860520988702774048e-01,1.860520988702774048e-01,1.880201101303100586e-01,1.938042789697647095e-01,2.063082605600357056e-01,2.279981821775436401e-01,2.686549425125122070e-01,3.189949989318847656e-01,2.923812270164489746e-01,2.597266435623168945e-01,2.440703064203262329e-01,2.479786127805709839e-01,2.569350600242614746e-01,2.713536620140075684e-01,3.054984807968139648e-01,3.414916992187500000e-01,3.984080255031585693e-01,4.747532308101654053e-01,1.000000000000000000e+00,1.000000000000000000e+00
4.469922184944152832e-01,7.546424865722656250e-01,7.560651898384094238e-01,7.183755040168762207e-01,3.690899312496185303e-01,2.934041023254394531e-01,2.435247451066970825e-01,2.203581035137176514e-01,2.031984031200408936e-01,1.970512270927429199e-01,2.001837342977523804e-01,2.117183506488800049e-01,2.425356209278106689e-01,3.091734647750854492e-01,4.031128883361816406e-01,6.517683863639831543e-01,9.042540192604064941e-01,8.893856406211853027e-01,8.891152739524841309e-01,9.032683372497558594e-01,9.384026527404785156e-01,1.000000000000000000e+00,6.686457395553588867e-01,4.460104703903198242e-01,3.234779834747314453e-01,2.515225112438201904e-01,2.127178162336349487e-01,1.950316131114959717e-01,1.880177557468414307e-01,1.888432204723358154e-01,1.993342936038970947e-01,2.127178162336349487e-01,2.330813705921173096e-01,2.707977890968322754e-01,3.462795019149780273e-01,5.869459509849548340e-01,5.682322382926940918e-01
1.162962093949317932e-01,1.049628704786300659e-01,1.013045012950897217e-01,1.013045012950897217e-01,1.036271303892135620e-01,1.138752102851867676e-01,1.124905049800872803e-01,1.158461272716522217e-01,1.223288998007774353e-01,1.238380223512649536e-01,1.196421310305595398e-01,1.105647757649421692e-01,1.060084030032157898e-01,1.084444522857666016e-01,1.228497549891471863e-01,1.494531780481338501e-01,2.115782946348190308e-01,4.139760434627532959e-01,9.453783631324768066e-01,9.615721106529235840e-01,1.000000000000000000e+00,4.564301669597625732e-01,1.641143709421157837e-01,1.144852638244628906e-01,9.756848216056823730e-02,9.810245782136917114e-02,1.065000668168067932e-01,1.162962093949317932e-01,1.292956322431564331e-01,1.304576694965362549e-01,1.022171750664710999e-01,1.002099066972732544e-01,1.021035313606262207e-01,1.056793555617332458e-01,1.182758659124374390e-01,4.863438904285430908e-01,1.645892858505249023e-01
7.411639094352722168e-01,1.000000000000000000e+00,5.366171002388000488e-01,3.953532278537750244e-01,3.225060701370239258e-01,2.764495611190795898e-01,2.526869475841522217e-01,2.433680593967437744e-01,2.375283986330032349e-01,2.481877058744430542e-01,1.249985545873641968e-01,8.023137599229812622e-02,6.052659824490547180e-02,5.321078747510910034e-02,4.949764907360076904e-02,4.807636886835098267e-02,4.759317636489868164e-02,4.759317636489868164e-02,4.759317636489868164e-02,4.759317636489868164e-02,4.807636886835098267e-02,4.949764907360076904e-02,5.321078747510910034e-02,6.052659824490547180e-02,8.023137599229812622e-02,1.249985545873641968e-01,2.481877058744430542e-01,2.500202357769012451e-01,2.518852949142456055e-01,2.687550783157348633e-01,2.980734705924987793e-01,3.367062211036682129e-01,3.922866582870483398e-01,4.623836874961853027e-01,5.639606118202209473e-01,1.000000000000000000e+00,1.000000000000000000e+00
6.011015176773071289e-01,1.000000000000000000e+00,9.904638528823852539e-01,6.278926730155944824e-01,4.475916326045989990e-01,3.555873930454254150e-01,3.028400242328643799e-01,2.734234631061553955e-01,2.586594521999359131e-01,2.574943304061889648e-01,2.706601321697235107e-01,3.015963435173034668e-01,3.753342032432556152e-01,4.914223849773406982e-01,7.665483355522155762e-01,9.519364833831787109e-01,9.163059592247009277e-01,9.022513628005981445e-01,9.022513628005981445e-01,9.163059592247009277e-01,9.519364833831787109e-01,9.475038647651672363e-01,6.444652676582336426e-01,4.663049876689910889e-01,3.646676838397979736e-01,2.899688482284545898e-01,2.514382600784301758e-01,2.394160628318786621e-01,2.334545701742172241e-01,2.398082315921783447e-01,2.515877187252044678e-01,2.758867740631103516e-01,3.098338246345520020e-01,3.567482531070709229e-01,4.354175329208374023e-01,5.716410279273986816e-01,5.812966227531433105e-01
1.236222535371780396e-01,1.187913790345191956e-01,1.061399653553962708e-01,1.040787994861602783e-01,1.040787994861602783e-01,1.122528910636901855e-01,1.168031021952629089e-01,1.193814054131507874e-01,1.202123239636421204e-01,1.176024451851844788e-01,1.125654280185699463e-01,1.110466867685317993e-01,1.089171171188354492e-01,1.114151701331138611e-01,1.233852058649063110e-01,1.393425166606903076e-01,1.983926892280578613e-01,9.460825324058532715e-01,9.460825324058532715e-01,9.624046087265014648e-01,1.000000000000000000e+00,3.803295195102691650e-01,1.696611195802688599e-01,1.245659515261650085e-01,1.056423038244247437e-01,1.039098873734474182e-01,1.103590801358222961e-01,1.168031021952629089e-01,1.298591792583465576e-01,1.310262680053710938e-01,1.069095060229301453e-01,1.027197167277336121e-01,1.027197167277336121e-01,1.093463450670242310e-01,1.195284575223922729e-01,4.510108828544616699e-01,1.625835150480270386e-01
4.180137515068054199e-01,4.056142568588256836e-01,3.969136774539947510e-01,3.678013682365417480e-01,1.689638197422027588e-01,1.154410168528556824e-01,9.834120422601699829e-02,9.066611528396606445e-02,8.795905113220214844e-02,8.795905113220214844e-02,8.894308656454086304e-02,9.473479539155960083e-02,1.049075275659561157e-01,1.181732341647148132e-01,1.488172560930252075e-01,2.067505419254302979e-01,3.626644611358642578e-01,9.470314383506774902e-01,9.470314383506774902e-01,9.625991582870483398e-01,1.000000000000000000e+00,8.449793457984924316e-01,5.028496384620666504e-01,3.097670078277587891e-01,2.261847704648971558e-01,1.803160458803176880e-01,1.583262830972671509e-01,1.518408656120300293e-01,1.495950520038604736e-01,1.538655012845993042e-01,1.650843918323516846e-01,1.785915344953536987e-01,2.144650071859359741e-01,3.893367946147918701e-01,3.818881809711456299e-01,2.837837934494018555e-01,3.508333861827850342e-01
7.685407996177673340e-01,1.000000000000000000e+00,5.132849216461181641e-01,3.805424571037292480e-01,3.150625526905059814e-01,2.716958522796630859e-01,2.502514421939849854e-01,2.389190793037414551e-01,2.321988791227340698e-01,2.436023056507110596e-01,1.153238639235496521e-01,7.341971993446350098e-02,5.626730248332023621e-02,4.911983385682106018e-02,4.666226729750633240e-02,4.512352496385574341e-02,4.459881410002708435e-02,4.459881410002708435e-02,4.459881410002708435e-02,4.459881410002708435e-02,4.512352496385574341e-02,4.666226729750633240e-02,4.911983385682106018e-02,5.626730248332023621e-02,7.341971993446350098e-02,1.153238639235496521e-01,2.405392229557037354e-01,2.421242296695709229e-01,2.518454194068908691e-01,2.673728764057159424e-01,2.886870205402374268e-01,3.274276256561279297e-01,3.774525523185729980e-01,4.524984955787658691e-01,5.550493597984313965e-01,1.000000000000000000e+00,1.000000000000000000e+00
9.151749014854431152e-01,1.000000000000000000e+00,9.746689200401306152e-01,5.511196851730346680e-01,4.148872792720794678e-01,3.279617428779602051e-01,2.877658605575561523e-01,2.585397958755493164e-01,2.452420443296432495e-01,2.501255869865417480e-01,2.560808956623077393e-01,2.837937772274017334e-01,3.563516438007354736e-01,4.804023504257202148e-01,7.491605877876281738e-01,9.144425988197326660e-01,8.806900978088378906e-01,8.673405051231384277e-01,8.673405051231384277e-01,8.806900978088378906e-01,9.144425988197326660e-01,9.208911657333374023e-01,6.498811244964599609e-01,4.554269909858703613e-01,3.355897665023803711e-01,2.752726972103118896e-01,2.501999735832214355e-01,2.338218837976455688e-01,2.292406260967254639e-01,2.354082018136978149e-01,2.501999735832214355e-01,2.696724236011505127e-01,3.137524127960205078e-01,3.781402707099914551e-01,4.523521065711975098e-01,5.825726985931396484e-01,5.926058888435363770e-01
1.354895681142807007e-01,1.266994625329971313e-01,1.266994625329971313e-01,1.308376789093017578e-01,1.371994465589523315e-01,1.342052817344665527e-01,1.327079683542251587e-01,1.269620507955551147e-01,1.209434717893600464e-01,1.140849962830543518e-01,1.098008081316947937e-01,1.077803298830986023e-01,1.117251738905906677e-01,1.161678582429885864e-01,1.315990984439849854e-01,1.797368526458740234e-01,3.009786605834960938e-01,9.835589528083801270e-01,9.833490252494812012e-01,1.000000000000000000e+00,9.863789677619934082e-01,2.228533774614334106e-01,1.473132520914077759e-01,1.175359264016151428e-01,1.093753427267074585e-01,1.098008081316947937e-01,1.140849962830543518e-01,1.282150000333786011e-01,1.385040581226348877e-01,1.266994625329971313e-01,1.117251738905906677e-01,1.117251738905906677e-01,1.177058145403862000e-01,1.362738907337188721e-01,1.532089710235595703e-01,4.598157107830047607e-01,1.883171051740646362e-01
4.344944655895233154e-01,4.248015582561492920e-01,3.991446793079376221e-01,3.196552395820617676e-01,1.349571943283081055e-01,1.123682558536529541e-01,1.011546999216079712e-01,9.326002001762390137e-02,9.047551453113555908e-02,9.047551453113555908e-02,9.013558924198150635e-02,9.159947186708450317e-02,1.041451320052146912e-01,1.215541064739227295e-01,1.530748307704925537e-01,2.126655727624893188e-01,3.730400800704956055e-01,9.467777013778686523e-01,9.467777013778686523e-01,9.626292586326599121e-01,1.000000000000000000e+00,8.326819539070129395e-01,4.656852781772613525e-01,3.023831844329833984e-01,2.265955507755279541e-01,1.898908317089080811e-01,1.673796921968460083e-01,1.536086648702621460e-01,1.546046137809753418e-01,1.644813865423202515e-01,1.761950999498367310e-01,1.999693065881729126e-01,3.783239722251892090e-01,3.896228969097137451e-01,4.261482954025268555e-01,2.852308452129364014e-01,3.674538731575012207e-01
4.376545250415802002e-01,5.828040242195129395e-01,1.000000000000000000e+00,6.095864176750183105e-01,3.796394467353820801e-01,3.073292076587677002e-01,2.606378793716430664e-01,2.334063053131103516e-01,2.192898392677307129e-01,2.203295528888702393e-01,2.279479354619979858e-01,2.548154592514038086e-01,2.742302715778350830e-01,2.314583510160446167e-01,2.088351547718048096e-01,1.969111412763595581e-01,1.902281939983367920e-01,1.879706829786300659e-01,1.879706829786300659e-01,1.902281939983367920e-01,1.969111412763595581e-01,2.061961740255355835e-01,2.290801256895065308e-01,2.742302715778350830e-01,2.798491418361663818e-01,2.428940832614898682e-01,2.232652157545089722e-01,2.096388787031173706e-01,2.036712169647216797e-01,2.052529603242874146e-01,2.180475145578384399e-01,2.379438579082489014e-01,2.652948498725891113e-01,3.009778261184692383e-01,3.538916707038879395e-01,1.000000000000000000e+00,1.000000000000000000e+00
3.743715286254882812e-01,8.686653375625610352e-01,9.570392966270446777e-01,8.326822519302368164e-01,4.354455471038818359e-01,3.452122807502746582e-01,2.645436525344848633e-01,2.323270440101623535e-01,2.020399719476699829e-01,1.921112835407257080e-01,1.969796866178512573e-01,2.081299275159835815e-01,2.372914701700210571e-01,2.845596373081207275e-01,3.622772395610809326e-01,5.057948827743530273e-01,8.833386898040771484e-01,8.862912058830261230e-01,8.862912058830261230e-01,9.010702371597290039e-01,9.321038722991943359e-01,1.000000000000000000e+00,7.880904674530029297e-01,4.796005189418792725e-01,3.285283744335174561e-01,2.489779293537139893e-01,2.144353389739990234e-01,1.969796866178512573e-01,1.857204586267471313e-01,1.881147921085357666e-01,1.872274577617645264e-01,1.952815651893615723e-01,2.122889757156372070e-01,2.323270440101623535e-01,2.872897386550903320e-01,5.713983774185180664e-01,5.029252767562866211e-01
1.727693378925323486e-01,1.921919882297515869e-01,1.733959615230560303e-01,1.593328714370727539e-01,1.475435793399810791e-01,1.397505700588226318e-01,1.351284980773925781e-01,1.241322308778762817e-01,1.174294874072074890e-01,1.118891164660453796e-01,1.049214303493499756e-01,9.883817285299301147e-02,1.008554846048355103e-01,1.084076538681983948e-01,1.165686994791030884e-01,1.370638757944107056e-01,2.153453528881072998e-01,3.439769446849822998e-01,9.479734301567077637e-01,9.645367264747619629e-01,1.000000000000000000e+00,2.148050516843795776e-01,1.280641555786132812e-01,1.074385866522789001e-01,1.008554846048355103e-01,1.013153120875358582e-01,1.031341329216957092e-01,1.091199293732643127e-01,1.179560795426368713e-01,1.126137673854827881e-01,1.044774726033210754e-01,1.052163615822792053e-01,1.084076538681983948e-01,1.215146407485008240e-01,1.386653780937194824e-01,5.163134932518005371e-01,8.873749524354934692e-02
4.053851962089538574e-01,4.680345952510833740e-01,4.164009094238281250e-01,3.684948980808258057e-01,1.601003110408782959e-01,1.209913492202758789e-01,1.051155999302864075e-01,9.110976755619049072e-02,8.733806014060974121e-02,8.708079904317855835e-02,8.867640793323516846e-02,9.455363452434539795e-02,1.051689460873603821e-01,1.185089722275733948e-01,1.328352838754653931e-01,1.649320125579833984e-01,2.177020013332366943e-01,4.139150679111480713e-01,8.923189640045166016e-01,9.077672958374023438e-01,9.406238794326782227e-01,1.000000000000000000e+00,5.523743629455566406e-01,2.808990478515625000e-01,1.722510606050491333e-01,1.373197287321090698e-01,1.206199228763580322e-01,1.137270331382751465e-01,1.125870123505592346e-01,1.171763017773628235e-01,1.279751062393188477e-01,1.360064148902893066e-01,1.737747192382812500e-01,3.432625532150268555e-01,3.496410846710205078e-01,3.573940694332122803e-01,2.142191380262374878e-01
4.127262234687805176e-01,5.248958468437194824e-01,1.000000000000000000e+00,9.474282860755920410e-01,4.782253205776214600e-01,3.550981581211090088e-01,2.998471856117248535e-01,2.643221020698547363e-01,2.487898319959640503e-01,2.432801276445388794e-01,8.736236393451690674e-02,5.446957051753997803e-02,4.350516572594642639e-02,3.864838555455207825e-02,3.576102480292320251e-02,3.532928600907325745e-02,3.518419712781906128e-02,3.518419712781906128e-02,3.518419712781906128e-02,3.518419712781906128e-02,3.532928600907325745e-02,3.576102480292320251e-02,3.864838555455207825e-02,4.350516572594642639e-02,5.446957051753997803e-02,8.736236393451690674e-02,2.399135679006576538e-01,2.251979410648345947e-01,2.175963521003723145e-01,2.209093719720840454e-01,2.306960225105285645e-01,2.476357370615005493e-01,2.732479274272918701e-01,3.045361340045928955e-01,3.496982157230377197e-01,1.000000000000000000e+00,1.000000000000000000e+00
4.195421934127807617e-01,6.380929350852966309e-01,1.000000000000000000e+00,9.883474707603454590e-01,5.610761642456054688e-01,4.446445107460021973e-01,3.441125452518463135e-01,2.957131266593933105e-01,2.452291697263717651e-01,2.379905432462692261e-01,2.445740103721618652e-01,2.584183812141418457e-01,2.742623090744018555e-01,3.090841770172119141e-01,3.789093494415283203e-01,5.133479237556457520e-01,7.834081053733825684e-01,7.768264412879943848e-01,7.768264412879943848e-01,7.888983488082885742e-01,8.186618685722351074e-01,8.741118907928466797e-01,9.709535241127014160e-01,7.158792614936828613e-01,4.738526046276092529e-01,3.379966020584106445e-01,2.719121277332305908e-01,2.445740103721618652e-01,2.314277887344360352e-01,2.265934348106384277e-01,2.324654310941696167e-01,2.424655705690383911e-01,2.635823190212249756e-01,2.884619832038879395e-01,3.344172835350036621e-01,5.830721855163574219e-01,5.932877063751220703e-01
1.236660331487655640e-01,1.133176460862159729e-01,1.118686869740486145e-01,1.139197871088981628e-01,1.207375898957252502e-01,1.239635646343231201e-01,1.242180243134498596e-01,1.265267133712768555e-01,1.259848475456237793e-01,1.204320937395095825e-01,1.180933862924575806e-01,1.162971854209899902e-01,1.171987205743789673e-01,1.193787306547164917e-01,1.286713927984237671e-01,1.525154262781143188e-01,1.747095435857772827e-01,3.099088966846466064e-01,8.805442452430725098e-01,8.990387916564941406e-01,9.347171783447265625e-01,1.000000000000000000e+00,2.139500230550765991e-01,1.252306848764419556e-01,1.117274686694145203e-01,1.108763813972473145e-01,1.175126284360885620e-01,1.336468011140823364e-01,1.512333154678344727e-01,1.545378565788269043e-01,1.266929805278778076e-01,1.191139370203018188e-01,1.191139370203018188e-01,1.241756454110145569e-01,1.349399983882904053e-01,5.160955786705017090e-01,1.613096743822097778e-01
4.453661739826202393e-01,4.297678172588348389e-01,4.310514628887176514e-01,4.038278460502624512e-01,3.101073801517486572e-01,1.256686300039291382e-01,1.033234372735023499e-01,9.402009844779968262e-02,9.080084413290023804e-02,9.070719033479690552e-02,9.004885703325271606e-02,9.420073032379150391e-02,1.040611788630485535e-01,1.195685714483261108e-01,1.303824186325073242e-01,1.549303084611892700e-01,2.169995903968811035e-01,2.741133272647857666e-01,8.382079005241394043e-01,8.522862195968627930e-01,8.853436708450317383e-01,9.461308717727661133e-01,1.000000000000000000e+00,4.714185297489166260e-01,2.784511744976043701e-01,2.079998105764389038e-01,1.772913187742233276e-01,1.601104587316513062e-01,1.607991158962249756e-01,1.641990393400192261e-01,1.662056297063827515e-01,1.855374276638031006e-01,2.120468765497207642e-01,4.237930178642272949e-01,4.157747924327850342e-01,3.117716908454895020e-01,3.690003752708435059e-01
4.873518943786621094e-01,6.740725040435791016e-01,1.000000000000000000e+00,5.855889320373535156e-01,3.965132534503936768e-01,3.215715289115905762e-01,2.720879614353179932e-01,2.467473298311233521e-01,2.361271679401397705e-01,2.404008060693740845e-01,1.532249748706817627e-01,9.553722292184829712e-02,7.364548742771148682e-02,6.248351186513900757e-02,5.856069922447204590e-02,5.607543885707855225e-02,5.522217229008674622e-02,5.522217229008674622e-02,5.522217229008674622e-02,5.522217229008674622e-02,5.607543885707855225e-02,5.856069922447204590e-02,6.248351186513900757e-02,7.364548742771148682e-02,9.553722292184829712e-02,1.532249748706817627e-01,2.404008060693740845e-01,2.332496643066406250e-01,2.266649901866912842e-01,2.324566394090652466e-01,2.457832694053649902e-01,2.677289843559265137e-01,3.022199869155883789e-01,3.400866985321044922e-01,4.042874574661254883e-01,1.000000000000000000e+00,1.000000000000000000e+00
4.694712162017822266e-01,9.447304606437683105e-01,9.667038917541503906e-01,9.353089928627014160e-01,4.982440769672393799e-01,3.890979588031768799e-01,3.020721971988677979e-01,2.637732028961181641e-01,2.507327795028686523e-01,2.277356535196304321e-01,2.249194234609603882e-01,2.409069538116455078e-01,2.722842097282409668e-01,3.241951465606689453e-01,4.132236540317535400e-01,5.743403434753417969e-01,9.019494056701660156e-01,8.873819708824157715e-01,8.870983719825744629e-01,9.008887410163879395e-01,9.359543919563293457e-01,1.000000000000000000e+00,9.715328216552734375e-01,6.006917953491210938e-01,4.041118323802947998e-01,3.104517459869384766e-01,2.548466622829437256e-01,2.331942319869995117e-01,2.237230390310287476e-01,2.265541404485702515e-01,2.334817647933959961e-01,2.479071319103240967e-01,2.694978117942810059e-01,3.058796226978302002e-01,3.761214315891265869e-01,5.619565248489379883e-01,5.587924122810363770e-01
1.138432472944259644e-01,1.085918545722961426e-01,1.076658964157104492e-01,1.097129583358764648e-01,1.163562163710594177e-01,1.250208616256713867e-01,1.214093789458274841e-01,1.234087720513343811e-01,1.197486892342567444e-01,1.167856678366661072e-01,1.182999685406684875e-01,1.138432472944259644e-01,1.167380288243293762e-01,1.204895973205566406e-01,1.304637938737869263e-01,1.449640393257141113e-01,1.933653056621551514e-01,3.152941465377807617e-01,9.454177021980285645e-01,9.615710973739624023e-01,1.000000000000000000e+00,8.721089363098144531e-01,1.747811436653137207e-01,1.240830197930335999e-01,1.118717864155769348e-01,1.076658964157104492e-01,1.146223396062850952e-01,1.307619065046310425e-01,1.461867392063140869e-01,1.230024471879005432e-01,1.114733070135116577e-01,1.114733070135116577e-01,1.150099039077758789e-01,1.214093789458274841e-01,1.302504539489746094e-01,4.747049808502197266e-01,1.377059668302536011e-01
4.219526946544647217e-01,3.936147689819335938e-01,3.991175293922424316e-01,3.647454380989074707e-01,1.793464273214340210e-01,1.122176423668861389e-01,9.072259068489074707e-02,8.364209532737731934e-02,8.114475011825561523e-02,8.114475011825561523e-02,8.083988726139068604e-02,8.215279877185821533e-02,9.340462088584899902e-02,1.032804027199745178e-01,1.193269342184066772e-01,1.433876156806945801e-01,2.096064835786819458e-01,2.979515492916107178e-01,8.858167529106140137e-01,9.007433056831359863e-01,9.366860389709472656e-01,1.000000000000000000e+00,7.268006205558776855e-01,3.719626069068908691e-01,2.413289099931716919e-01,1.918949037790298462e-01,1.623402088880538940e-01,1.544950008392333984e-01,1.487961113452911377e-01,1.509924829006195068e-01,1.663962155580520630e-01,1.768974214792251587e-01,2.195786535739898682e-01,3.719626069068908691e-01,3.781946003437042236e-01,2.800000011920928955e-01,3.343342542648315430e-01
4.921164214611053467e-01,6.673991084098815918e-01,1.000000000000000000e+00,5.996351242065429688e-01,4.077342152595520020e-01,3.300727605819702148e-01,2.799260914325714111e-01,2.506792545318603516e-01,2.386441081762313843e-01,2.341626137495040894e-01,7.336038351058959961e-02,4.926719889044761658e-02,3.849959000945091248e-02,3.396971896290779114e-02,3.216470777988433838e-02,3.154009208083152771e-02,3.154009208083152771e-02,3.154009208083152771e-02,3.154009208083152771e-02,3.154009208083152771e-02,3.154009208083152771e-02,3.216470777988433838e-02,3.396971896290779114e-02,3.849959000945091248e-02,4.926719889044761658e-02,7.336038351058959961e-02,2.373064458370208740e-01,2.390813827514648438e-01,2.360665798187255859e-01,2.370757758617401123e-01,2.520248889923095703e-01,2.738907933235168457e-01,3.089158535003662109e-01,3.531645536422729492e-01,4.148451387882232666e-01,1.000000000000000000e+00,1.000000000000000000e+00
4.472135901451110840e-01,9.946808218955993652e-01,1.000000000000000000e+00,9.672108888626098633e-01,5.409433841705322266e-01,4.226760268211364746e-01,3.114800453186035156e-01,2.615412175655364990e-01,2.473766207695007324e-01,2.404681593179702759e-01,2.466185688972473145e-01,2.673237919807434082e-01,3.062260150909423828e-01,3.683957159519195557e-01,4.684790372848510742e-01,6.722087264060974121e-01,8.129472136497497559e-01,7.997893095016479492e-01,7.997893095016479492e-01,8.119292855262756348e-01,8.426344394683837891e-01,8.994545936584472656e-01,9.492176771163940430e-01,6.265563964843750000e-01,4.347590804100036621e-01,3.224574029445648193e-01,2.681396901607513428e-01,2.425356209278106689e-01,2.373331785202026367e-01,2.293083220720291138e-01,2.371358722448348999e-01,2.558718919754028320e-01,2.773500978946685791e-01,3.073956966400146484e-01,3.692418336868286133e-01,5.846554040908813477e-01,5.826631188392639160e-01
1.137607395648956299e-01,1.139573901891708374e-01,1.155185177922248840e-01,1.206382885575294495e-01,1.287194937467575073e-01,1.301466375589370728e-01,1.281092464923858643e-01,1.304902583360671997e-01,1.266591548919677734e-01,1.149842739105224609e-01,1.112230047583580017e-01,1.067547947168350220e-01,1.077464222908020020e-01,1.161467358469963074e-01,1.206382885575294495e-01,1.572930812835693359e-01,2.418327331542968750e-01,3.595718443393707275e-01,9.450624585151672363e-01,9.613231420516967773e-01,1.000000000000000000e+00,9.782063961029052734e-01,1.658839732408523560e-01,1.171066462993621826e-01,1.062818393111228943e-01,1.050102263689041138e-01,1.083680465817451477e-01,1.208700612187385559e-01,1.312174648046493530e-01,1.345868855714797974e-01,1.396088302135467529e-01,1.383198499679565430e-01,1.354987919330596924e-01,1.227084919810295105e-01,1.139573901891708374e-01,4.605263173580169678e-01,1.487745940685272217e-01
4.216662645339965820e-01,4.239278733730316162e-01,4.326194226741790771e-01,3.917748928070068359e-01,1.677997261285781860e-01,1.376089602708816528e-01,1.127870008349418640e-01,1.033049002289772034e-01,9.925875812768936157e-02,9.917270392179489136e-02,1.005406677722930908e-01,1.074370965361595154e-01,1.157752573490142822e-01,1.256758421659469604e-01,1.398246288299560547e-01,1.682570129632949829e-01,1.975258886814117432e-01,4.526971280574798584e-01,8.854573965072631836e-01,9.003732204437255859e-01,9.356664419174194336e-01,1.000000000000000000e+00,7.873324751853942871e-01,4.020989835262298584e-01,2.642667889595031738e-01,1.954402029514312744e-01,1.652878522872924805e-01,1.493318676948547363e-01,1.489884555339813232e-01,1.524438709020614624e-01,1.551087945699691772e-01,1.801656484603881836e-01,2.051584422588348389e-01,3.894800245761871338e-01,4.307207465171813965e-01,3.289473652839660645e-01,3.440013527870178223e-01
4.407258927822113037e-01,5.795589685440063477e-01,1.000000000000000000e+00,7.222767472267150879e-01,4.560617208480834961e-01,3.557465374469757080e-01,2.918336689472198486e-01,2.570882141590118408e-01,2.394956648349761963e-01,2.433471828699111938e-01,1.209047362208366394e-01,7.760372012853622437e-02,5.854429677128791809e-02,5.146808549761772156e-02,4.787655547261238098e-02,4.650181904435157776e-02,4.603445529937744141e-02,4.603445529937744141e-02,4.603445529937744141e-02,4.603445529937744141e-02,4.650181904435157776e-02,4.787655547261238098e-02,5.146808549761772156e-02,5.854429677128791809e-02,7.760372012853622437e-02,1.209047362208366394e-01,2.433471828699111938e-01,2.321833670139312744e-01,2.264786660671234131e-01,2.307586967945098877e-01,2.394956648349761963e-01,2.519051432609558105e-01,2.823430299758911133e-01,3.171853721141815186e-01,3.632652461528778076e-01,1.000000000000000000e+00,1.000000000000000000e+00
4.587028622627258301e-01,9.462072849273681641e-01,9.561733007431030273e-01,1.000000000000000000e+00,5.276046991348266602e-01,4.201871454715728760e-01,3.437652289867401123e-01,2.649531364440917969e-01,2.506037652492523193e-01,2.382885366678237915e-01,2.291768193244934082e-01,2.328505367040634155e-01,2.625855207443237305e-01,3.130469620227813721e-01,3.911347389221191406e-01,5.054704546928405762e-01,7.948997020721435547e-01,7.932662963867187500e-01,7.930038571357727051e-01,8.058235049247741699e-01,8.357312679290771484e-01,8.935136795043945312e-01,9.937514662742614746e-01,6.869013309478759766e-01,4.530830383300781250e-01,3.321569859981536865e-01,2.716376781463623047e-01,2.443271577358245850e-01,2.328505367040634155e-01,2.309169918298721313e-01,2.361283600330352783e-01,2.501560747623443604e-01,2.759654521942138672e-01,3.114058077335357666e-01,3.684950768947601318e-01,5.883430242538452148e-01,5.924859642982482910e-01
1.372549086809158325e-01,1.141454204916954041e-01,1.095624491572380066e-01,1.105812042951583862e-01,1.140049919486045837e-01,1.393399089574813843e-01,1.556667387485504150e-01,1.457457691431045532e-01,1.378759741783142090e-01,1.284941434860229492e-01,1.189560443162918091e-01,1.126858815550804138e-01,1.143790856003761292e-01,1.180548518896102905e-01,1.250827461481094360e-01,1.536295264959335327e-01,1.894579529762268066e-01,3.479433059692382812e-01,8.837135434150695801e-01,8.991917967796325684e-01,9.342976808547973633e-01,1.000000000000000000e+00,1.899927109479904175e-01,1.215756535530090332e-01,1.125436276197433472e-01,1.095624491572380066e-01,1.145656704902648926e-01,1.180548518896102905e-01,1.281612515449523926e-01,1.333877891302108765e-01,1.297348588705062866e-01,1.278274953365325928e-01,1.301458030939102173e-01,1.426724195480346680e-01,1.408644616603851318e-01,4.977176487445831299e-01,1.783067882061004639e-01
4.661221206188201904e-01,4.236046075820922852e-01,4.270640909671783447e-01,4.420021474361419678e-01,1.813133209943771362e-01,1.376314908266067505e-01,1.023117452859878540e-01,8.897168189287185669e-02,8.631521463394165039e-02,8.631521463394165039e-02,8.728085458278656006e-02,9.296432882547378540e-02,1.078940108418464661e-01,1.251570582389831543e-01,1.460360586643218994e-01,1.757314950227737427e-01,2.051689177751541138e-01,3.126469850540161133e-01,8.860036730766296387e-01,9.005990624427795410e-01,9.362912774085998535e-01,1.000000000000000000e+00,9.759727716445922852e-01,4.779790043830871582e-01,2.972866892814636230e-01,2.219157218933105469e-01,1.942092329263687134e-01,1.718193143606185913e-01,1.660306304693222046e-01,1.665346771478652954e-01,1.831022202968597412e-01,1.976787894964218140e-01,2.335699796676635742e-01,4.109048247337341309e-01,4.285443723201751709e-01,2.786366641521453857e-01,3.699339330196380615e-01
5.413801074028015137e-01,7.381285429000854492e-01,1.000000000000000000e+00,5.698192715644836426e-01,3.911346197128295898e-01,3.208697438240051270e-01,2.759845256805419922e-01,2.576150298118591309e-01,2.452468723058700562e-01,2.431171536445617676e-01,1.191801950335502625e-01,7.649680972099304199e-02,5.770924314856529236e-02,5.073396116495132446e-02,4.719366133213043213e-02,4.583853483200073242e-02,4.537783563137054443e-02,4.537783563137054443e-02,4.537783563137054443e-02,4.537783563137054443e-02,4.583853483200073242e-02,4.719366133213043213e-02,5.073396116495132446e-02,5.770924314856529236e-02,7.649680972099304199e-02,1.191801950335502625e-01,2.463581413030624390e-01,2.484600841999053955e-01,2.462088465690612793e-01,2.517366409301757812e-01,2.681652307510375977e-01,2.905056774616241455e-01,3.305463790893554688e-01,3.834305107593536377e-01,4.529441297054290771e-01,1.000000000000000000e+00,1.000000000000000000e+00
4.817266464233398438e-01,9.287846088409423828e-01,1.000000000000000000e+00,9.600952863693237305e-01,5.535724163055419922e-01,4.306585490703582764e-01,3.314214944839477539e-01,2.898913621902465820e-01,2.683783173561096191e-01,2.510868012905120850e-01,2.518226206302642822e-01,2.723600268363952637e-01,3.016634583473205566e-01,3.617544472217559814e-01,4.734853804111480713e-01,7.474993467330932617e-01,8.907524347305297852e-01,8.767629265785217285e-01,8.767629265785217285e-01,8.907524347305297852e-01,9.244278669357299805e-01,9.884445667266845703e-01,9.565848708152770996e-01,6.260399222373962402e-01,4.514065384864807129e-01,3.474767804145812988e-01,2.900073826313018799e-01,2.574377059936523438e-01,2.464209794998168945e-01,2.429147362709045410e-01,2.502143681049346924e-01,2.691293656826019287e-01,2.879701852798461914e-01,3.246528804302215576e-01,3.833805620670318604e-01,5.922942757606506348e-01,5.706231594085693359e-01
1.688492447137832642e-01,1.513915807008743286e-01,1.290231347084045410e-01,1.251334398984909058e-01,1.243591830134391785e-01,1.239473223686218262e-01,1.243134886026382446e-01,1.387002617120742798e-01,1.375072002410888672e-01,1.258578151464462280e-01,1.227034404873847961e-01,1.065979376435279846e-01,1.079221814870834351e-01,1.145121827721595764e-01,1.272048801183700562e-01,1.478602141141891479e-01,2.395490705966949463e-01,3.555484712123870850e-01,9.453980922698974609e-01,9.618950486183166504e-01,1.000000000000000000e+00,9.734031558036804199e-01,2.054880857467651367e-01,1.227034404873847961e-01,1.115973964333534241e-01,1.046615839004516602e-01,1.058491170406341553e-01,1.150566563010215759e-01,1.172577291727066040e-01,1.122572943568229675e-01,1.120546609163284302e-01,1.153033003211021423e-01,1.191801130771636963e-01,1.321986317634582520e-01,1.513915807008743286e-01,4.473684132099151611e-01,1.651026010513305664e-01
4.562098979949951172e-01,4.083430469036102295e-01,3.850206136703491211e-01,3.678431212902069092e-01,1.418147236108779907e-01,1.126215904951095581e-01,9.652928262948989868e-02,8.893037587404251099e-02,8.560557663440704346e-02,8.550868183374404907e-02,8.502256125211715698e-02,8.771016448736190796e-02,9.374084323644638062e-02,1.036521792411804199e-01,1.140842661261558533e-01,1.311234384775161743e-01,1.946408748626708984e-01,3.152194917201995850e-01,8.849397301673889160e-01,8.999876379966735840e-01,9.348757863044738770e-01,1.000000000000000000e+00,8.107977509498596191e-01,4.624365270137786865e-01,2.932009100914001465e-01,2.182522565126419067e-01,1.832329034805297852e-01,1.678863465785980225e-01,1.648970395326614380e-01,1.661990135908126831e-01,1.756564527750015259e-01,1.889352351427078247e-01,2.385765910148620605e-01,3.529608547687530518e-01,3.835753202438354492e-01,2.772811949253082275e-01,3.410297334194183350e-01
4.200874567031860352e-01,5.439838171005249023e-01,1.000000000000000000e+00,7.375469803810119629e-01,4.644065797328948975e-01,3.414375483989715576e-01,2.821057736873626709e-01,2.488340139389038086e-01,2.307220250368118286e-01,2.286428511142730713e-01,2.390798628330230713e-01,2.645442783832550049e-01,2.850420773029327393e-01,2.394722104072570801e-01,2.172180265188217163e-01,2.033394724130630493e-01,1.968113183975219727e-01,1.943697333335876465e-01,1.943697333335876465e-01,1.968113183975219727e-01,2.033394724130630493e-01,2.133885920047760010e-01,2.371600717306137085e-01,2.850420773029327393e-01,3.080683648586273193e-01,2.661287188529968262e-01,2.286428511142730713e-01,2.185294032096862793e-01,2.164839655160903931e-01,2.163330763578414917e-01,2.262741625308990479e-01,2.417960017919540405e-01,2.670626342296600342e-01,3.018581867218017578e-01,3.555966615676879883e-01,1.000000000000000000e+00,1.000000000000000000e+00
4.015744924545288086e-01,9.041389822959899902e-01,8.548692464828491211e-01,8.051178455352783203e-01,4.741251468658447266e-01,3.784112334251403809e-01,2.873142957687377930e-01,2.293452173471450806e-01,2.039853334426879883e-01,1.989467293024063110e-01,1.992741376161575317e-01,2.007640600204467773e-01,2.184047698974609375e-01,2.569962143898010254e-01,3.138362169265747070e-01,4.183394610881805420e-01,6.731618046760559082e-01,8.903132677078247070e-01,8.903132677078247070e-01,9.048390984535217285e-01,9.403704404830932617e-01,1.000000000000000000e+00,9.638360142707824707e-01,6.034198999404907227e-01,3.995984196662902832e-01,2.941373586654663086e-01,2.416825890541076660e-01,2.125265598297119141e-01,1.988062560558319092e-01,1.951659321784973145e-01,2.015048861503601074e-01,2.063005715608596802e-01,2.335699796676635742e-01,2.593050301074981689e-01,3.022573292255401611e-01,5.935626626014709473e-01,4.681797921657562256e-01
1.386135369539260864e-01,1.348777562379837036e-01,1.162901073694229126e-01,1.107909753918647766e-01,1.110148876905441284e-01,1.149091199040412903e-01,1.119060814380645752e-01,1.143830791115760803e-01,1.144140884280204773e-01,1.123805940151214600e-01,1.092106997966766357e-01,1.115568205714225769e-01,1.102774515748023987e-01,1.187951490283012390e-01,1.279119104146957397e-01,1.479479372501373291e-01,2.306349277496337891e-01,3.318388164043426514e-01,9.472578763961791992e-01,9.638126492500305176e-01,1.000000000000000000e+00,9.908944964408874512e-01,1.698915511369705200e-01,1.252210885286331177e-01,1.179860979318618774e-01,1.137922704219818115e-01,1.150325462222099304e-01,1.232507750391960144e-01,1.365507245063781738e-01,1.381264179944992065e-01,1.285758167505264282e-01,1.294557303190231323e-01,1.441587507724761963e-01,1.575176268815994263e-01,1.550661921501159668e-01,5.494635701179504395e-01,1.413612365722656250e-01
4.189727604389190674e-01,3.790548443794250488e-01,3.611353933811187744e-01,3.203643560409545898e-01,1.298596411943435669e-01,1.019821986556053162e-01,8.728548139333724976e-02,7.688255608081817627e-02,7.362101972103118896e-02,7.355152815580368042e-02,7.465555518865585327e-02,8.020273596048355103e-02,8.699208498001098633e-02,9.726011008024215698e-02,1.082098037004470825e-01,1.289111673831939697e-01,1.590288579463958740e-01,2.126057595014572144e-01,8.872927427291870117e-01,9.024915099143981934e-01,9.385583400726318359e-01,1.000000000000000000e+00,8.370419144630432129e-01,4.381113052368164062e-01,2.646726965904235840e-01,1.946778744459152222e-01,1.598946303129196167e-01,1.536653190851211548e-01,1.497214883565902710e-01,1.552543193101882935e-01,1.718551218509674072e-01,1.873975992202758789e-01,3.375405669212341309e-01,3.752451539039611816e-01,4.211152195930480957e-01,2.951443791389465332e-01,1.712311059236526489e-01
3.710288107395172119e-01,4.892299473285675049e-01,1.000000000000000000e+00,8.728486299514770508e-01,4.626319408416748047e-01,3.302340507507324219e-01,2.694147825241088867e-01,2.264739573001861572e-01,2.102144658565521240e-01,2.082231491804122925e-01,2.155668437480926514e-01,2.328005582094192505e-01,2.378844171762466431e-01,2.007173001766204834e-01,1.814093589782714844e-01,1.705015003681182861e-01,1.649605929851531982e-01,1.628095507621765137e-01,1.628095507621765137e-01,1.649605929851531982e-01,1.705015003681182861e-01,1.814093589782714844e-01,1.969926804304122925e-01,2.341122925281524658e-01,2.877443730831146240e-01,2.511510550975799561e-01,2.162265777587890625e-01,1.994358748197555542e-01,1.945920288562774658e-01,1.946652084589004517e-01,2.037982493638992310e-01,2.162265777587890625e-01,2.375098913908004761e-01,2.633188664913177490e-01,3.079951107501983643e-01,1.000000000000000000e+00,1.000000000000000000e+00
3.900140225887298584e-01,8.469129800796508789e-01,9.770249128341674805e-01,8.424507379531860352e-01,4.969359338283538818e-01,3.902107179164886475e-01,3.073595762252807617e-01,2.563149333000183105e-01,2.162078171968460083e-01,2.062644660472869873e-01,2.093566358089447021e-01,2.193784564733505249e-01,2.243497371673583984e-01,2.608032524585723877e-01,3.184852898120880127e-01,4.090970754623413086e-01,5.757921934127807617e-01,8.551623225212097168e-01,8.551623225212097168e-01,8.692780137062072754e-01,9.030454754829406738e-01,9.599423408508300781e-01,1.000000000000000000e+00,6.185298562049865723e-01,3.957265019416809082e-01,2.942553758621215820e-01,2.408830970525741577e-01,2.156748473644256592e-01,2.017512917518615723e-01,2.028889954090118408e-01,2.105899155139923096e-01,2.189846336841583252e-01,2.409229129552841187e-01,2.728446722030639648e-01,3.153682947158813477e-01,6.247939467430114746e-01,4.891676902770996094e-01
1.614235192537307739e-01,1.902680695056915283e-01,1.595482826232910156e-01,1.395608335733413696e-01,1.243112459778785706e-01,1.195410490036010742e-01,1.146904081106185913e-01,1.128176674246788025e-01,1.177454814314842224e-01,1.144247502088546753e-01,1.086649373173713684e-01,1.104856580495834351e-01,1.140695810317993164e-01,1.179176643490791321e-01,1.320409923791885376e-01,1.444424688816070557e-01,2.144478857517242432e-01,3.265648186206817627e-01,9.012966156005859375e-01,9.226135015487670898e-01,9.589977860450744629e-01,1.000000000000000000e+00,1.548590809106826782e-01,1.222541034221649170e-01,1.070029586553573608e-01,1.061144247651100159e-01,1.099948808550834656e-01,1.229161322116851807e-01,1.333152949810028076e-01,1.405266672372817993e-01,1.272151023149490356e-01,1.164459809660911560e-01,1.117031648755073547e-01,1.184327155351638794e-01,1.270022690296173096e-01,5.737903714179992676e-01,1.068113297224044800e-01
4.299916028976440430e-01,4.789421558380126953e-01,3.943356871604919434e-01,3.460570871829986572e-01,1.818711012601852417e-01,1.101201474666595459e-01,9.025663882493972778e-02,8.266868442296981812e-02,7.943079620599746704e-02,7.719679921865463257e-02,7.719679921865463257e-02,8.293280005455017090e-02,9.264795482158660889e-02,1.052460372447967529e-01,1.192264705896377563e-01,1.437199264764785767e-01,1.876706629991531372e-01,2.362647354602813721e-01,5.495571494102478027e-01,9.027360081672668457e-01,9.391395449638366699e-01,1.000000000000000000e+00,9.197573661804199219e-01,4.458349049091339111e-01,2.766030430793762207e-01,2.045110315084457397e-01,1.686441153287887573e-01,1.524335294961929321e-01,1.508471369743347168e-01,1.486198157072067261e-01,1.613543629646301270e-01,1.818711012601852417e-01,3.312694132328033447e-01,3.956229984760284424e-01,3.962167799472808838e-01,3.187724351882934570e-01,1.934595555067062378e-01
5.021159648895263672e-01,6.905423998832702637e-01,1.000000000000000000e+00,5.974317193031311035e-01,4.115391075611114502e-01,3.322285711765289307e-01,2.829364240169525146e-01,2.516090869903564453e-01,2.403037250041961670e-01,2.446600347757339478e-01,2.630585134029388428e-01,2.879252731800079346e-01,2.663254737854003906e-01,2.259553223848342896e-01,2.043681591749191284e-01,1.914159059524536133e-01,1.857039928436279297e-01,1.834597587585449219e-01,1.834597587585449219e-01,1.857039928436279297e-01,1.914159059524536133e-01,2.043681591749191284e-01,2.259553223848342896e-01,2.663254737854003906e-01,3.023127615451812744e-01,2.732162475585937500e-01,2.446600347757339478e-01,2.272350192070007324e-01,2.265046536922454834e-01,2.347446829080581665e-01,2.503091990947723389e-01,2.723430395126342773e-01,3.036969900131225586e-01,3.440204262733459473e-01,4.105565249919891357e-01,1.000000000000000000e+00,1.000000000000000000e+00
3.868219554424285889e-01,7.787302732467651367e-01,8.124973177909851074e-01,7.875522971153259277e-01,4.380245506763458252e-01,3.392284214496612549e-01,2.661283314228057861e-01,2.180568873882293701e-01,2.016203403472900391e-01,2.002709656953811646e-01,2.056153118610382080e-01,2.228780388832092285e-01,2.553123235702514648e-01,3.071455657482147217e-01,3.905888497829437256e-01,5.457387566566467285e-01,9.006625413894653320e-01,8.861430287361145020e-01,8.861430287361145020e-01,9.006625413894653320e-01,9.352694153785705566e-01,1.000000000000000000e+00,7.514122724533081055e-01,4.794474542140960693e-01,3.312370777130126953e-01,2.496418207883834839e-01,2.095858901739120483e-01,1.965538263320922852e-01,1.902732402086257935e-01,1.873435676097869873e-01,1.977092176675796509e-01,2.058788836002349854e-01,2.312373518943786621e-01,2.562875151634216309e-01,3.032720983028411865e-01,5.769118666648864746e-01,5.074514150619506836e-01
1.263128370046615601e-01,1.109296754002571106e-01,1.075095832347869873e-01,1.084242388606071472e-01,1.127341538667678833e-01,1.201815083622932434e-01,1.167014464735984802e-01,1.218842864036560059e-01,1.178000122308731079e-01,1.094097569584846497e-01,1.056565269827842712e-01,1.015960648655891418e-01,9.954685717821121216e-02,1.036875993013381958e-01,1.146226301789283752e-01,1.431396305561065674e-01,2.118001431226730347e-01,3.207533359527587891e-01,9.481504559516906738e-01,9.649156928062438965e-01,1.000000000000000000e+00,7.596708536148071289e-01,1.474830955266952515e-01,1.061834990978240967e-01,9.701299667358398438e-02,9.468363225460052490e-02,1.036047488451004028e-01,1.148845404386520386e-01,1.279340386390686035e-01,1.478320360183715820e-01,9.954685717821121216e-02,1.002345830202102661e-01,1.061834990978240967e-01,1.121614128351211548e-01,1.281687468290328979e-01,4.716487228870391846e-01,5.558709055185317993e-02
3.811505734920501709e-01,3.501144349575042725e-01,3.486295938491821289e-01,3.209498226642608643e-01,1.270914375782012939e-01,9.981236606836318970e-02,8.139994740486145020e-02,7.829926162958145142e-02,7.561828941106796265e-02,7.218834757804870605e-02,7.283870875835418701e-02,7.677873969078063965e-02,8.311986178159713745e-02,8.740644901990890503e-02,1.009866669774055481e-01,1.290248483419418335e-01,1.599137336015701294e-01,3.245843350887298584e-01,8.837563395500183105e-01,8.989934921264648438e-01,9.349935650825500488e-01,1.000000000000000000e+00,6.494047641754150391e-01,3.486295938491821289e-01,2.318921387195587158e-01,1.765577197074890137e-01,1.510805934667587280e-01,1.349210292100906372e-01,1.346586197614669800e-01,1.353136897087097168e-01,1.409052014350891113e-01,1.572746485471725464e-01,2.011837512254714966e-01,3.322843313217163086e-01,3.341772258281707764e-01,2.951817512512207031e-01,2.380929142236709595e-01
5.280600786209106445e-01,7.042961716651916504e-01,1.000000000000000000e+00,5.958766937255859375e-01,4.093174040317535400e-01,3.362362980842590332e-01,2.928636670112609863e-01,2.701065540313720703e-01,2.571456432342529297e-01,2.552609145641326904e-01,1.285609453916549683e-01,8.251792192459106445e-02,6.225157156586647034e-02,5.472726374864578247e-02,5.090830475091934204e-02,4.944651573896408081e-02,4.894955456256866455e-02,4.894955456256866455e-02,4.894955456256866455e-02,4.894955456256866455e-02,4.944651573896408081e-02,5.090830475091934204e-02,5.472726374864578247e-02,6.225157156586647034e-02,8.251792192459106445e-02,1.285609453916549683e-01,2.552609145641326904e-01,2.503038942813873291e-01,2.439723312854766846e-01,2.502062022686004639e-01,2.670111954212188721e-01,2.881718277931213379e-01,3.268149197101593018e-01,3.737711906433105469e-01,4.391563236713409424e-01,1.000000000000000000e+00,1.000000000000000000e+00
4.651437699794769287e-01,9.299860000610351562e-01,9.401651620864868164e-01,9.192060828208923340e-01,5.260795354843139648e-01,4.194839596748352051e-01,3.189480900764465332e-01,2.785094380378723145e-01,2.580153346061706543e-01,2.465257197618484497e-01,2.419316619634628296e-01,2.571441531181335449e-01,2.874959111213684082e-01,3.423069715499877930e-01,4.447144865989685059e-01,6.972799897193908691e-01,8.899754285812377930e-01,8.755708336830139160e-01,8.755708336830139160e-01,8.888611197471618652e-01,9.224755764007568359e-01,9.846795797348022461e-01,1.000000000000000000e+00,6.342507004737854004e-01,4.486080110073089600e-01,3.396746516227722168e-01,2.813153266906738281e-01,2.521505951881408691e-01,2.461461573839187622e-01,2.425492256879806519e-01,2.508121430873870850e-01,2.666407823562622070e-01,2.845538556575775146e-01,3.229682147502899170e-01,3.790654540061950684e-01,5.734298825263977051e-01,5.796750783920288086e-01
1.210084185004234314e-01,1.119438409805297852e-01,1.087545454502105713e-01,1.087545454502105713e-01,1.109853461384773254e-01,1.153175607323646545e-01,1.157527193427085876e-01,1.233233436942100525e-01,1.195979490876197815e-01,1.172094643115997314e-01,1.178511306643486023e-01,1.112681180238723755e-01,1.135048866271972656e-01,1.154265031218528748e-01,1.258954852819442749e-01,1.396684944629669189e-01,2.055355161428451538e-01,3.100868463516235352e-01,9.268493652343750000e-01,9.428223967552185059e-01,9.799523949623107910e-01,1.000000000000000000e+00,2.211196869611740112e-01,1.368502974510192871e-01,1.173702105879783630e-01,1.066539362072944641e-01,1.108153462409973145e-01,1.245403811335563660e-01,1.345345526933670044e-01,1.465627700090408325e-01,1.362058669328689575e-01,1.289045810699462891e-01,1.301659941673278809e-01,1.345345526933670044e-01,1.349077522754669189e-01,4.523040056228637695e-01,1.899384260177612305e-01
4.141978621482849121e-01,3.827185332775115967e-01,3.665740489959716797e-01,3.410522043704986572e-01,1.205309405922889709e-01,9.597070515155792236e-02,8.187572658061981201e-02,7.610579580068588257e-02,7.408268749713897705e-02,7.408268749713897705e-02,7.459361106157302856e-02,7.795479148626327515e-02,8.222290873527526855e-02,9.557413309812545776e-02,1.063875854015350342e-01,1.208456382155418396e-01,1.544410139322280884e-01,2.848951518535614014e-01,8.859322667121887207e-01,9.008122086524963379e-01,9.357517957687377930e-01,1.000000000000000000e+00,8.582221269607543945e-01,4.887740612030029297e-01,3.137922286987304688e-01,2.335799932479858398e-01,1.961012333631515503e-01,1.777642667293548584e-01,1.716776192188262939e-01,1.778710633516311646e-01,1.941547691822052002e-01,2.056957930326461792e-01,3.313078582286834717e-01,3.932904303073883057e-01,4.019115567207336426e-01,2.401612699031829834e-01,3.733093440532684326e-01
5.757228732109069824e-01,1.000000000000000000e+00,9.892969727516174316e-01,4.876892566680908203e-01,3.719911277294158936e-01,3.016841411590576172e-01,2.685908973217010498e-01,2.465101927518844604e-01,2.356184720993041992e-01,2.045426517724990845e-01,4.414905235171318054e-02,3.121809475123882294e-02,2.578760124742984772e-02,2.465101890265941620e-02,2.370254509150981903e-02,2.370254509150981903e-02,2.370254509150981903e-02,2.370254509150981903e-02,2.370254509150981903e-02,2.370254509150981903e-02,2.370254509150981903e-02,2.370254509150981903e-02,2.465101890265941620e-02,2.578760124742984772e-02,3.121809475123882294e-02,4.414905235171318054e-02,2.045426517724990845e-01,2.356184720993041992e-01,2.454847991466522217e-01,2.488709688186645508e-01,2.705686092376708984e-01,2.912814319133758545e-01,3.316455483436584473e-01,3.866212964057922363e-01,4.626180529594421387e-01,1.000000000000000000e+00,1.000000000000000000e+00
4.820921421051025391e-01,9.940103888511657715e-01,1.000000000000000000e+00,9.093538522720336914e-01,4.842354357242584229e-01,3.573770225048065186e-01,2.983095943927764893e-01,2.675655186176300049e-01,2.478767335414886475e-01,2.467601597309112549e-01,2.536580860614776611e-01,2.758862376213073730e-01,3.220683038234710693e-01,3.874542713165283203e-01,5.007760524749755859e-01,7.888154983520507812e-01,8.008667826652526855e-01,7.880712151527404785e-01,7.880712151527404785e-01,8.008667826652526855e-01,8.304899334907531738e-01,8.882308602333068848e-01,8.267615437507629395e-01,5.386350750923156738e-01,3.967854976654052734e-01,3.078200519084930420e-01,2.643858790397644043e-01,2.422424256801605225e-01,2.345686256885528564e-01,2.347892522811889648e-01,2.492654025554656982e-01,2.597096264362335205e-01,2.865046560764312744e-01,3.288561403751373291e-01,3.883441686630249023e-01,6.142857074737548828e-01,6.013308763504028320e-01
1.211264654994010925e-01,1.211264654994010925e-01,1.223677545785903931e-01,1.246113553643226624e-01,1.235965862870216370e-01,1.229837089776992798e-01,1.231883391737937927e-01,1.313039511442184448e-01,1.246618777513504028e-01,1.242064386606216431e-01,1.167319416999816895e-01,1.158656403422355652e-01,1.179661005735397339e-01,1.205532625317573547e-01,1.339155733585357666e-01,1.556605696678161621e-01,2.384277731180191040e-01,4.385693371295928955e-01,9.454686641693115234e-01,9.618371129035949707e-01,1.000000000000000000e+00,4.960774183273315430e-01,1.482428610324859619e-01,1.242064386606216431e-01,1.110936179757118225e-01,1.113766580820083618e-01,1.173238083720207214e-01,1.211264654994010925e-01,1.279522031545639038e-01,1.231883391737937927e-01,1.136156097054481506e-01,1.136156097054481506e-01,1.223677545785903931e-01,1.313039511442184448e-01,1.314956396818161011e-01,4.953748881816864014e-01,1.803992539644241333e-01
4.376628994941711426e-01,4.287390708923339844e-01,4.081584215164184570e-01,3.835008442401885986e-01,1.523613333702087402e-01,1.271665096282958984e-01,1.037080660462379456e-01,9.554403275251388550e-02,9.197197854518890381e-02,9.186787903308868408e-02,9.280057251453399658e-02,9.994927048683166504e-02,1.067990809679031372e-01,1.175473853945732117e-01,1.286626309156417847e-01,1.643848270177841187e-01,2.716519832611083984e-01,8.849907517433166504e-01,8.849907517433166504e-01,9.000007510185241699e-01,9.352365732192993164e-01,1.000000000000000000e+00,6.436105966567993164e-01,3.607437610626220703e-01,2.445509731769561768e-01,1.836315691471099854e-01,1.575485318899154663e-01,1.496364176273345947e-01,1.448270380496978760e-01,1.493163406848907471e-01,1.580336689949035645e-01,1.776456981897354126e-01,2.269770354032516479e-01,3.925755321979522705e-01,3.991503417491912842e-01,3.142857253551483154e-01,3.755567967891693115e-01
4.400539994239807129e-01,5.628215074539184570e-01,1.000000000000000000e+00,7.513694763183593750e-01,4.453997611999511719e-01,3.565125167369842529e-01,3.010414838790893555e-01,2.653748989105224609e-01,2.497807592153549194e-01,2.445866465568542480e-01,8.771032094955444336e-02,5.468652024865150452e-02,4.367844387888908386e-02,3.880232200026512146e-02,3.590346127748489380e-02,3.547000139951705933e-02,3.532433509826660156e-02,3.532433509826660156e-02,3.532433509826660156e-02,3.532433509826660156e-02,3.547000139951705933e-02,3.590346127748489380e-02,3.880232200026512146e-02,4.367844387888908386e-02,5.468652024865150452e-02,8.771032094955444336e-02,2.376581281423568726e-01,2.260949015617370605e-01,2.211839705705642700e-01,2.253639400005340576e-01,2.338966429233551025e-01,2.486220598220825195e-01,2.757423222064971924e-01,3.168630301952362061e-01,3.674522340297698975e-01,1.000000000000000000e+00,1.000000000000000000e+00
4.173542559146881104e-01,6.097319722175598145e-01,9.852835536003112793e-01,1.000000000000000000e+00,5.707617998123168945e-01,4.207112789154052734e-01,3.424426317214965820e-01,2.726804316043853760e-01,2.517522573471069336e-01,2.296603024005889893e-01,2.253113090991973877e-01,2.388331443071365356e-01,2.735859751701354980e-01,3.232620954513549805e-01,4.043357670307159424e-01,5.668756365776062012e-01,7.798078060150146484e-01,7.683047056198120117e-01,7.680431008338928223e-01,7.798078060150146484e-01,8.105999231338500977e-01,8.654763698577880859e-01,9.608184099197387695e-01,6.749040484428405762e-01,4.451695382595062256e-01,3.317580223083496094e-01,2.724535763263702393e-01,2.414082437753677368e-01,2.362299859523773193e-01,2.298621386289596558e-01,2.398665100336074829e-01,2.457868903875350952e-01,2.711454629898071289e-01,3.041934072971343994e-01,3.446474671363830566e-01,5.889467000961303711e-01,5.960067510604858398e-01
1.097004711627960205e-01,1.055065393447875977e-01,1.055065393447875977e-01,1.089888960123062134e-01,1.123633831739425659e-01,1.252849698066711426e-01,1.237435787916183472e-01,1.244124695658683777e-01,1.195650100708007812e-01,1.138766035437583923e-01,1.130995899438858032e-01,1.095111742615699768e-01,1.116223111748695374e-01,1.118080392479896545e-01,1.161318048834800720e-01,1.268894076347351074e-01,1.500062197446823120e-01,2.141364663839340210e-01,4.481243491172790527e-01,8.988897204399108887e-01,9.351314902305603027e-01,1.000000000000000000e+00,2.284808605909347534e-01,1.514173448085784912e-01,1.138310432434082031e-01,1.070682331919670105e-01,1.106889992952346802e-01,1.230710595846176147e-01,1.334641575813293457e-01,1.393953859806060791e-01,1.192174404859542847e-01,1.154598742723464966e-01,1.152350232005119324e-01,1.161318048834800720e-01,1.193479001522064209e-01,4.779233038425445557e-01,1.591257899999618530e-01
3.811468780040740967e-01,4.082089364528656006e-01,4.170425236225128174e-01,4.260220527648925781e-01,4.180497825145721436e-01,3.404194414615631104e-01,1.766139864921569824e-01,1.495927423238754272e-01,1.345442831516265869e-01,1.273168772459030151e-01,1.280716508626937866e-01,1.385863274335861206e-01,1.523782610893249512e-01,1.748689860105514526e-01,2.032333016395568848e-01,2.325105518102645874e-01,3.228769600391387939e-01,5.802466869354248047e-01,8.844777345657348633e-01,8.990098237991333008e-01,9.346471428871154785e-01,1.000000000000000000e+00,7.230905294418334961e-01,3.125069141387939453e-01,1.909638345241546631e-01,1.412167549133300781e-01,1.213984340429306030e-01,1.046538203954696655e-01,1.033903509378433228e-01,1.069723889231681824e-01,1.157832667231559753e-01,1.248849481344223022e-01,1.349993795156478882e-01,1.602263301610946655e-01,1.839050948619842529e-01,3.366110622882843018e-01,3.619934618473052979e-01
4.601342678070068359e-01,5.961467027664184570e-01,1.000000000000000000e+00,6.893499493598937988e-01,4.229976236820220947e-01,3.366663455963134766e-01,2.855179607868194580e-01,2.556868791580200195e-01,2.402228862047195435e-01,2.380807995796203613e-01,9.800020605325698853e-02,6.179682910442352295e-02,4.825521633028984070e-02,4.316077753901481628e-02,3.979226946830749512e-02,3.873798251152038574e-02,3.860417380928993225e-02,3.860417380928993225e-02,3.860417380928993225e-02,3.860417380928993225e-02,3.873798251152038574e-02,3.979226946830749512e-02,4.316077753901481628e-02,4.825521633028984070e-02,6.179682910442352295e-02,9.800020605325698853e-02,2.380807995796203613e-01,2.365982234477996826e-01,2.312001734972000122e-01,2.319822013378143311e-01,2.434113025665283203e-01,2.606575787067413330e-01,2.906194627285003662e-01,3.306646347045898438e-01,3.781463205814361572e-01,1.000000000000000000e+00,1.000000000000000000e+00
4.384362995624542236e-01,6.382700800895690918e-01,9.861488342285156250e-01,1.000000000000000000e+00,5.236616730690002441e-01,4.170469045639038086e-01,3.209463953971862793e-01,2.682585418224334717e-01,2.487308830022811890e-01,2.313832044601440430e-01,2.238289117813110352e-01,2.361739873886108398e-01,2.684936523437500000e-01,3.143917322158813477e-01,4.007281064987182617e-01,5.569727420806884766e-01,8.108485937118530273e-01,7.985576987266540527e-01,7.985576987266540527e-01,8.108485937118530273e-01,8.419244885444641113e-01,8.993938565254211426e-01,9.903786778450012207e-01,6.580321192741394043e-01,4.447234869003295898e-01,3.242226839065551758e-01,2.696076035499572754e-01,2.412621080875396729e-01,2.286399751901626587e-01,2.274640947580337524e-01,2.383017241954803467e-01,2.482865601778030396e-01,2.663109898567199707e-01,3.019533455371856689e-01,3.481525778770446777e-01,5.796066522598266602e-01,5.871499180793762207e-01
1.084470823407173157e-01,1.062750890851020813e-01,1.050275713205337524e-01,1.077436357736587524e-01,1.153775304555892944e-01,1.260845661163330078e-01,1.248319670557975769e-01,1.208287030458450317e-01,1.150254979729652405e-01,1.114440560340881348e-01,1.070355623960494995e-01,1.039602905511856079e-01,1.064180880784988403e-01,1.060363203287124634e-01,1.103928908705711365e-01,1.196482181549072266e-01,1.421485841274261475e-01,2.116898447275161743e-01,4.558737874031066895e-01,8.986035585403442383e-01,9.345149993896484375e-01,1.000000000000000000e+00,2.462497353553771973e-01,1.452180296182632446e-01,1.167750358581542969e-01,1.105305701494216919e-01,1.118526980280876160e-01,1.150254979729652405e-01,1.248725652694702148e-01,1.174243986606597900e-01,1.103469654917716980e-01,1.108968704938888550e-01,1.139183938503265381e-01,1.178122907876968384e-01,1.211638748645782471e-01,4.721532166004180908e-01,1.523940265178680420e-01
3.638445138931274414e-01,4.157120883464813232e-01,4.104416966438293457e-01,4.243505895137786865e-01,4.069111943244934082e-01,3.126573562622070312e-01,1.594513803720474243e-01,1.254718750715255737e-01,1.201183274388313293e-01,1.198336854577064514e-01,1.223716214299201965e-01,1.312582194805145264e-01,1.421859860420227051e-01,1.637309342622756958e-01,1.914237290620803833e-01,2.110658437013626099e-01,3.026674985885620117e-01,5.106732249259948730e-01,8.854573965072631836e-01,9.003732204437255859e-01,9.356664419174194336e-01,1.000000000000000000e+00,7.079575061798095703e-01,3.084788918495178223e-01,1.940373033285140991e-01,1.434413790702819824e-01,1.239658817648887634e-01,1.163636967539787292e-01,1.145893111824989319e-01,1.148126050829887390e-01,1.201183274388313293e-01,1.322948187589645386e-01,1.404946744441986084e-01,1.673411875963211060e-01,3.518923521041870117e-01,3.355874717235565186e-01,3.540309965610504150e-01
3.777005076408386230e-01,4.776844680309295654e-01,9.568158388137817383e-01,1.000000000000000000e+00,6.024132966995239258e-01,4.042702615261077881e-01,3.011798262596130371e-01,2.504101693630218506e-01,2.319144159555435181e-01,2.243485599756240845e-01,2.207759469747543335e-01,2.331653833389282227e-01,2.390519082546234131e-01,2.064935117959976196e-01,1.865946799516677856e-01,1.763350367546081543e-01,1.708610355854034424e-01,1.689969748258590698e-01,1.689969748258590698e-01,1.708610355854034424e-01,1.763350367546081543e-01,1.865946799516677856e-01,2.064935117959976196e-01,2.390519082546234131e-01,3.243694305419921875e-01,3.122243285179138184e-01,2.589139640331268311e-01,2.285450100898742676e-01,2.170850038528442383e-01,2.157408148050308228e-01,2.237426340579986572e-01,2.315796762704849243e-01,2.492457479238510132e-01,2.763064503669738770e-01,3.138969242572784424e-01,1.000000000000000000e+00,1.000000000000000000e+00
3.791554570198059082e-01,6.974911093711853027e-01,7.696951627731323242e-01,7.704212069511413574e-01,7.204151749610900879e-01,3.348869979381561279e-01,2.710761427879333496e-01,2.444686442613601685e-01,2.207518815994262695e-01,2.009519785642623901e-01,1.925528794527053833e-01,1.894957721233367920e-01,1.994002163410186768e-01,2.223222851753234863e-01,2.462410926818847656e-01,3.037173449993133545e-01,3.651324808597564697e-01,6.210284233093261719e-01,7.985972166061401367e-01,8.115000724792480469e-01,8.434092402458190918e-01,9.008388519287109375e-01,1.000000000000000000e+00,6.791326403617858887e-01,3.991118669509887695e-01,2.877518534660339355e-01,2.342952489852905273e-01,2.007045000791549683e-01,1.961965262889862061e-01,1.923592090606689453e-01,2.044460028409957886e-01,2.094295620918273926e-01,2.319501042366027832e-01,2.585483491420745850e-01,2.942842543125152588e-01,6.629487872123718262e-01,5.842630863189697266e-01
1.324351280927658081e-01,1.245200037956237793e-01,1.213175281882286072e-01,1.223496571183204651e-01,1.287934631109237671e-01,1.402934044599533081e-01,1.409931331872940063e-01,1.370206922292709351e-01,1.329295933246612549e-01,1.291326135396957397e-01,1.317729502916336060e-01,1.339130699634552002e-01,1.316899508237838745e-01,1.376179158687591553e-01,1.384891718626022339e-01,1.450452655553817749e-01,1.563990116119384766e-01,1.735018640756607056e-01,3.971540033817291260e-01,9.027360081672668457e-01,9.391395449638366699e-01,1.000000000000000000e+00,4.204253256320953369e-01,2.024420946836471558e-01,1.552763581275939941e-01,1.355766505002975464e-01,1.322698891162872314e-01,1.310240030288696289e-01,1.302707344293594360e-01,1.311491280794143677e-01,1.309405118227005005e-01,1.342800110578536987e-01,1.375384330749511719e-01,1.422285884618759155e-01,1.425357758998870850e-01,6.378720402717590332e-01,1.933318674564361572e-01
4.259102344512939453e-01,5.412825942039489746e-01,1.000000000000000000e+00,9.408255815505981445e-01,4.561606347560882568e-01,3.509428799152374268e-01,2.752974331378936768e-01,2.454196065664291382e-01,2.313279062509536743e-01,2.291366010904312134e-01,2.372178584337234497e-01,2.587783038616180420e-01,2.742302715778350830e-01,2.314583510160446167e-01,2.088351547718048096e-01,1.969111412763595581e-01,1.902281939983367920e-01,1.879706829786300659e-01,1.879706829786300659e-01,1.902281939983367920e-01,1.969111412763595581e-01,2.088351547718048096e-01,2.290801256895065308e-01,2.742302715778350830e-01,2.864132225513458252e-01,2.614307999610900879e-01,2.408796548843383789e-01,2.246130853891372681e-01,2.186794131994247437e-01,2.182846814393997192e-01,2.242672741413116455e-01,2.403420209884643555e-01,2.640076875686645508e-01,3.018504977226257324e-01,3.567919433116912842e-01,1.000000000000000000e+00,1.000000000000000000e+00
3.435066044330596924e-01,7.532745599746704102e-01,8.409094214439392090e-01,8.031567335128784180e-01,5.530340075492858887e-01,3.920803070068359375e-01,2.990518212318420410e-01,2.338577955961227417e-01,2.123754173517227173e-01,1.954217702150344849e-01,1.899951249361038208e-01,1.968042552471160889e-01,2.227020859718322754e-01,2.620528340339660645e-01,3.079216480255126953e-01,3.750915825366973877e-01,6.191206574440002441e-01,8.902538418769836426e-01,8.902538418769836426e-01,9.053530693054199219e-01,9.407984614372253418e-01,1.000000000000000000e+00,9.264444112777709961e-01,5.747223496437072754e-01,3.838944435119628906e-01,2.903113067150115967e-01,2.332358807325363159e-01,2.081385403871536255e-01,1.993948668241500854e-01,1.945278495550155640e-01,1.992491334676742554e-01,2.103597223758697510e-01,2.283268719911575317e-01,2.504909336566925049e-01,2.952063977718353271e-01,6.044517159461975098e-01,5.020465850830078125e-01
1.257026642560958862e-01,1.168722137808799744e-01,1.132418513298034668e-01,1.027979999780654907e-01,9.940811246633529663e-02,1.005862727761268616e-01,1.059785932302474976e-01,1.075502187013626099e-01,1.127679646015167236e-01,1.149005889892578125e-01,1.107232794165611267e-01,1.087714806199073792e-01,1.039377376437187195e-01,1.040750369429588318e-01,1.104650348424911499e-01,1.221009492874145508e-01,1.438973546028137207e-01,2.496668696403503418e-01,3.905757069587707520e-01,9.259880781173706055e-01,9.634417891502380371e-01,1.000000000000000000e+00,2.750712931156158447e-01,1.427265256643295288e-01,1.195002421736717224e-01,1.095563769340515137e-01,1.068842634558677673e-01,1.100765243172645569e-01,1.161367744207382202e-01,1.197688207030296326e-01,1.171468123793601990e-01,1.202448010444641113e-01,1.266928017139434814e-01,1.351990848779678345e-01,1.420244127511978149e-01,5.126262903213500977e-01,1.318438947200775146e-01
3.973026275634765625e-01,3.755970597267150879e-01,3.467956483364105225e-01,3.317907750606536865e-01,3.014528751373291016e-01,1.093121394515037537e-01,8.959437906742095947e-02,8.206210285425186157e-02,7.884796708822250366e-02,7.549712806940078735e-02,7.663036137819290161e-02,8.225881308317184448e-02,8.740288019180297852e-02,9.519203752279281616e-02,1.038012579083442688e-01,1.233445480465888977e-01,1.560475081205368042e-01,2.113318145275115967e-01,4.402935504913330078e-01,9.031842947006225586e-01,9.384460449218750000e-01,1.000000000000000000e+00,8.873763084411621094e-01,4.635745882987976074e-01,2.745734453201293945e-01,1.998275369405746460e-01,1.641242057085037231e-01,1.449133902788162231e-01,1.409558355808258057e-01,1.420219689607620239e-01,1.486207842826843262e-01,1.740026175975799561e-01,2.172647416591644287e-01,3.229036629199981689e-01,3.523896038532257080e-01,2.864532172679901123e-01,2.281464040279388428e-01
3.569428026676177979e-01,4.713055789470672607e-01,1.000000000000000000e+00,9.849612116813659668e-01,5.526741147041320801e-01,3.815192282199859619e-01,2.755359709262847900e-01,2.385699152946472168e-01,2.014753073453903198e-01,1.998508125543594360e-01,2.035677731037139893e-01,2.196465581655502319e-01,2.269816845655441284e-01,1.964578628540039062e-01,1.774754673242568970e-01,1.670682281255722046e-01,1.619157493114471436e-01,1.598898172378540039e-01,1.598898172378540039e-01,1.614873707294464111e-01,1.670682281255722046e-01,1.774754673242568970e-01,1.924767494201660156e-01,2.281812727451324463e-01,2.950460910797119141e-01,2.659030556678771973e-01,2.198875993490219116e-01,2.049840241670608521e-01,1.966237127780914307e-01,1.931951791048049927e-01,1.978220194578170776e-01,2.130547165870666504e-01,2.323573976755142212e-01,2.609064280986785889e-01,3.036488592624664307e-01,1.000000000000000000e+00,1.000000000000000000e+00
1.668693572282791138e-01,1.693725436925888062e-01,1.541078686714172363e-01,1.534465104341506958e-01,1.499323546886444092e-01,1.460699737071990967e-01,1.505858600139617920e-01,1.416577249765396118e-01,1.397635638713836670e-01,1.407636702060699463e-01,1.387562453746795654e-01,1.381229311227798462e-01,1.367193460464477539e-01,1.370268017053604126e-01,1.499089598655700684e-01,1.613560765981674194e-01,1.856328099966049194e-01,2.661595344543457031e-01,4.905309379100799561e-01,8.990676999092102051e-01,9.347641468048095703e-01,1.000000000000000000e+00,2.329677045345306396e-01,1.621366292238235474e-01,1.397635638713836670e-01,1.273430585861206055e-01,1.330797672271728516e-01,1.494638174772262573e-01,1.608772128820419312e-01,1.563445478677749634e-01,1.330797672271728516e-01,1.308474391698837280e-01,1.374101787805557251e-01,1.507488042116165161e-01,1.589473187923431396e-01,7.429522871971130371e-01,1.316492706537246704e-01
4.527260959148406982e-01,8.806491494178771973e-01,9.578008651733398438e-01,9.159758090972900391e-01,7.677633166313171387e-01,3.634970486164093018e-01,2.888060510158538818e-01,2.627686858177185059e-01,2.343447804450988770e-01,2.207724303007125854e-01,2.098344564437866211e-01,2.102480083703994751e-01,2.223406881093978882e-01,2.335196286439895630e-01,2.743058502674102783e-01,3.190384507179260254e-01,4.379894435405731201e-01,6.968984007835388184e-01,8.006005883216857910e-01,8.134569525718688965e-01,8.461748957633972168e-01,8.981100320816040039e-01,1.000000000000000000e+00,6.795650720596313477e-01,4.186788201332092285e-01,3.132994472980499268e-01,2.504315376281738281e-01,2.259149104356765747e-01,2.170246541500091553e-01,2.120307832956314087e-01,2.236823141574859619e-01,2.328988313674926758e-01,2.574251890182495117e-01,2.820430994033813477e-01,3.257740736007690430e-01,7.387067079544067383e-01,5.423261523246765137e-01
4.750838279724121094e-01,4.577360153198242188e-01,4.309926927089691162e-01,3.954249322414398193e-01,3.267385363578796387e-01,1.098579913377761841e-01,6.198023632168769836e-02,5.761237815022468567e-02,5.608087778091430664e-02,5.370179563760757446e-02,5.370179563760757446e-02,5.637120082974433899e-02,5.947131663560867310e-02,6.768725812435150146e-02,7.324691116809844971e-02,8.558022230863571167e-02,1.241797581315040588e-01,2.258705794811248779e-01,3.301513195037841797e-01,8.436481952667236328e-01,8.763466477394104004e-01,9.341642856597900391e-01,1.000000000000000000e+00,5.220671892166137695e-01,3.320248425006866455e-01,2.456499338150024414e-01,2.012584209442138672e-01,1.838512569665908813e-01,1.868747919797897339e-01,1.884983181953430176e-01,2.076195776462554932e-01,2.481184005737304688e-01,4.131503701210021973e-01,4.056677520275115967e-01,4.338992834091186523e-01,2.503089308738708496e-01,2.677336633205413818e-01
3.591311872005462646e-01,3.713906705379486084e-01,4.575011432170867920e-01,4.653744101524353027e-01,4.561819136142730713e-01,4.343220889568328857e-01,3.770201802253723145e-01,2.667624950408935547e-01,2.098198682069778442e-01,1.848745495080947876e-01,1.881062835454940796e-01,1.966555565595626831e-01,2.149122953414916992e-01,2.595710456371307373e-01,3.085302114486694336e-01,3.540131151676177979e-01,4.201226830482482910e-01,6.165581345558166504e-01,8.841588497161865234e-01,8.991679549217224121e-01,9.351742267608642578e-01,1.000000000000000000e+00,2.308096736669540405e-01,1.033956930041313171e-01,6.919325888156890869e-02,5.745173618197441101e-02,5.411977693438529968e-02,5.411977693438529968e-02,5.535461008548736572e-02,5.705822631716728210e-02,6.188833341002464294e-02,6.662196666002273560e-02,7.080262154340744019e-02,7.977991551160812378e-02,1.033956930041313171e-01,2.394366264343261719e-01,3.243029713630676270e-01
4.121425449848175049e-01,5.286692380905151367e-01,9.676389694213867188e-01,1.000000000000000000e+00,5.926283597946166992e-01,3.867161273956298828e-01,3.154996931552886963e-01,2.620300948619842529e-01,2.464756965637207031e-01,2.406632602214813232e-01,2.484899759292602539e-01,2.376897633075714111e-01,1.804675161838531494e-01,1.547294110059738159e-01,1.403115838766098022e-01,1.327162086963653564e-01,1.284404695034027100e-01,1.276098042726516724e-01,1.276098042726516724e-01,1.284404695034027100e-01,1.317612230777740479e-01,1.403115838766098022e-01,1.547294110059738159e-01,1.804675161838531494e-01,2.326590269804000854e-01,3.015614449977874756e-01,2.698282301425933838e-01,2.396669536828994751e-01,2.332581877708435059e-01,2.340830713510513306e-01,2.423420995473861694e-01,2.530488371849060059e-01,2.723047733306884766e-01,3.021119534969329834e-01,3.440590500831604004e-01,1.000000000000000000e+00,1.000000000000000000e+00
3.667322993278503418e-01,5.307541489601135254e-01,8.180535435676574707e-01,8.290511369705200195e-01,7.875342369079589844e-01,4.076671600341796875e-01,3.318252265453338623e-01,2.692862749099731445e-01,2.439466863870620728e-01,2.161205261945724487e-01,2.156498879194259644e-01,2.265474200248718262e-01,2.414948940277099609e-01,2.559668719768524170e-01,3.049750030040740967e-01,3.891974985599517822e-01,5.214010477066040039e-01,7.951095700263977051e-01,7.982978224754333496e-01,8.105672597885131836e-01,8.416829109191894531e-01,8.988723158836364746e-01,1.000000000000000000e+00,7.188329696655273438e-01,4.313670992851257324e-01,3.110072314739227295e-01,2.532303929328918457e-01,2.273787856101989746e-01,2.168580293655395508e-01,2.107481211423873901e-01,2.209688127040863037e-01,2.230608761310577393e-01,2.434106022119522095e-01,2.624069452285766602e-01,3.064942061901092529e-01,6.234617233276367188e-01,5.988936424255371094e-01
1.267073452472686768e-01,1.289079189300537109e-01,1.289079189300537109e-01,1.256858706474304199e-01,1.205944642424583435e-01,1.214176490902900696e-01,1.225703731179237366e-01,1.240434572100639343e-01,1.295879334211349487e-01,1.304891258478164673e-01,1.258722096681594849e-01,1.227136999368667603e-01,1.234753131866455078e-01,1.211277544498443604e-01,1.262904703617095947e-01,1.348613053560256958e-01,1.561252474784851074e-01,2.203960269689559937e-01,3.768088817596435547e-01,8.996371030807495117e-01,9.353994727134704590e-01,1.000000000000000000e+00,5.522938966751098633e-01,1.999613195657730103e-01,1.408542543649673462e-01,1.262440532445907593e-01,1.266610920429229736e-01,1.270767450332641602e-01,1.374860703945159912e-01,1.491384357213973999e-01,1.507795155048370361e-01,1.303543448448181152e-01,1.301293969154357910e-01,1.289079189300537109e-01,1.268460005521774292e-01,5.564047098159790039e-01,2.079273015260696411e-01
4.436269700527191162e-01,5.661379694938659668e-01,9.767354726791381836e-01,1.000000000000000000e+00,5.347098708152770996e-01,3.654599487781524658e-01,3.070314228534698486e-01,2.730362117290496826e-01,2.538484334945678711e-01,2.488265186548233032e-01,2.121320366859436035e-01,1.307576447725296021e-01,9.889634698629379272e-02,8.624977618455886841e-02,7.847634702920913696e-02,7.465367019176483154e-02,7.341828197240829468e-02,7.333517819643020630e-02,7.333517819643020630e-02,7.341828197240829468e-02,7.465367019176483154e-02,7.847634702920913696e-02,8.624977618455886841e-02,9.889634698629379272e-02,1.307576447725296021e-01,2.121320366859436035e-01,2.584427893161773682e-01,2.465864568948745728e-01,2.329555600881576538e-01,2.410596460103988647e-01,2.494139522314071655e-01,2.626552879810333252e-01,2.842405438423156738e-01,3.191643059253692627e-01,3.714506924152374268e-01,1.000000000000000000e+00,1.000000000000000000e+00
3.887482583522796631e-01,5.388875603675842285e-01,8.651092052459716797e-01,8.711589574813842773e-01,8.026843070983886719e-01,3.984423279762268066e-01,3.323042988777160645e-01,2.612675130367279053e-01,2.422487586736679077e-01,2.205207496881484985e-01,2.127856016159057617e-01,2.227486222982406616e-01,2.494907379150390625e-01,2.789391279220581055e-01,3.143008351325988770e-01,4.144923686981201172e-01,6.634368300437927246e-01,7.996026277542114258e-01,7.996026277542114258e-01,8.122277259826660156e-01,8.442230224609375000e-01,9.004161953926086426e-01,1.000000000000000000e+00,6.913138031959533691e-01,4.379774928092956543e-01,3.210830390453338623e-01,2.625814378261566162e-01,2.375081181526184082e-01,2.226814478635787964e-01,2.213334739208221436e-01,2.243550121784210205e-01,2.385139763355255127e-01,2.545374631881713867e-01,2.767851352691650391e-01,3.229417204856872559e-01,5.836521387100219727e-01,5.793865919113159180e-01
1.247973367571830750e-01,1.283007860183715820e-01,1.290517449378967285e-01,1.237912625074386597e-01,1.187766119837760925e-01,1.195873841643333435e-01,1.180084422230720520e-01,1.221736073493957520e-01,1.243410408496856689e-01,1.251611858606338501e-01,1.239747926592826843e-01,1.187766119837760925e-01,1.168467253446578979e-01,1.170411482453346252e-01,1.197298914194107056e-01,1.266958564519882202e-01,1.505215615034103394e-01,1.769082695245742798e-01,4.015827178955078125e-01,8.999580144882202148e-01,9.351446628570556641e-01,1.000000000000000000e+00,4.792043268680572510e-01,1.943029910326004028e-01,1.342331171035766602e-01,1.130389720201492310e-01,1.184411495923995972e-01,1.251611858606338501e-01,1.322279274463653564e-01,1.468903124332427979e-01,1.200617477297782898e-01,1.116730421781539917e-01,1.102386564016342163e-01,1.120795011520385742e-01,1.210518702864646912e-01,4.990927577018737793e-01,1.863521486520767212e-01
1.215964406728744507e-01,1.670373529195785522e-01,3.429389894008636475e-01,3.965478539466857910e-01,3.991057574748992920e-01,3.922476172447204590e-01,3.551243245601654053e-01,2.362632900476455688e-01,1.929832994937896729e-01,1.712029874324798584e-01,1.709996610879898071e-01,1.846929043531417847e-01,2.052148580551147461e-01,2.307130247354507446e-01,2.603948116302490234e-01,3.160131573677062988e-01,4.248614311218261719e-01,7.578446865081787109e-01,8.853828310966491699e-01,9.005769491195678711e-01,9.351446628570556641e-01,1.000000000000000000e+00,5.035706162452697754e-01,1.785147637128829956e-01,1.084388121962547302e-01,8.022546768188476562e-02,7.139128446578979492e-02,6.352657079696655273e-02,6.352657079696655273e-02,6.352657079696655273e-02,6.594493240118026733e-02,7.077952474355697632e-02,8.445071429014205933e-02,9.147110581398010254e-02,1.031780019402503967e-01,2.174977213144302368e-01,3.690758943557739258e-01
5.285197496414184570e-01,6.961830258369445801e-01,1.000000000000000000e+00,5.697147250175476074e-01,3.965480923652648926e-01,3.257468640804290771e-01,2.837272882461547852e-01,2.573026418685913086e-01,2.462281733751296997e-01,2.439106255769729614e-01,1.031882688403129578e-01,6.506831198930740356e-02,5.080981180071830750e-02,4.544567689299583435e-02,4.189884662628173828e-02,4.078874364495277405e-02,4.064784944057464600e-02,4.064784944057464600e-02,4.064784944057464600e-02,4.064784944057464600e-02,4.078874364495277405e-02,4.189884662628173828e-02,4.544567689299583435e-02,5.080981180071830750e-02,6.506831198930740356e-02,1.031882688403129578e-01,2.472976297140121460e-01,2.465308755636215210e-01,2.408811450004577637e-01,2.461582720279693604e-01,2.610875070095062256e-01,2.819423377513885498e-01,3.227212131023406982e-01,3.685803711414337158e-01,4.254561364650726318e-01,1.000000000000000000e+00,1.000000000000000000e+00
4.653500914573669434e-01,9.112730622291564941e-01,1.000000000000000000e+00,9.955506920814514160e-01,5.556614398956298828e-01,4.340240061283111572e-01,3.285846412181854248e-01,2.902629971504211426e-01,2.683837413787841797e-01,2.606828808784484863e-01,2.602401673793792725e-01,2.689559757709503174e-01,3.050484359264373779e-01,3.691821992397308350e-01,4.784634113311767578e-01,7.460289597511291504e-01,8.888966441154479980e-01,8.752357363700866699e-01,8.752357363700866699e-01,8.888966441154479980e-01,9.234238862991333008e-01,9.843687415122985840e-01,9.915079474449157715e-01,6.294767260551452637e-01,4.464221894741058350e-01,3.383247256278991699e-01,2.789869606494903564e-01,2.541881203651428223e-01,2.431361675262451172e-01,2.477558106184005737e-01,2.544148266315460205e-01,2.740524411201477051e-01,2.939473390579223633e-01,3.332884907722473145e-01,3.842820227146148682e-01,5.892378687858581543e-01,5.884091258049011230e-01
1.188080087304115295e-01,1.190018206834793091e-01,1.211608722805976868e-01,1.154134944081306458e-01,1.129919588565826416e-01,1.156129986047744751e-01,1.176873818039894104e-01,1.184194236993789673e-01,1.192436441779136658e-01,1.162094548344612122e-01,1.178341507911682129e-01,1.045708805322647095e-01,1.034631058573722839e-01,1.080394536256790161e-01,1.101518645882606506e-01,1.154633983969688416e-01,1.450137197971343994e-01,2.256777733564376831e-01,8.908191919326782227e-01,9.060556292533874512e-01,9.414806962013244629e-01,1.000000000000000000e+00,3.446560800075531006e-01,1.670225262641906738e-01,1.244912445545196533e-01,1.111930236220359802e-01,1.086244657635688782e-01,1.124809160828590393e-01,1.223909631371498108e-01,1.277799159288406372e-01,1.065899133682250977e-01,1.002388149499893188e-01,1.002388149499893188e-01,1.021179184317588806e-01,1.111930236220359802e-01,4.458063840866088867e-01,1.873414367437362671e-01
3.132661581039428711e-01,3.228294551372528076e-01,3.570155501365661621e-01,3.927389681339263916e-01,3.873953223228454590e-01,3.708786666393280029e-01,3.085473477840423584e-01,1.832556277513504028e-01,1.570181250572204590e-01,1.532117575407028198e-01,1.559892296791076660e-01,1.683991104364395142e-01,1.863056570291519165e-01,1.977653801441192627e-01,2.300121784210205078e-01,3.071525096893310547e-01,4.308847188949584961e-01,8.939409852027893066e-01,8.937107920646667480e-01,9.083945751190185547e-01,9.444038867950439453e-01,1.000000000000000000e+00,4.143096208572387695e-01,2.021940052509307861e-01,1.344268023967742920e-01,1.029167398810386658e-01,8.892754465341567993e-02,7.902015745639801025e-02,7.776488363742828369e-02,7.947170734405517578e-02,8.396016806364059448e-02,8.678930997848510742e-02,9.505410492420196533e-02,1.099761500954627991e-01,1.344268023967742920e-01,2.662166059017181396e-01,3.664227128028869629e-01
4.179145395755767822e-01,5.207033753395080566e-01,7.206600308418273926e-01,1.000000000000000000e+00,6.180377602577209473e-01,4.150104820728302002e-01,3.227968811988830566e-01,2.844869196414947510e-01,2.541761398315429688e-01,2.457305341958999634e-01,9.056560695171356201e-02,5.646676197648048401e-02,4.510033130645751953e-02,4.006547480821609497e-02,3.707224503159523010e-02,3.662467747926712036e-02,3.647426515817642212e-02,3.647426515817642212e-02,3.647426515817642212e-02,3.647426515817642212e-02,3.662467747926712036e-02,3.707224503159523010e-02,4.006547480821609497e-02,4.510033130645751953e-02,5.646676197648048401e-02,9.056560695171356201e-02,2.599924802780151367e-01,2.445644438266754150e-01,2.343716621398925781e-01,2.363570034503936768e-01,2.438440769910812378e-01,2.567155957221984863e-01,2.758533656597137451e-01,3.062086701393127441e-01,3.494243323802947998e-01,1.000000000000000000e+00,1.000000000000000000e+00
4.087760150432586670e-01,5.573208928108215332e-01,9.523503780364990234e-01,9.865491986274719238e-01,9.272869825363159180e-01,5.115588307380676270e-01,3.964750468730926514e-01,3.100425004959106445e-01,2.757594883441925049e-01,2.533054649829864502e-01,2.436475902795791626e-01,2.583614289760589600e-01,2.870689928531646729e-01,3.265645802021026611e-01,3.642585873603820801e-01,4.788749814033508301e-01,6.778343915939331055e-01,8.000655174255371094e-01,8.000655174255371094e-01,8.124985098838806152e-01,8.431524634361267090e-01,9.002612829208374023e-01,1.000000000000000000e+00,8.695262670516967773e-01,5.350407958030700684e-01,3.848870694637298584e-01,3.092179894447326660e-01,2.803501784801483154e-01,2.557128667831420898e-01,2.497190237045288086e-01,2.559124529361724854e-01,2.672339379787445068e-01,2.845082283020019531e-01,3.081152141094207764e-01,3.501553237438201904e-01,6.072400808334350586e-01,5.994746088981628418e-01
1.185539141297340393e-01,1.167557016015052795e-01,1.156732365489006042e-01,1.168046593666076660e-01,1.177796795964241028e-01,1.171956434845924377e-01,1.173906400799751282e-01,1.326227784156799316e-01,1.320610940456390381e-01,1.318877786397933960e-01,1.294371038675308228e-01,1.238381192088127136e-01,1.171956434845924377e-01,1.173906400799751282e-01,1.276130080223083496e-01,1.376994550228118896e-01,1.616527438163757324e-01,2.584320604801177979e-01,4.333377480506896973e-01,8.993261456489562988e-01,9.347432255744934082e-01,1.000000000000000000e+00,6.348306536674499512e-01,1.853797137737274170e-01,1.315839439630508423e-01,1.214133426547050476e-01,1.183608323335647583e-01,1.187948286533355713e-01,1.326227784156799316e-01,1.426756829023361206e-01,1.394326239824295044e-01,1.258533746004104614e-01,1.187466830015182495e-01,1.167557016015052795e-01,1.167557016015052795e-01,4.744063317775726318e-01,2.044793814420700073e-01
3.857179284095764160e-01,3.935821056365966797e-01,3.873867988586425781e-01,3.686138093471527100e-01,3.309919536113739014e-01,1.167387366294860840e-01,9.520391374826431274e-02,8.279061317443847656e-02,7.630275934934616089e-02,7.630275934934616089e-02,7.502385228872299194e-02,7.724804431200027466e-02,8.131647855043411255e-02,8.807632327079772949e-02,1.003983691334724426e-01,1.239747107028961182e-01,1.511720716953277588e-01,1.823163628578186035e-01,2.812301516532897949e-01,8.096666336059570312e-01,8.407414555549621582e-01,8.981698751449584961e-01,1.000000000000000000e+00,6.525245308876037598e-01,3.862402439117431641e-01,2.649299800395965576e-01,2.088285982608795166e-01,1.821393519639968872e-01,1.795980632305145264e-01,1.749583780765533447e-01,1.875058859586715698e-01,2.007967382669448853e-01,2.353008836507797241e-01,3.670353293418884277e-01,3.840627968311309814e-01,2.599261105060577393e-01,3.836939036846160889e-01
4.324578642845153809e-01,5.533191561698913574e-01,1.000000000000000000e+00,9.783395528793334961e-01,5.615004897117614746e-01,3.768143355846405029e-01,2.900144457817077637e-01,2.545801997184753418e-01,2.365347594022750854e-01,2.346275746822357178e-01,2.422357648611068726e-01,2.563170492649078369e-01,2.806452214717864990e-01,2.446810305118560791e-01,2.203327566385269165e-01,2.067350000143051147e-01,2.000247091054916382e-01,1.977657526731491089e-01,1.977657526731491089e-01,2.000247091054916382e-01,2.067350000143051147e-01,2.158519923686981201e-01,2.399996966123580933e-01,2.821022868156433105e-01,3.343595266342163086e-01,2.951206564903259277e-01,2.615014016628265381e-01,2.301078736782073975e-01,2.203327566385269165e-01,2.231190055608749390e-01,2.298881113529205322e-01,2.427221685647964478e-01,2.697889804840087891e-01,3.052976131439208984e-01,3.564879000186920166e-01,1.000000000000000000e+00,1.000000000000000000e+00
3.660329878330230713e-01,6.787783503532409668e-01,8.280533552169799805e-01,7.862766981124877930e-01,7.207127809524536133e-01,3.661254346370697021e-01,3.056699335575103760e-01,2.629755437374114990e-01,2.197902649641036987e-01,2.051348984241485596e-01,1.984825134277343750e-01,1.997290551662445068e-01,2.166365832090377808e-01,2.524697482585906982e-01,2.900267541408538818e-01,3.449284434318542480e-01,5.276643037796020508e-01,8.560809493064880371e-01,8.560809493064880371e-01,8.701321482658386230e-01,9.043117761611938477e-01,9.603723287582397461e-01,1.000000000000000000e+00,6.136606931686401367e-01,3.973343074321746826e-01,2.995559275150299072e-01,2.470037043094635010e-01,2.189674675464630127e-01,2.081918865442276001e-01,2.029231339693069458e-01,2.116315364837646484e-01,2.204053550958633423e-01,2.400548905134201050e-01,2.703787982463836670e-01,3.084621727466583252e-01,6.403040289878845215e-01,5.528445839881896973e-01
1.585987806320190430e-01,1.461396813392639160e-01,1.353226900100708008e-01,1.344929933547973633e-01,1.322775781154632568e-01,1.290913522243499756e-01,1.360157281160354614e-01,1.334570050239562988e-01,1.295414566993713379e-01,1.258244663476943970e-01,1.211841702461242676e-01,1.120464131236076355e-01,1.101116538047790527e-01,1.143405809998512268e-01,1.186829507350921631e-01,1.300588548183441162e-01,1.582596451044082642e-01,2.795960903167724609e-01,4.073663055896759033e-01,9.026033282279968262e-01,9.388411641120910645e-01,1.000000000000000000e+00,4.444639682769775391e-01,1.724480986595153809e-01,1.298176646232604980e-01,1.162049546837806702e-01,1.137123331427574158e-01,1.117262840270996094e-01,1.110832467675209045e-01,1.103959232568740845e-01,1.121662333607673645e-01,1.131201758980751038e-01,1.165511980652809143e-01,1.306427866220474243e-01,1.549720466136932373e-01,5.508453845977783203e-01,1.368708163499832153e-01
3.836550116539001465e-01,4.951303601264953613e-01,9.469837546348571777e-01,1.000000000000000000e+00,6.925182938575744629e-01,4.714022874832153320e-01,3.492549359798431396e-01,2.840536832809448242e-01,2.637446820735931396e-01,2.402780950069427490e-01,2.420101314783096313e-01,2.591700851917266846e-01,2.912477254867553711e-01,3.059351742267608643e-01,2.767069637775421143e-01,2.591700851917266846e-01,2.514363527297973633e-01,2.483977526426315308e-01,2.483977526426315308e-01,2.514363527297973633e-01,2.591700851917266846e-01,2.767069637775421143e-01,3.059351742267608643e-01,3.605948686599731445e-01,4.639123082160949707e-01,3.920982182025909424e-01,3.093908131122589111e-01,2.684535086154937744e-01,2.474788874387741089e-01,2.415782958269119263e-01,2.434180974960327148e-01,2.492370605468750000e-01,2.689127922058105469e-01,2.976311147212982178e-01,3.359556198120117188e-01,1.000000000000000000e+00,8.111929297447204590e-01
3.777673840522766113e-01,5.875552892684936523e-01,6.345444917678833008e-01,6.313343644142150879e-01,6.152063012123107910e-01,3.400385975837707520e-01,2.625285983085632324e-01,2.240099459886550903e-01,2.078527808189392090e-01,1.975657194852828979e-01,1.833899319171905518e-01,1.849865466356277466e-01,1.995851844549179077e-01,2.198540121316909790e-01,2.280315607786178589e-01,2.967092096805572510e-01,3.473889231681823730e-01,5.247771143913269043e-01,7.970839738845825195e-01,8.102570772171020508e-01,8.404300808906555176e-01,8.972920179367065430e-01,1.000000000000000000e+00,7.851720452308654785e-01,4.024055600166320801e-01,2.708983421325683594e-01,2.275033742189407349e-01,1.981737166643142700e-01,1.873559653759002686e-01,1.879969835281372070e-01,1.974303573369979858e-01,1.986453235149383545e-01,2.220320254564285278e-01,2.420780658721923828e-01,2.950828969478607178e-01,6.832635402679443359e-01,5.003356933593750000e-01
1.256247162818908691e-01,1.258418709039688110e-01,1.275658160448074341e-01,1.297411471605300903e-01,1.263831257820129395e-01,1.263831257820129395e-01,1.338839530944824219e-01,1.404527127742767334e-01,1.522078663110733032e-01,1.485309153795242310e-01,1.332195252180099487e-01,1.219858452677726746e-01,1.211999133229255676e-01,1.282595545053482056e-01,1.312060058116912842e-01,1.620685458183288574e-01,2.142054140567779541e-01,3.305182754993438721e-01,4.511494636535644531e-01,8.992754220962524414e-01,9.348030090332031250e-01,1.000000000000000000e+00,4.409112632274627686e-01,1.973545104265213013e-01,1.388396620750427246e-01,1.228223294019699097e-01,1.224326789379119873e-01,1.297937482595443726e-01,1.402094960212707520e-01,1.494928896427154541e-01,1.263831257820129395e-01,1.210308372974395752e-01,1.223769113421440125e-01,1.262750625610351562e-01,1.258418709039688110e-01,6.093971133232116699e-01,2.466268986463546753e-01
8.304954320192337036e-02,1.123366877436637878e-01,1.481308788061141968e-01,2.309058755636215210e-01,1.000000000000000000e+00,7.930930852890014648e-01,5.901410579681396484e-01,4.912170171737670898e-01,4.338261187076568604e-01,4.199369847774505615e-01,1.555813848972320557e-01,9.700646251440048218e-02,7.477805763483047485e-02,6.505301594734191895e-02,5.946128815412521362e-02,5.693781003355979919e-02,5.607141926884651184e-02,5.607141926884651184e-02,5.607141926884651184e-02,5.607141926884651184e-02,5.693781003355979919e-02,5.946128815412521362e-02,6.344442814588546753e-02,6.678586453199386597e-02,5.946128815412521362e-02,5.645812302827835083e-02,5.607141926884651184e-02,5.607141926884651184e-02,5.760266259312629700e-02,5.900212004780769348e-02,6.063885241746902466e-02,6.081799417734146118e-02,6.505301594734191895e-02,7.104796171188354492e-02,7.521323859691619873e-02,2.995752096176147461e-01,1.000000000000000000e+00
5.303300619125366211e-01,7.500000000000000000e-01,1.000000000000000000e+00,5.584095716476440430e-01,3.995543420314788818e-01,3.297125995159149170e-01,2.826526761054992676e-01,2.535104155540466309e-01,2.425356209278106689e-01,2.458363622426986694e-01,8.746363222599029541e-02,5.873862653970718384e-02,4.590098559856414795e-02,4.050026461482048035e-02,3.834825009107589722e-02,3.760355338454246521e-02,3.760355338454246521e-02,3.760355338454246521e-02,3.760355338454246521e-02,3.760355338454246521e-02,3.760355338454246521e-02,3.834825009107589722e-02,4.050026461482048035e-02,4.590098559856414795e-02,5.873862653970718384e-02,8.746363222599029541e-02,2.458363622426986694e-01,2.504802942276000977e-01,2.523924112319946289e-01,2.566149830818176270e-01,2.738870978355407715e-01,2.994385659694671631e-01,3.312956094741821289e-01,3.710386455059051514e-01,4.377059936523437500e-01,1.000000000000000000e+00,1.000000000000000000e+00
5.068843960762023926e-01,9.515823125839233398e-01,1.000000000000000000e+00,9.668907523155212402e-01,5.173477530479431152e-01,4.250136911869049072e-01,3.335764706134796143e-01,2.712174654006958008e-01,2.580339908599853516e-01,2.566162049770355225e-01,2.588280737400054932e-01,2.778618931770324707e-01,3.038876056671142578e-01,3.684596121311187744e-01,4.817917644977569580e-01,6.909602880477905273e-01,8.649452328681945801e-01,8.518494963645935059e-01,8.515549898147583008e-01,8.649452328681945801e-01,8.969118595123291016e-01,9.574350714683532715e-01,9.692932367324829102e-01,6.571319103240966797e-01,4.651773869991302490e-01,3.472411632537841797e-01,2.903814911842346191e-01,2.588280737400054932e-01,2.476632893085479736e-01,2.512282729148864746e-01,2.531270980834960938e-01,2.742273807525634766e-01,2.991231381893157959e-01,3.438759148120880127e-01,4.052960276603698730e-01,5.909090638160705566e-01,6.313402056694030762e-01
1.341177225112915039e-01,1.289902925491333008e-01,1.184626594185829163e-01,1.180036216974258423e-01,1.197644844651222229e-01,1.282065212726593018e-01,1.260721385478973389e-01,1.304248869419097900e-01,1.405535787343978882e-01,1.419805437326431274e-01,1.396681815385818481e-01,1.373733431100845337e-01,1.308995932340621948e-01,1.308995932340621948e-01,1.365241259336471558e-01,1.603427976369857788e-01,2.082588225603103638e-01,3.640099167823791504e-01,9.464650750160217285e-01,9.622823596000671387e-01,1.000000000000000000e+00,9.802986979484558105e-01,2.007908225059509277e-01,1.378241181373596191e-01,1.215636208653450012e-01,1.184626594185829163e-01,1.236504316329956055e-01,1.344064623117446899e-01,1.456997841596603394e-01,1.452200710773468018e-01,1.205388307571411133e-01,1.182005703449249268e-01,1.180036216974258423e-01,1.184626594185829163e-01,1.328398287296295166e-01,5.036731958389282227e-01,2.638978958129882812e-01
4.403540790081024170e-01,4.168615639209747314e-01,4.116611778736114502e-01,3.830503225326538086e-01,1.685353666543960571e-01,1.133827045559883118e-01,9.091760218143463135e-02,8.574828505516052246e-02,8.574828505516052246e-02,8.710300922393798828e-02,8.763902634382247925e-02,9.345769137144088745e-02,9.798341244459152222e-02,1.163387969136238098e-01,1.316365450620651245e-01,1.645990461111068726e-01,1.867900639772415161e-01,3.895665407180786133e-01,8.866175413131713867e-01,9.015980362892150879e-01,9.365542531013488770e-01,1.000000000000000000e+00,8.358690142631530762e-01,4.436387717723846436e-01,2.943482697010040283e-01,2.288725078105926514e-01,1.935622394084930420e-01,1.784555613994598389e-01,1.731273233890533447e-01,1.734651327133178711e-01,1.884748637676239014e-01,2.032979428768157959e-01,3.311130702495574951e-01,4.037350416183471680e-01,4.025442898273468018e-01,2.561258971691131592e-01,4.373370707035064697e-01
5.235989689826965332e-01,9.493646621704101562e-01,1.000000000000000000e+00,5.301797389984130859e-01,3.890317380428314209e-01,3.225640058517456055e-01,2.727518379688262939e-01,2.437617331743240356e-01,2.354467362165451050e-01,2.430724948644638062e-01,1.374862939119338989e-01,8.824674040079116821e-02,6.657339632511138916e-02,5.852670967578887939e-02,5.444261804223060608e-02,5.287934467196464539e-02,5.234787985682487488e-02,5.234787985682487488e-02,5.234787985682487488e-02,5.234787985682487488e-02,5.287934467196464539e-02,5.444261804223060608e-02,5.852670967578887939e-02,6.657339632511138916e-02,8.824674040079116821e-02,1.374862939119338989e-01,2.430724948644638062e-01,2.448776215314865112e-01,2.445062249898910522e-01,2.478569447994232178e-01,2.643967270851135254e-01,2.864528298377990723e-01,3.210651576519012451e-01,3.689447641372680664e-01,4.352358877658843994e-01,1.000000000000000000e+00,1.000000000000000000e+00
5.117704272270202637e-01,9.893799424171447754e-01,1.000000000000000000e+00,9.416881799697875977e-01,4.848625957965850830e-01,3.851971626281738281e-01,3.041265308856964111e-01,2.604553401470184326e-01,2.465356290340423584e-01,2.457292228937149048e-01,2.514074742794036865e-01,2.644050419330596924e-01,3.028912544250488281e-01,3.623635470867156982e-01,4.738206267356872559e-01,6.585641503334045410e-01,8.714326620101928711e-01,8.576577901840209961e-01,8.576577901840209961e-01,8.714326620101928711e-01,9.030744433403015137e-01,9.653944969177246094e-01,9.345651865005493164e-01,6.088691353797912598e-01,4.395838379859924316e-01,3.270475864410400391e-01,2.789358794689178467e-01,2.528943121433258057e-01,2.406508773565292358e-01,2.414742410182952881e-01,2.443792968988418579e-01,2.656532227993011475e-01,2.851908206939697266e-01,3.234539330005645752e-01,3.920635581016540527e-01,5.757575631141662598e-01,6.285508871078491211e-01
1.388749331235885620e-01,1.263146549463272095e-01,1.182901710271835327e-01,1.182901710271835327e-01,1.207165718078613281e-01,1.200990900397300720e-01,1.204699575901031494e-01,1.241775900125503540e-01,1.271944940090179443e-01,1.311090737581253052e-01,1.268432885408401489e-01,1.241775900125503540e-01,1.227322146296501160e-01,1.200990900397300720e-01,1.251319050788879395e-01,1.449009478092193604e-01,1.758674681186676025e-01,3.411112427711486816e-01,9.462978243827819824e-01,9.619836807250976562e-01,1.000000000000000000e+00,8.944271802902221680e-01,1.966258138418197632e-01,1.542459726333618164e-01,1.362809240818023682e-01,1.338589340448379517e-01,1.363354772329330444e-01,1.473432630300521851e-01,1.431457549333572388e-01,1.229742914438247681e-01,1.227322146296501160e-01,1.273113489151000977e-01,1.311090737581253052e-01,1.403659582138061523e-01,1.428858190774917603e-01,4.996618032455444336e-01,2.484205961227416992e-01
4.499742686748504639e-01,4.181617200374603271e-01,4.119727909564971924e-01,3.706953227519989014e-01,1.649660021066665649e-01,1.043121591210365295e-01,8.899209648370742798e-02,8.272065967321395874e-02,8.052171021699905396e-02,8.052171021699905396e-02,8.107703924179077148e-02,8.538974821567535400e-02,9.590825438499450684e-02,1.105763688683509827e-01,1.288486719131469727e-01,1.568084061145782471e-01,2.023464143276214600e-01,4.477500617504119873e-01,8.870043754577636719e-01,9.011194109916687012e-01,9.361770153045654297e-01,1.000000000000000000e+00,7.405125498771667480e-01,3.905876576900482178e-01,2.541910707950592041e-01,1.988231837749481201e-01,1.752531379461288452e-01,1.654413193464279175e-01,1.652377843856811523e-01,1.642163097858428955e-01,1.777950078248977661e-01,2.093757390975952148e-01,3.495127260684967041e-01,3.780365288257598877e-01,4.080329835414886475e-01,2.727272808551788330e-01,4.304052591323852539e-01
3.340228796005249023e-01,4.292577207088470459e-01,1.000000000000000000e+00,8.959188461303710938e-01,5.555474162101745605e-01,4.122876226902008057e-01,3.234335184097290039e-01,2.754423320293426514e-01,2.426395118236541748e-01,4.161233454942703247e-02,1.889518648386001587e-02,1.742050237953662872e-02,1.690036989748477936e-02,1.690036989748477936e-02,1.690036989748477936e-02,1.690036989748477936e-02,1.690036989748477936e-02,1.690036989748477936e-02,1.690036989748477936e-02,1.690036989748477936e-02,1.690036989748477936e-02,1.690036989748477936e-02,1.690036989748477936e-02,1.690036989748477936e-02,1.742050237953662872e-02,1.889518648386001587e-02,4.161233454942703247e-02,2.254790514707565308e-01,2.116345316171646118e-01,2.072018980979919434e-01,2.092167437076568604e-01,2.205562889575958252e-01,2.324184775352478027e-01,2.538573741912841797e-01,2.875857353210449219e-01,1.000000000000000000e+00,1.000000000000000000e+00
3.267778456211090088e-01,2.619084417819976807e-01,2.487338632345199585e-01,2.234508395195007324e-01,2.008495330810546875e-01,1.856589913368225098e-01,1.830715090036392212e-01,1.800397634506225586e-01,1.835386157035827637e-01,1.737473011016845703e-01,1.716935634613037109e-01,1.688198298215866089e-01,1.731125414371490479e-01,1.959793567657470703e-01,2.112963199615478516e-01,2.747186124324798584e-01,3.562889397144317627e-01,5.467815399169921875e-01,8.864653706550598145e-01,9.011766314506530762e-01,9.353440403938293457e-01,1.000000000000000000e+00,2.945302128791809082e-01,2.325180321931838989e-01,2.079704403877258301e-01,1.920707225799560547e-01,1.830046921968460083e-01,1.727588921785354614e-01,1.720494031906127930e-01,1.792226284742355347e-01,1.819993406534194946e-01,2.008495330810546875e-01,2.301385849714279175e-01,2.878087460994720459e-01,3.693361878395080566e-01,7.168148159980773926e-01,4.950668513774871826e-01
8.681910037994384766e-01,1.000000000000000000e+00,8.870103359222412109e-01,7.793642878532409668e-01,5.262256860733032227e-01,3.683652579784393311e-01,2.816866934299468994e-01,2.470347434282302856e-01,2.278868556022644043e-01,2.219409644603729248e-01,2.219409644603729248e-01,2.271030694246292114e-01,2.471249550580978394e-01,2.694739997386932373e-01,3.092937767505645752e-01,4.190872311592102051e-01,5.165646672248840332e-01,6.145750284194946289e-01,6.145750284194946289e-01,6.234685778617858887e-01,6.460810899734497070e-01,6.897624731063842773e-01,7.638233900070190430e-01,7.633855938911437988e-01,4.120612740516662598e-01,2.947557270526885986e-01,2.271030694246292114e-01,2.091177105903625488e-01,2.061117589473724365e-01,2.095436155796051025e-01,2.317660599946975708e-01,2.711231708526611328e-01,3.106599450111389160e-01,4.074923396110534668e-01,6.432113647460937500e-01,6.710850596427917480e-01,7.295343875885009766e-01
3.344109654426574707e-01,4.173478186130523682e-01,1.000000000000000000e+00,8.363983631134033203e-01,5.588964819908142090e-01,4.246186614036560059e-01,2.944513559341430664e-01,2.488898187875747681e-01,2.249938696622848511e-01,2.167526930570602417e-01,2.207164764404296875e-01,2.339695841073989868e-01,2.595914900302886963e-01,2.482731789350509644e-01,2.242474704980850220e-01,2.104966342449188232e-01,2.035552561283111572e-01,2.012120634317398071e-01,2.012120634317398071e-01,2.027772068977355957e-01,2.075402885675430298e-01,2.201079577207565308e-01,2.439523488283157349e-01,2.846578061580657959e-01,3.809113502502441406e-01,3.499223589897155762e-01,2.818165719509124756e-01,2.380290329456329346e-01,2.228976637125015259e-01,2.189077436923980713e-01,2.144866883754730225e-01,2.231983393430709839e-01,2.408697158098220825e-01,2.692115902900695801e-01,3.012382388114929199e-01,1.000000000000000000e+00,7.619986534118652344e-01
1.932124495506286621e-01,1.936129778623580933e-01,1.842545717954635620e-01,1.701356619596481323e-01,1.551749259233474731e-01,1.473108828067779541e-01,1.398524194955825806e-01,1.417618691921234131e-01,1.421150267124176025e-01,1.449093371629714966e-01,1.522996872663497925e-01,1.620135605335235596e-01,1.805823445320129395e-01,1.990901678800582886e-01,2.262597680091857910e-01,3.088927567005157471e-01,4.708876013755798340e-01,5.939346551895141602e-01,9.828321933746337891e-01,1.000000000000000000e+00,3.374877572059631348e-01,2.019310593605041504e-01,1.604591012001037598e-01,1.376850455999374390e-01,1.340968757867813110e-01,1.385100185871124268e-01,1.420187950134277344e-01,1.339948922395706177e-01,1.328678578138351440e-01,1.440261155366897583e-01,1.708306521177291870e-01,2.095286697149276733e-01,2.074302583932876587e-01,1.984482407569885254e-01,1.940596699714660645e-01,6.843569874763488770e-01,1.615496426820755005e-01
8.995290398597717285e-01,8.787813186645507812e-01,7.528507709503173828e-01,5.859283804893493652e-01,3.695431053638458252e-01,2.933463156223297119e-01,2.434772104024887085e-01,2.141437977552413940e-01,2.020488083362579346e-01,2.008657008409500122e-01,1.988622397184371948e-01,1.991975456476211548e-01,2.018599808216094971e-01,2.164905220270156860e-01,2.471691220998764038e-01,2.838319838047027588e-01,3.908087015151977539e-01,6.226567029953002930e-01,8.000619411468505859e-01,8.135800361633300781e-01,8.451236486434936523e-01,8.985109925270080566e-01,1.000000000000000000e+00,9.197880625724792480e-01,4.394937157630920410e-01,2.796017527580261230e-01,2.226989269256591797e-01,2.022845894098281860e-01,1.875117123126983643e-01,1.853125393390655518e-01,1.976118236780166626e-01,2.244472950696945190e-01,2.636311352252960205e-01,3.535095751285552979e-01,8.917370438575744629e-01,6.487669944763183594e-01,4.128021597862243652e-01
4.075250327587127686e-01,3.317257761955261230e-01,2.698505818843841553e-01,1.879603862762451172e-01,1.232459396123886108e-01,7.968416064977645874e-02,6.455902010202407837e-02,5.992970615625381470e-02,5.774334445595741272e-02,5.774334445595741272e-02,5.809869244694709778e-02,6.195606663823127747e-02,6.495631486177444458e-02,7.712467759847640991e-02,9.434904158115386963e-02,1.205443292856216431e-01,1.859789043664932251e-01,2.869648635387420654e-01,3.981107473373413086e-01,8.166394233703613281e-01,8.491656184196472168e-01,9.040824770927429199e-01,1.000000000000000000e+00,3.643263876438140869e-01,2.281491458415985107e-01,1.952909529209136963e-01,1.828539222478866577e-01,1.819512099027633667e-01,1.918619722127914429e-01,2.135646194219589233e-01,3.039619624614715576e-01,3.524236679077148438e-01,4.620358645915985107e-01,4.606193304061889648e-01,4.488513171672821045e-01,2.598792910575866699e-01,2.150073647499084473e-01
1.089056730270385742e-01,1.361845433712005615e-01,1.725691556930541992e-01,2.763054668903350830e-01,1.000000000000000000e+00,7.603985667228698730e-01,5.912069678306579590e-01,4.845297038555145264e-01,4.427808523178100586e-01,4.220868647098541260e-01,1.194915771484375000e-01,6.787541508674621582e-02,5.772204697132110596e-02,4.984107986092567444e-02,4.551197215914726257e-02,4.419726878404617310e-02,4.344026744365692139e-02,4.344026744365692139e-02,4.344026744365692139e-02,4.344026744365692139e-02,4.419726878404617310e-02,4.551197215914726257e-02,4.984107986092567444e-02,5.271608754992485046e-02,4.894565790891647339e-02,4.647359997034072876e-02,4.615528136491775513e-02,4.615528136491775513e-02,4.741572588682174683e-02,5.101053044199943542e-02,5.979203805327415466e-02,7.126595079898834229e-02,8.149573951959609985e-02,9.025133401155471802e-02,1.001248657703399658e-01,2.391894459724426270e-01,1.000000000000000000e+00
3.780569434165954590e-01,4.741696417331695557e-01,1.000000000000000000e+00,7.996940612792968750e-01,5.439071059226989746e-01,3.614456951618194580e-01,2.835374176502227783e-01,2.462190091609954834e-01,2.313276380300521851e-01,2.292648702859878540e-01,2.366796880960464478e-01,2.577028274536132812e-01,2.927302122116088867e-01,2.614737451076507568e-01,2.355212271213531494e-01,2.204732298851013184e-01,2.133949995040893555e-01,2.107476890087127686e-01,2.107476890087127686e-01,2.133949995040893555e-01,2.175152003765106201e-01,2.313691228628158569e-01,2.571436166763305664e-01,3.046819567680358887e-01,3.117962181568145752e-01,2.855610251426696777e-01,2.757818996906280518e-01,2.557777762413024902e-01,2.249546796083450317e-01,2.216886878013610840e-01,2.278161346912384033e-01,2.373275756835937500e-01,2.577214539051055908e-01,2.860814630985260010e-01,3.167887032032012939e-01,1.000000000000000000e+00,1.000000000000000000e+00
2.063918560743331909e-01,1.946303397417068481e-01,1.658890247344970703e-01,1.538354009389877319e-01,1.410449296236038208e-01,1.378332376480102539e-01,1.303888112306594849e-01,1.320482790470123291e-01,1.305462568998336792e-01,1.318614631891250610e-01,1.355791985988616943e-01,1.423208415508270264e-01,1.508689820766448975e-01,1.666550189256668091e-01,1.981242746114730835e-01,2.507210373878479004e-01,4.318708181381225586e-01,5.208694338798522949e-01,9.475293159484863281e-01,9.641383290290832520e-01,1.000000000000000000e+00,2.045120745897293091e-01,1.564045846462249756e-01,1.405780762434005737e-01,1.333794742822647095e-01,1.293447911739349365e-01,1.292812526226043701e-01,1.305462568998336792e-01,1.342086046934127808e-01,1.495011448860168457e-01,1.844644546508789062e-01,1.927211135625839233e-01,1.852423548698425293e-01,1.812967658042907715e-01,1.922942548990249634e-01,6.271600723266601562e-01,2.709415256977081299e-01
8.619710803031921387e-01,8.323243856430053711e-01,7.312983870506286621e-01,5.743505358695983887e-01,3.334722518920898438e-01,2.586217224597930908e-01,2.257635295391082764e-01,2.053253948688507080e-01,1.997592151165008545e-01,2.002329230308532715e-01,1.956380605697631836e-01,1.851897537708282471e-01,1.889876127243041992e-01,1.973736584186553955e-01,2.270189523696899414e-01,2.789247930049896240e-01,3.674003779888153076e-01,8.386517167091369629e-01,8.542760610580444336e-01,8.682351112365722656e-01,9.030541181564331055e-01,9.599478840827941895e-01,1.000000000000000000e+00,7.134092450141906738e-01,4.186475276947021484e-01,2.829378247261047363e-01,2.263502627611160278e-01,1.974216550588607788e-01,1.891880184412002563e-01,1.897879838943481445e-01,1.969892978668212891e-01,2.176444828510284424e-01,2.491815388202667236e-01,3.661605715751647949e-01,8.353579640388488770e-01,6.197966337203979492e-01,5.258850455284118652e-01
5.645933747291564941e-01,4.423484802246093750e-01,3.511090874671936035e-01,2.978878915309906006e-01,2.747395932674407959e-01,2.853341996669769287e-01,3.244439959526062012e-01,3.109827041625976562e-01,2.927085161209106445e-01,2.898643612861633301e-01,2.993816733360290527e-01,3.265324234962463379e-01,3.354532122611999512e-01,2.830419242382049561e-01,2.558147907257080078e-01,2.404330521821975708e-01,2.326195389032363892e-01,2.295862436294555664e-01,2.295862436294555664e-01,2.326195389032363892e-01,2.404330521821975708e-01,2.558147907257080078e-01,2.799985110759735107e-01,2.780189812183380127e-01,2.736549973487854004e-01,2.820394635200500488e-01,3.063025474548339844e-01,3.496540188789367676e-01,3.766588568687438965e-01,4.227201342582702637e-01,5.002937912940979004e-01,6.116797327995300293e-01,7.054475545883178711e-01,9.563053846359252930e-01,1.000000000000000000e+00,1.000000000000000000e+00,1.000000000000000000e+00
5.388484597206115723e-01,5.505390167236328125e-01,4.102711379528045654e-01,3.071605563163757324e-01,2.567771673202514648e-01,2.286307960748672485e-01,2.117457687854766846e-01,2.047791779041290283e-01,2.123160064220428467e-01,2.334280759096145630e-01,2.732765972614288330e-01,3.332762420177459717e-01,4.431397020816802979e-01,8.490029573440551758e-01,1.000000000000000000e+00,9.355341792106628418e-01,9.006351232528686523e-01,8.857107758522033691e-01,8.242422938346862793e-01,6.948098540306091309e-01,6.068791151046752930e-01,4.526997208595275879e-01,3.534928262233734131e-01,2.937467396259307861e-01,2.569732666015625000e-01,2.351911216974258423e-01,2.244500666856765747e-01,2.079527229070663452e-01,2.047791779041290283e-01,2.079527229070663452e-01,2.285426408052444458e-01,2.442280799150466919e-01,2.770481407642364502e-01,4.614073336124420166e-01,5.056456923484802246e-01,6.379965543746948242e-01,5.598866939544677734e-01
9.951076656579971313e-02,1.157081797719001770e-01,1.440952122211456299e-01,1.314436793327331543e-01,1.201423332095146179e-01,1.097158193588256836e-01,1.035872325301170349e-01,9.707248955965042114e-02,9.451375901699066162e-02,9.571634978055953979e-02,9.774350374937057495e-02,1.048935577273368835e-01,1.227880716323852539e-01,1.682963818311691284e-01,3.107616901397705078e-01,1.000000000000000000e+00,9.618864059448242188e-01,9.456273317337036133e-01,8.609411716461181641e-01,7.303126454353332520e-01,4.566363096237182617e-01,2.428326755762100220e-01,1.261143684387207031e-01,1.036398038268089294e-01,9.451375901699066162e-02,9.063038229942321777e-02,8.966362476348876953e-02,9.594370424747467041e-02,1.043729856610298157e-01,1.099142208695411682e-01,9.639680385589599609e-02,8.414819091558456421e-02,8.414819091558456421e-02,8.460008352994918823e-02,8.807002753019332886e-02,3.647448122501373291e-01,4.002162814140319824e-01
2.963830828666687012e-01,2.705905139446258545e-01,2.332212477922439575e-01,2.222236245870590210e-01,2.059399783611297607e-01,2.068545967340469360e-01,2.004902064800262451e-01,1.956614702939987183e-01,1.910401731729507446e-01,1.906445175409317017e-01,1.948235183954238892e-01,2.109511196613311768e-01,2.358505278825759888e-01,2.808153927326202393e-01,3.579312562942504883e-01,5.068123936653137207e-01,5.452123284339904785e-01,4.970843791961669922e-01,3.784065842628479004e-01,3.212422430515289307e-01,2.767071127891540527e-01,2.409186214208602905e-01,2.166606932878494263e-01,2.006784379482269287e-01,1.885202825069427490e-01,1.850163787603378296e-01,1.862367242574691772e-01,1.966879069805145264e-01,2.126149982213973999e-01,2.547312080860137939e-01,3.299390971660614014e-01,5.038987398147583008e-01,7.495446801185607910e-01,1.000000000000000000e+00,3.983669281005859375e-01,1.000000000000000000e+00,8.234990835189819336e-01
2.313536852598190308e-01,1.919119358062744141e-01,1.601885706186294556e-01,1.479418575763702393e-01,1.364786177873611450e-01,1.287384331226348877e-01,1.287384331226348877e-01,1.328923553228378296e-01,1.359245032072067261e-01,1.539419144392013550e-01,1.734880805015563965e-01,2.555940151214599609e-01,4.685424864292144775e-01,5.733450055122375488e-01,7.237637639045715332e-01,1.000000000000000000e+00,8.944271802902221680e-01,5.938044786453247070e-01,3.871131539344787598e-01,2.626425921916961670e-01,1.941794604063034058e-01,1.615958213806152344e-01,1.476354449987411499e-01,1.341359466314315796e-01,1.302537471055984497e-01,1.268485933542251587e-01,1.274421811103820801e-01,1.374704092741012573e-01,1.547243446111679077e-01,1.846976131200790405e-01,2.487705647945404053e-01,3.417601585388183594e-01,4.226421713829040527e-01,5.005053877830505371e-01,7.235342860221862793e-01,6.487547755241394043e-01,6.337291002273559570e-01
4.481282234191894531e-01,3.980794548988342285e-01,3.020582497119903564e-01,1.916843503713607788e-01,1.454926431179046631e-01,1.198087707161903381e-01,1.038504689931869507e-01,9.450279921293258667e-02,9.049376845359802246e-02,9.040835499763488770e-02,9.176540374755859375e-02,9.858391433954238892e-02,1.156082451343536377e-01,1.306657791137695312e-01,1.558996438980102539e-01,1.506578028202056885e-01,1.467614918947219849e-01,1.415633112192153931e-01,1.415633112192153931e-01,1.268862634897232056e-01,1.090043708682060242e-01,9.920886158943176270e-02,8.894380927085876465e-02,8.894380927085876465e-02,8.789531886577606201e-02,8.701192587614059448e-02,9.176540374755859375e-02,1.064223200082778931e-01,1.280378699302673340e-01,1.746000200510025024e-01,2.529492378234863281e-01,3.609919846057891846e-01,6.435474157333374023e-01,1.000000000000000000e+00,5.499887466430664062e-01,6.138716340065002441e-01,1.000000000000000000e+00
1.205400973558425903e-01,1.295125633478164673e-01,1.405878961086273193e-01,1.881647706031799316e-01,1.710950136184692383e-01,1.474135965108871460e-01,1.261697411537170410e-01,1.054092571139335632e-01,9.718253463506698608e-02,9.348431229591369629e-02,9.348431229591369629e-02,9.957173466682434082e-02,1.064179763197898865e-01,1.176696792244911194e-01,1.333333402872085571e-01,1.633647233247756958e-01,1.974733620882034302e-01,1.000000000000000000e+00,5.708368420600891113e-01,4.182023108005523682e-01,3.296268284320831299e-01,1.666666716337203979e-01,1.176696792244911194e-01,1.064179763197898865e-01,9.529531002044677734e-02,9.348431229591369629e-02,9.348431229591369629e-02,9.718253463506698608e-02,9.957173466682434082e-02,1.033622771501541138e-01,1.079133898019790649e-01,1.064179763197898865e-01,1.075166463851928711e-01,1.098756119608879089e-01,1.143543720245361328e-01,5.641025900840759277e-01,4.677297174930572510e-01
3.622086048126220703e-01,3.941953480243682861e-01,4.253502488136291504e-01,2.525767087936401367e-01,1.346732378005981445e-01,1.010049283504486084e-01,8.675288408994674683e-02,8.053211867809295654e-02,7.866445183753967285e-02,8.190491795539855957e-02,8.718024194240570068e-02,1.024661958217620850e-01,1.508774906396865845e-01,5.635434985160827637e-01,7.202237248420715332e-01,1.000000000000000000e+00,8.158780336380004883e-01,3.406611680984497070e-01,2.170855998992919922e-01,1.610642373561859131e-01,1.253097206354141235e-01,1.112483367323875427e-01,9.754193574190139771e-02,8.970163017511367798e-02,8.675288408994674683e-02,8.291961252689361572e-02,8.291961252689361572e-02,8.621570467948913574e-02,8.886911720037460327e-02,9.639208763837814331e-02,1.070776879787445068e-01,1.192304342985153198e-01,1.272959709167480469e-01,1.513693481683731079e-01,3.104064762592315674e-01,5.128205418586730957e-01,5.159950852394104004e-01
3.931242525577545166e-01,3.352846205234527588e-01,3.104899823665618896e-01,2.789690494537353516e-01,2.553059458732604980e-01,2.451749294996261597e-01,2.418875247240066528e-01,2.413352727890014648e-01,2.412661463022232056e-01,2.483516931533813477e-01,2.549791038036346436e-01,2.686750292778015137e-01,3.084960281848907471e-01,3.727401494979858398e-01,3.461520075798034668e-01,3.252859115600585938e-01,3.152875304222106934e-01,3.119370043277740479e-01,3.119370043277740479e-01,3.152875304222106934e-01,2.950093150138854980e-01,2.595818638801574707e-01,2.494239211082458496e-01,2.345357239246368408e-01,2.299393564462661743e-01,2.284840196371078491e-01,2.379247397184371948e-01,2.615023553371429443e-01,3.014962673187255859e-01,3.557051122188568115e-01,4.451726377010345459e-01,6.217315793037414551e-01,1.000000000000000000e+00,8.404867649078369141e-01,4.815981388092041016e-01,1.000000000000000000e+00,1.000000000000000000e+00
3.614558875560760498e-01,2.805403172969818115e-01,2.284092903137207031e-01,2.006109952926635742e-01,1.899756938219070435e-01,1.754292249679565430e-01,1.686794012784957886e-01,1.707846969366073608e-01,1.818059980869293213e-01,2.072907388210296631e-01,2.595332562923431396e-01,3.885533809661865234e-01,6.221235394477844238e-01,7.735638022422790527e-01,9.475479125976562500e-01,8.876497745513916016e-01,8.560132384300231934e-01,7.022577524185180664e-01,5.373324155807495117e-01,4.133405983448028564e-01,3.141871988773345947e-01,2.558062672615051270e-01,2.127144932746887207e-01,1.872523128986358643e-01,1.793323308229446411e-01,1.718276590108871460e-01,1.737663596868515015e-01,1.742797046899795532e-01,1.965623795986175537e-01,2.338207513093948364e-01,3.026002347469329834e-01,4.157111942768096924e-01,6.307157874107360840e-01,7.272239923477172852e-01,1.000000000000000000e+00,6.173509955406188965e-01,7.631812691688537598e-01
1.553694009780883789e-01,1.553694009780883789e-01,1.568073034286499023e-01,3.083218336105346680e-01,2.613984942436218262e-01,2.152537256479263306e-01,1.865823417901992798e-01,1.610439717769622803e-01,1.555298268795013428e-01,1.428250819444656372e-01,1.428250819444656372e-01,1.429995745420455933e-01,1.527797281742095947e-01,1.748529821634292603e-01,1.880467981100082397e-01,2.052915990352630615e-01,2.367696166038513184e-01,2.996256947517395020e-01,1.000000000000000000e+00,6.902961134910583496e-01,5.258883833885192871e-01,4.154737591743469238e-01,2.147898077964782715e-01,1.765561401844024658e-01,1.613533794879913330e-01,1.579166054725646973e-01,1.553694009780883789e-01,1.509735584259033203e-01,1.429995745420455933e-01,1.412449032068252563e-01,1.449051648378372192e-01,1.501453965902328491e-01,1.548871397972106934e-01,1.548871397972106934e-01,1.553694009780883789e-01,5.030267238616943359e-01,5.049232840538024902e-01
5.157592892646789551e-01,5.346621274948120117e-01,1.717188358306884766e-01,1.312600672245025635e-01,1.090457513928413391e-01,1.054910942912101746e-01,9.985160827636718750e-02,9.770708531141281128e-02,9.928426146507263184e-02,1.068214252591133118e-01,1.240697652101516724e-01,1.500364840030670166e-01,1.977132409811019897e-01,7.287933230400085449e-01,9.782409071922302246e-01,1.000000000000000000e+00,9.568873643875122070e-01,6.436111330986022949e-01,3.421605825424194336e-01,2.270383089780807495e-01,1.711421906948089600e-01,1.445717960596084595e-01,1.277707964181900024e-01,1.105889305472373962e-01,1.026412919163703918e-01,1.026412919163703918e-01,1.031901836395263672e-01,1.117323264479637146e-01,1.211907193064689636e-01,1.450593918561935425e-01,1.769837886095046997e-01,2.158132046461105347e-01,2.354058176279067993e-01,2.706256508827209473e-01,4.578243792057037354e-01,4.810006916522979736e-01,6.111006140708923340e-01
5.187078714370727539e-01,6.481680870056152344e-01,9.856397509574890137e-01,1.000000000000000000e+00,5.877661705017089844e-01,4.235546588897705078e-01,3.583077788352966309e-01,3.254300057888031006e-01,3.191055655479431152e-01,3.308194279670715332e-01,3.469749987125396729e-01,3.878718912601470947e-01,4.047870337963104248e-01,3.424535691738128662e-01,3.078874647617340088e-01,2.898695766925811768e-01,2.807295322418212891e-01,2.771838009357452393e-01,2.771838009357452393e-01,2.807295322418212891e-01,2.898695766925811768e-01,3.038698732852935791e-01,3.362116515636444092e-01,3.984684348106384277e-01,5.119610428810119629e-01,4.587053954601287842e-01,3.845346868038177490e-01,3.437639474868774414e-01,3.259514868259429932e-01,3.164961934089660645e-01,3.224072754383087158e-01,3.336162865161895752e-01,3.578613400459289551e-01,3.887980878353118896e-01,4.438723623752593994e-01,1.000000000000000000e+00,1.000000000000000000e+00
2.805612385272979736e-01,3.487885296344757080e-01,4.811791181564331055e-01,4.695235192775726318e-01,4.405850768089294434e-01,4.151969850063323975e-01,2.357605546712875366e-01,1.927202790975570679e-01,1.651276797056198120e-01,1.559449136257171631e-01,1.564516425132751465e-01,1.671524047851562500e-01,1.841622740030288696e-01,2.017004340887069702e-01,2.221040129661560059e-01,2.990642488002777100e-01,6.711646914482116699e-01,8.016964793205261230e-01,8.016964793205261230e-01,8.148550391197204590e-01,8.468633294105529785e-01,8.993625044822692871e-01,1.000000000000000000e+00,6.532964110374450684e-01,3.362523913383483887e-01,2.330593019723892212e-01,1.912774294614791870e-01,1.640456467866897583e-01,1.551817208528518677e-01,1.518302261829376221e-01,1.572715938091278076e-01,1.619210094213485718e-01,1.850198507308959961e-01,2.124505788087844849e-01,2.442929595708847046e-01,4.965597391128540039e-01,5.751913189888000488e-01
1.455255448818206787e-01,1.274329870939254761e-01,1.179876476526260376e-01,1.065412536263465881e-01,1.008930057287216187e-01,1.005177050828933716e-01,1.004550233483314514e-01,1.017014086246490479e-01,1.111705899238586426e-01,1.135809198021888733e-01,1.134144142270088196e-01,1.093423739075660706e-01,1.054119095206260681e-01,1.055313572287559509e-01,1.102602705359458923e-01,1.207319125533103943e-01,1.336104124784469604e-01,1.822680085897445679e-01,3.373614251613616943e-01,8.819750547409057617e-01,9.171002507209777832e-01,9.765053987503051758e-01,1.000000000000000000e+00,3.503856658935546875e-01,2.111223936080932617e-01,1.601563990116119385e-01,1.278278231620788574e-01,1.102031245827674866e-01,1.048126369714736938e-01,1.023804545402526855e-01,1.081840544939041138e-01,1.186265721917152405e-01,1.286138594150543213e-01,1.391981840133666992e-01,1.462164819240570068e-01,4.043879210948944092e-01,3.262571394443511963e-01
4.871319532394409180e-01,6.076458096504211426e-01,9.863687753677368164e-01,1.000000000000000000e+00,5.472716689109802246e-01,4.238044619560241699e-01,3.486284315586090088e-01,3.215380907058715820e-01,3.045205771923065186e-01,3.038656711578369141e-01,3.139598965644836426e-01,3.704549968242645264e-01,3.503385782241821289e-01,2.980519831180572510e-01,2.680633366107940674e-01,2.527630031108856201e-01,2.442939132452011108e-01,2.414407432079315186e-01,2.414407432079315186e-01,2.442939132452011108e-01,2.527630031108856201e-01,2.680633366107940674e-01,2.922412455081939697e-01,3.444542884826660156e-01,4.487796723842620850e-01,4.099456369876861572e-01,3.622029721736907959e-01,3.191858530044555664e-01,2.979648113250732422e-01,2.943675220012664795e-01,2.972663044929504395e-01,3.106316030025482178e-01,3.332062661647796631e-01,3.659855723381042480e-01,4.173998236656188965e-01,1.000000000000000000e+00,1.000000000000000000e+00
2.888779342174530029e-01,4.142716228961944580e-01,5.620939135551452637e-01,5.346457958221435547e-01,5.170730352401733398e-01,4.469367563724517822e-01,2.388726472854614258e-01,1.897872984409332275e-01,1.750082075595855713e-01,1.619336009025573730e-01,1.579330116510391235e-01,1.618688255548477173e-01,1.767970919609069824e-01,2.141445726156234741e-01,2.592556476593017578e-01,3.325912952423095703e-01,6.254914999008178711e-01,8.071638941764831543e-01,8.071638941764831543e-01,8.201581239700317383e-01,8.516660928726196289e-01,9.055433869361877441e-01,1.000000000000000000e+00,6.761615276336669922e-01,3.667000830173492432e-01,2.499449253082275391e-01,2.061078250408172607e-01,1.788615137338638306e-01,1.659641712903976440e-01,1.639932543039321899e-01,1.684109568595886230e-01,1.695283204317092896e-01,1.864417791366577148e-01,1.999601423740386963e-01,2.470323592424392700e-01,5.196622610092163086e-01,5.825477838516235352e-01
1.451730281114578247e-01,1.364496797323226929e-01,1.240006983280181885e-01,1.169623062014579773e-01,1.165885329246520996e-01,1.173880100250244141e-01,1.152978464961051941e-01,1.200664043426513672e-01,1.191279664635658264e-01,1.167488694190979004e-01,1.164815276861190796e-01,1.096999049186706543e-01,1.108871102333068848e-01,1.149729117751121521e-01,1.175472512841224670e-01,1.280089318752288818e-01,1.430965512990951538e-01,1.778349876403808594e-01,3.003529310226440430e-01,9.031047224998474121e-01,9.381076097488403320e-01,1.000000000000000000e+00,9.772697687149047852e-01,2.912038266658782959e-01,1.895129233598709106e-01,1.336797773838043213e-01,1.165885329246520996e-01,1.087866798043251038e-01,1.062348186969757080e-01,1.108308658003807068e-01,1.173880100250244141e-01,1.207912638783454895e-01,1.358543187379837036e-01,1.430093795061111450e-01,1.516843587160110474e-01,4.587231874465942383e-01,3.053534924983978271e-01
4.513133764266967773e-01,5.530099868774414062e-01,8.356340527534484863e-01,1.000000000000000000e+00,5.984139442443847656e-01,4.118104875087738037e-01,3.401132822036743164e-01,3.077086508274078369e-01,2.894558608531951904e-01,2.953237891197204590e-01,3.223129212856292725e-01,3.558711111545562744e-01,3.510167896747589111e-01,2.994247376918792725e-01,2.696289122104644775e-01,2.529888749122619629e-01,2.447772324085235596e-01,2.420128583908081055e-01,2.420128583908081055e-01,2.447772324085235596e-01,2.529888749122619629e-01,2.659543454647064209e-01,2.936960458755493164e-01,3.452184498310089111e-01,4.238872528076171875e-01,3.859823048114776611e-01,3.569094538688659668e-01,3.105111122131347656e-01,2.881745696067810059e-01,2.855947017669677734e-01,2.842072546482086182e-01,2.936960458755493164e-01,3.118085265159606934e-01,3.437535762786865234e-01,3.863525390625000000e-01,1.000000000000000000e+00,1.000000000000000000e+00
3.045650124549865723e-01,3.986130952835083008e-01,5.713439583778381348e-01,5.670316815376281738e-01,5.446664094924926758e-01,4.759109914302825928e-01,2.277103662490844727e-01,1.910174489021301270e-01,1.761425584554672241e-01,1.629832237958908081e-01,1.589566916227340698e-01,1.649274230003356934e-01,1.843944638967514038e-01,2.055915594100952148e-01,2.238039076328277588e-01,2.953910529613494873e-01,4.930828213691711426e-01,8.031882047653198242e-01,8.031882047653198242e-01,8.164141774177551270e-01,8.484650254249572754e-01,9.011070728302001953e-01,1.000000000000000000e+00,7.295387983322143555e-01,3.793834745883941650e-01,2.515650093555450439e-01,2.028339058160781860e-01,1.766846328973770142e-01,1.670399159193038940e-01,1.636987775564193726e-01,1.695025414228439331e-01,1.706271618604660034e-01,1.876502484083175659e-01,2.012562304735183716e-01,2.622359097003936768e-01,5.332824587821960449e-01,5.908488631248474121e-01
1.513765454292297363e-01,1.401537656784057617e-01,1.269292831420898438e-01,1.213894858956336975e-01,1.154772117733955383e-01,1.146154254674911499e-01,1.172346323728561401e-01,1.180773004889488220e-01,1.180773004889488220e-01,1.196930855512619019e-01,1.180248036980628967e-01,1.191222518682479858e-01,1.146154254674911499e-01,1.170230135321617126e-01,1.220512911677360535e-01,1.276109218597412109e-01,1.426516175270080566e-01,1.668008714914321899e-01,2.746802568435668945e-01,9.037520885467529297e-01,9.396724104881286621e-01,1.000000000000000000e+00,9.841285943984985352e-01,3.051586747169494629e-01,2.015247344970703125e-01,1.367070227861404419e-01,1.232134699821472168e-01,1.093021407723426819e-01,1.104862540960311890e-01,1.135289967060089111e-01,1.146154254674911499e-01,1.226084902882575989e-01,1.306816935539245605e-01,1.392667144536972046e-01,1.498956531286239624e-01,4.829222559928894043e-01,3.025054335594177246e-01
4.479735791683197021e-01,5.644739866256713867e-01,8.474482893943786621e-01,1.000000000000000000e+00,5.740944743156433105e-01,4.164939820766448975e-01,3.546995222568511963e-01,3.154264092445373535e-01,2.972561120986938477e-01,2.945333421230316162e-01,3.131478130817413330e-01,3.645208477973937988e-01,3.767290413379669189e-01,3.179703354835510254e-01,2.868912816047668457e-01,2.705104351043701172e-01,2.613295912742614746e-01,2.582283020019531250e-01,2.582283020019531250e-01,2.613295912742614746e-01,2.705104351043701172e-01,2.832659184932708740e-01,3.147031962871551514e-01,3.710263073444366455e-01,3.789904117584228516e-01,3.464120328426361084e-01,3.349461555480957031e-01,3.212295472621917725e-01,2.959116101264953613e-01,2.873164415359497070e-01,2.938417792320251465e-01,3.034338057041168213e-01,3.247568905353546143e-01,3.547454178333282471e-01,3.886585831642150879e-01,1.000000000000000000e+00,1.000000000000000000e+00
3.187790215015411377e-01,4.236215054988861084e-01,6.012308001518249512e-01,6.070311069488525391e-01,5.843677520751953125e-01,5.300294756889343262e-01,2.487457990646362305e-01,2.122493833303451538e-01,1.818607300519943237e-01,1.763667911291122437e-01,1.758898496627807617e-01,1.840906143188476562e-01,1.882164031267166138e-01,2.083116322755813599e-01,2.555046081542968750e-01,3.557485938072204590e-01,5.941431522369384766e-01,8.878285288810729980e-01,8.878285288810729980e-01,9.022419452667236328e-01,9.373127222061157227e-01,9.971157312393188477e-01,1.000000000000000000e+00,8.167365789413452148e-01,4.207506179809570312e-01,2.721083760261535645e-01,2.204584926366806030e-01,1.913150846958160400e-01,1.752747297286987305e-01,1.756167262792587280e-01,1.767066717147827148e-01,1.813320517539978027e-01,1.951038837432861328e-01,2.138827443122863770e-01,2.450028657913208008e-01,5.000000000000000000e-01,5.860823392868041992e-01
1.437774449586868286e-01,1.396426707506179810e-01,1.234278529882431030e-01,1.209825426340103149e-01,1.192262545228004456e-01,1.137948557734489441e-01,1.140006333589553833e-01,1.158361807465553284e-01,1.170939430594444275e-01,1.198145449161529541e-01,1.169938147068023682e-01,1.178918629884719849e-01,1.113484874367713928e-01,1.091696619987487793e-01,1.139492243528366089e-01,1.195697709918022156e-01,1.288624554872512817e-01,1.520179808139801025e-01,2.259619235992431641e-01,9.029980897903442383e-01,9.386324286460876465e-01,1.000000000000000000e+00,9.254366755485534668e-01,3.138414919376373291e-01,1.913667619228363037e-01,1.436959207057952881e-01,1.198145449161529541e-01,1.129161193966865540e-01,1.071653887629508972e-01,1.074384152889251709e-01,1.113484874367713928e-01,1.144110783934593201e-01,1.256858706474304199e-01,1.354249417781829834e-01,1.441437602043151855e-01,4.591578245162963867e-01,2.960545718669891357e-01
4.644255936145782471e-01,5.622399449348449707e-01,8.140692710876464844e-01,1.000000000000000000e+00,5.882628560066223145e-01,4.340136945247650146e-01,3.633861243724822998e-01,3.251414895057678223e-01,3.099308013916015625e-01,3.069948852062225342e-01,3.216229677200317383e-01,3.730971813201904297e-01,4.036499261856079102e-01,3.407637774944305420e-01,3.079263567924499512e-01,2.886997163295745850e-01,2.787975370883941650e-01,2.755300998687744141e-01,2.755300998687744141e-01,2.787975370883941650e-01,2.849486172199249268e-01,3.026527464389801025e-01,3.352679610252380371e-01,3.980889916419982910e-01,3.872073888778686523e-01,3.540647625923156738e-01,3.384618163108825684e-01,3.171394467353820801e-01,2.973897159099578857e-01,2.919523119926452637e-01,3.004710078239440918e-01,3.101055622100830078e-01,3.167242705821990967e-01,3.509026169776916504e-01,4.029782116413116455e-01,1.000000000000000000e+00,1.000000000000000000e+00
2.832030951976776123e-01,3.713568449020385742e-01,5.698868632316589355e-01,5.653210282325744629e-01,5.404726862907409668e-01,4.774690568447113037e-01,2.480985075235366821e-01,1.976653933525085449e-01,1.743311285972595215e-01,1.688724458217620850e-01,1.704673469066619873e-01,1.755211055278778076e-01,1.788691431283950806e-01,2.034772634506225586e-01,2.582526206970214844e-01,3.456943333148956299e-01,5.998195409774780273e-01,8.908476233482360840e-01,8.908476233482360840e-01,9.055523276329040527e-01,9.394335746765136719e-01,1.000000000000000000e+00,9.797491431236267090e-01,7.284654974937438965e-01,3.878085911273956299e-01,2.777481675148010254e-01,2.098728865385055542e-01,1.836919039487838745e-01,1.653220802545547485e-01,1.635498106479644775e-01,1.677593886852264404e-01,1.724704205989837646e-01,1.897673755884170532e-01,2.034772634506225586e-01,2.550489306449890137e-01,4.880930483341217041e-01,5.462971329689025879e-01
1.324106305837631226e-01,1.219277605414390564e-01,1.100781038403511047e-01,1.023116484284400940e-01,1.000560075044631958e-01,1.011388376355171204e-01,1.010875403881072998e-01,1.023116484284400940e-01,1.067285686731338501e-01,1.062902510166168213e-01,1.086552292108535767e-01,1.089888960123062134e-01,1.047664731740951538e-01,1.048654541373252869e-01,1.089888960123062134e-01,1.138310432434082031e-01,1.274197250604629517e-01,1.526116430759429932e-01,2.255561798810958862e-01,9.026673436164855957e-01,9.381718635559082031e-01,1.000000000000000000e+00,9.049400687217712402e-01,2.928024232387542725e-01,1.915836334228515625e-01,1.250777840614318848e-01,1.063390448689460754e-01,1.039712727069854736e-01,9.948410093784332275e-02,1.010875403881072998e-01,1.070682331919670105e-01,1.121785715222358704e-01,1.182563453912734985e-01,1.293590068817138672e-01,1.383495330810546875e-01,4.332458972930908203e-01,2.463145554065704346e-01
5.697654485702514648e-01,1.000000000000000000e+00,9.890443086624145508e-01,5.555351972579956055e-01,3.992950022220611572e-01,3.543404638767242432e-01,3.064865469932556152e-01,2.931492626667022705e-01,2.865679264068603516e-01,3.041133284568786621e-01,3.459587097167968750e-01,4.061273038387298584e-01,3.362796306610107422e-01,2.827986180782318115e-01,2.566860020160675049e-01,2.412129491567611694e-01,2.337987422943115234e-01,2.313141673803329468e-01,2.313141673803329468e-01,2.337987422943115234e-01,2.412129491567611694e-01,2.566860020160675049e-01,2.827986180782318115e-01,3.362796306610107422e-01,4.023382961750030518e-01,3.677529394626617432e-01,3.298915624618530273e-01,3.049265146255493164e-01,2.854134440422058105e-01,2.852848768234252930e-01,2.937743365764617920e-01,3.101749718189239502e-01,3.390230536460876465e-01,3.819678723812103271e-01,4.682442843914031982e-01,1.000000000000000000e+00,1.000000000000000000e+00
5.900362730026245117e-01,5.606658458709716797e-01,5.597814917564392090e-01,5.925047397613525391e-01,3.218891918659210205e-01,2.343062907457351685e-01,2.024196833372116089e-01,1.849279105663299561e-01,1.714779138565063477e-01,1.668874621391296387e-01,1.695145070552825928e-01,1.760247349739074707e-01,1.997561454772949219e-01,2.419536113739013672e-01,3.461425602436065674e-01,6.947950720787048340e-01,9.002795219421386719e-01,8.861430287361145020e-01,8.861430287361145020e-01,9.002795219421386719e-01,9.329292178153991699e-01,1.000000000000000000e+00,8.349025249481201172e-01,3.936032950878143311e-01,2.592133581638336182e-01,2.121733725070953369e-01,1.811975240707397461e-01,1.656795740127563477e-01,1.598384380340576172e-01,1.579846888780593872e-01,1.684845089912414551e-01,1.883714050054550171e-01,2.176561504602432251e-01,2.847639322280883789e-01,3.522396087646484375e-01,4.826282858848571777e-01,5.794325470924377441e-01
1.111435890197753906e-01,1.111435890197753906e-01,1.125161945819854736e-01,1.172872707247734070e-01,1.299974918365478516e-01,1.468923687934875488e-01,1.506752073764801025e-01,1.450899541378021240e-01,1.343116462230682373e-01,1.157187744975090027e-01,1.079407036304473877e-01,1.043600365519523621e-01,1.063030734658241272e-01,1.108802184462547302e-01,1.124512106180191040e-01,1.420865356922149658e-01,1.827675849199295044e-01,4.188734889030456543e-01,9.459093809127807617e-01,9.620608091354370117e-01,1.000000000000000000e+00,9.826504588127136230e-01,2.521452307701110840e-01,1.881280094385147095e-01,1.436724215745925903e-01,1.207267940044403076e-01,1.109461188316345215e-01,1.081436648964881897e-01,1.100863143801689148e-01,1.199980527162551880e-01,1.381215155124664307e-01,1.552624404430389404e-01,1.633381098508834839e-01,1.282426118850708008e-01,1.147673800587654114e-01,4.298301637172698975e-01,3.045563101768493652e-01
6.048261523246765137e-01,1.000000000000000000e+00,8.391779065132141113e-01,5.725104808807373047e-01,4.274033010005950928e-01,3.464427888393402100e-01,3.219604492187500000e-01,2.991585433483123779e-01,3.033617734909057617e-01,3.178193271160125732e-01,3.511344492435455322e-01,4.086695909500122070e-01,3.184010982513427734e-01,2.693822979927062988e-01,2.447930425405502319e-01,2.304035425186157227e-01,2.228388041257858276e-01,2.206865698099136353e-01,2.206865698099136353e-01,2.228388041257858276e-01,2.304035425186157227e-01,2.447930425405502319e-01,2.693822979927062988e-01,3.121603727340698242e-01,4.188396334648132324e-01,3.789902329444885254e-01,3.355597257614135742e-01,3.030405044555664062e-01,2.941347062587738037e-01,2.975915670394897461e-01,3.058559894561767578e-01,3.222326338291168213e-01,3.533467054367065430e-01,4.020616114139556885e-01,4.607648253440856934e-01,1.000000000000000000e+00,1.000000000000000000e+00
5.747601389884948730e-01,5.540462732315063477e-01,4.985800683498382568e-01,3.607925474643707275e-01,2.710243165493011475e-01,2.312833666801452637e-01,2.018183618783950806e-01,1.784204393625259399e-01,1.694696843624114990e-01,1.687298119068145752e-01,1.727196425199508667e-01,1.815867722034454346e-01,2.035330682992935181e-01,2.465283870697021484e-01,3.219436109066009521e-01,6.462361812591552734e-01,9.017578959465026855e-01,8.871017694473266602e-01,8.868353366851806641e-01,9.017578959465026855e-01,9.354292154312133789e-01,1.000000000000000000e+00,8.506885766983032227e-01,4.273901879787445068e-01,2.711781561374664307e-01,1.996020227670669556e-01,1.740825027227401733e-01,1.613168716430664062e-01,1.601058989763259888e-01,1.700429022312164307e-01,1.830355226993560791e-01,2.330795377492904663e-01,3.372123837471008301e-01,3.935223817825317383e-01,5.886918306350708008e-01,4.631137251853942871e-01,5.698871016502380371e-01
1.293549537658691406e-01,1.240630820393562317e-01,1.234473809599876404e-01,1.234473809599876404e-01,1.219570189714431763e-01,1.134776249527931213e-01,1.116499528288841248e-01,1.061934530735015869e-01,1.026916056871414185e-01,1.021708920598030090e-01,1.033572405576705933e-01,1.102074757218360901e-01,1.234473809599876404e-01,1.491620391607284546e-01,1.982089877128601074e-01,2.747640311717987061e-01,4.336501061916351318e-01,9.462867975234985352e-01,9.460693597793579102e-01,9.623592495918273926e-01,1.000000000000000000e+00,2.209673672914505005e-01,1.880294531583786011e-01,1.670877486467361450e-01,1.466895639896392822e-01,1.156063452363014221e-01,1.093049719929695129e-01,1.056899949908256531e-01,1.099305674433708191e-01,1.258921176195144653e-01,1.601964682340621948e-01,1.641896665096282959e-01,1.530946642160415649e-01,1.431670337915420532e-01,1.368541121482849121e-01,3.929449915885925293e-01,3.173193037509918213e-01
0.000000000000000000e+00,0.000000000000000000e+00,0.000000000000000000e+00,0.000000000000000000e+00,0.000000000000000000e+00,0.000000000000000000e+00,0.000000000000000000e+00,0.000000000000000000e+00,0.000000000000000000e+00,0.000000000000000000e+00,0.000000000000000000e+00,0.000000000000000000e+00,0.000000000000000000e+00,0.000000000000000000e+00,0.000000000000000000e+00,0.000000000000000000e+00,0.000000000000000000e+00,0.000000000000000000e+00,0.000000000000000000e+00,0.000000000000000000e+00,0.000000000000000000e+00,0.000000000000000000e+00,0.000000000000000000e+00,0.000000000000000000e+00,0.000000000000000000e+00,0.000000000000000000e+00,0.000000000000000000e+00,0.000000000000000000e+00,0.000000000000000000e+00,0.000000000000000000e+00,0.000000000000000000e+00,0.000000000000000000e+00,0.000000000000000000e+00,0.000000000000000000e+00,0.000000000000000000e+00,1.000000000000000000e+00,1.000000000000000000e+00
8.507694005966186523e-01,7.996078729629516602e-01,8.906614780426025391e-01,5.913078784942626953e-01,4.345619082450866699e-01,3.438021540641784668e-01,2.917188107967376709e-01,2.712115347385406494e-01,2.581857144832611084e-01,2.505548894405364990e-01,2.480963915586471558e-01,2.557007074356079102e-01,2.858820855617523193e-01,3.187457025051116943e-01,3.568519353866577148e-01,4.805030524730682373e-01,6.916411519050598145e-01,7.009942531585693359e-01,7.009942531585693359e-01,7.108712196350097656e-01,7.368052601814270020e-01,7.863056063652038574e-01,8.733744025230407715e-01,6.396511793136596680e-01,3.995323479175567627e-01,3.085672855377197266e-01,2.644409239292144775e-01,2.426842451095581055e-01,2.366095185279846191e-01,2.402515262365341187e-01,2.783682644367218018e-01,3.930878341197967529e-01,4.730570912361145020e-01,6.668241620063781738e-01,1.000000000000000000e+00,6.827337741851806641e-01,6.884221434593200684e-01
1.996352523565292358e-01,1.856738477945327759e-01,1.854400634765625000e-01,1.989822536706924438e-01,2.957844436168670654e-01,2.548125386238098145e-01,2.268937975168228149e-01,2.040769159793853760e-01,1.835589557886123657e-01,1.774706542491912842e-01,1.787696331739425659e-01,1.900613605976104736e-01,2.151159495115280151e-01,2.514419257640838623e-01,3.163832128047943115e-01,4.583850502967834473e-01,6.026366949081420898e-01,9.477469325065612793e-01,9.477469325065612793e-01,9.630043506622314453e-01,1.000000000000000000e+00,3.403407037258148193e-01,2.934283316135406494e-01,2.452699244022369385e-01,2.020830959081649780e-01,2.007908970117568970e-01,2.044309079647064209e-01,1.878419220447540283e-01,1.708276718854904175e-01,1.670614629983901978e-01,1.866835951805114746e-01,2.495368272066116333e-01,3.645088970661163330e-01,3.196571767330169678e-01,2.371769249439239502e-01,6.296296119689941406e-01,4.593040347099304199e-01
5.581770539283752441e-01,4.104869961738586426e-01,3.868598043918609619e-01,3.868598043918609619e-01,7.002779245376586914e-01,6.431162953376770020e-01,6.157693266868591309e-01,5.539637207984924316e-01,4.827521443367004395e-01,4.148897528648376465e-01,3.927476704120635986e-01,3.848771750926971436e-01,3.833834528923034668e-01,4.085019826889038086e-01,4.395134150981903076e-01,4.905143976211547852e-01,5.669316649436950684e-01,6.161574721336364746e-01,6.161574721336364746e-01,6.237927079200744629e-01,6.463793516159057617e-01,6.735483407974243164e-01,7.549524307250976562e-01,5.986820459365844727e-01,4.679658710956573486e-01,4.222011268138885498e-01,4.009408354759216309e-01,3.971062898635864258e-01,4.052113294601440430e-01,4.260342717170715332e-01,4.563787281513214111e-01,4.889522492885589600e-01,5.729719400405883789e-01,7.887150049209594727e-01,1.000000000000000000e+00,1.000000000000000000e+00,1.000000000000000000e+00
4.555418789386749268e-01,3.678249120712280273e-01,3.606820106506347656e-01,3.714656531810760498e-01,6.573986411094665527e-01,6.027927398681640625e-01,5.622875094413757324e-01,5.033531785011291504e-01,4.382771253585815430e-01,3.996230065822601318e-01,3.747120499610900879e-01,3.704982697963714600e-01,3.772177100181579590e-01,3.956746160984039307e-01,4.337502121925354004e-01,4.925426244735717773e-01,5.674495100975036621e-01,6.485362648963928223e-01,6.633087396621704102e-01,6.711747050285339355e-01,6.950131058692932129e-01,7.412992119789123535e-01,6.986182332038879395e-01,5.798828601837158203e-01,4.532712996006011963e-01,3.975973129272460938e-01,3.883509337902069092e-01,3.831176161766052246e-01,3.924873173236846924e-01,4.098202288150787354e-01,4.288618564605712891e-01,4.735986888408660889e-01,5.549800395965576172e-01,7.967725992202758789e-01,1.000000000000000000e+00,1.000000000000000000e+00,1.000000000000000000e+00
4.111616611480712891e-01,3.709160089492797852e-01,3.595504462718963623e-01,3.655894994735717773e-01,6.495772004127502441e-01,5.876352787017822266e-01,5.510190129280090332e-01,5.198373198509216309e-01,4.609561860561370850e-01,4.029813110828399658e-01,3.689430356025695801e-01,3.630854487419128418e-01,3.686956763267517090e-01,3.855098187923431396e-01,4.212449491024017334e-01,4.791044890880584717e-01,5.814704298973083496e-01,6.710617542266845703e-01,6.784307360649108887e-01,6.877796053886413574e-01,7.099717259407043457e-01,7.560840845108032227e-01,7.802530527114868164e-01,6.250262260437011719e-01,4.912332296371459961e-01,4.216778874397277832e-01,3.916144967079162598e-01,3.845620453357696533e-01,3.902142047882080078e-01,4.132642447948455811e-01,4.459674358367919922e-01,5.119678974151611328e-01,7.261708974838256836e-01,1.000000000000000000e+00,4.886262118816375732e-01,1.000000000000000000e+00,7.844205498695373535e-01
0.000000000000000000e+00,0.000000000000000000e+00,0.000000000000000000e+00,0.000000000000000000e+00,0.000000000000000000e+00,0.000000000000000000e+00,0.000000000000000000e+00,0.000000000000000000e+00,0.000000000000000000e+00,0.000000000000000000e+00,0.000000000000000000e+00,0.000000000000000000e+00,0.000000000000000000e+00,0.000000000000000000e+00,0.000000000000000000e+00,0.000000000000000000e+00,0.000000000000000000e+00,0.000000000000000000e+00,0.000000000000000000e+00,0.000000000000000000e+00,0.000000000000000000e+00,0.000000000000000000e+00,0.000000000000000000e+00,0.000000000000000000e+00,0.000000000000000000e+00,0.000000000000000000e+00,0.000000000000000000e+00,0.000000000000000000e+00,0.000000000000000000e+00,0.000000000000000000e+00,0.000000000000000000e+00,0.000000000000000000e+00,0.000000000000000000e+00,0.000000000000000000e+00,0.000000000000000000e+00,5.531432032585144043e-01,1.000000000000000000e+00
2.058057039976119995e-01,1.883596777915954590e-01,1.612810045480728149e-01,1.429354250431060791e-01,1.248878315091133118e-01,1.116138175129890442e-01,1.042260304093360901e-01,1.010706126689910889e-01,9.983043372631072998e-02,9.983043372631072998e-02,9.983043372631072998e-02,1.027817204594612122e-01,1.138242036104202271e-01,1.348634809255599976e-01,7.276330590248107910e-01,8.245836496353149414e-01,9.846590757369995117e-01,9.965557456016540527e-01,9.965557456016540527e-01,1.000000000000000000e+00,2.051995098590850830e-01,1.510708630084991455e-01,1.248878315091133118e-01,1.138242036104202271e-01,1.049407348036766052e-01,1.049407348036766052e-01,1.058861613273620605e-01,1.058861613273620605e-01,1.079831197857856750e-01,1.168485283851623535e-01,1.356004476547241211e-01,1.600403636693954468e-01,2.118899524211883545e-01,2.280857712030410767e-01,2.330564856529235840e-01,3.816116750240325928e-01,6.201654672622680664e-01
3.831359744071960449e-01,3.690666556358337402e-01,3.655894994735717773e-01,3.637130856513977051e-01,6.229061484336853027e-01,5.673345327377319336e-01,5.245544314384460449e-01,4.896520674228668213e-01,4.514571130275726318e-01,4.039987921714782715e-01,3.745873272418975830e-01,3.685719370841979980e-01,3.744655251502990723e-01,3.989997506141662598e-01,4.292898178100585938e-01,4.878787994384765625e-01,5.931211709976196289e-01,7.014393210411071777e-01,7.357192039489746094e-01,7.458794116973876953e-01,7.672238349914550781e-01,8.116027712821960449e-01,7.863677740097045898e-01,6.250262260437011719e-01,4.784375429153442383e-01,4.216778874397277832e-01,3.916144967079162598e-01,3.863372206687927246e-01,4.026415944099426270e-01,4.132642447948455811e-01,4.459674358367919922e-01,5.253365039825439453e-01,7.688868045806884766e-01,1.000000000000000000e+00,4.791044890880584717e-01,1.000000000000000000e+00,7.886321544647216797e-01
8.585353493690490723e-01,6.700170040130615234e-01,6.619726419448852539e-01,7.595593333244323730e-01,6.424749493598937988e-01,3.232343792915344238e-01,2.160394042730331421e-01,1.679802089929580688e-01,1.421609073877334595e-01,1.198982745409011841e-01,1.022156849503517151e-01,6.986299902200698853e-02,5.523155257105827332e-02,5.092097446322441101e-02,4.978504776954650879e-02,4.940060153603553772e-02,4.940060153603553772e-02,4.940060153603553772e-02,4.940060153603553772e-02,4.940060153603553772e-02,4.940060153603553772e-02,4.978504776954650879e-02,5.092097446322441101e-02,5.523155257105827332e-02,6.986299902200698853e-02,1.022156849503517151e-01,2.489252388477325439e-01,2.605267167091369629e-01,2.753972709178924561e-01,2.997933924198150635e-01,3.187798559665679932e-01,3.532229363918304443e-01,4.280445277690887451e-01,5.643694400787353516e-01,1.000000000000000000e+00,4.389002919197082520e-01,1.000000000000000000e+00
6.128954291343688965e-01,5.163064599037170410e-01,4.919360280036926270e-01,4.919360280036926270e-01,9.041964411735534668e-01,8.087378740310668945e-01,7.413397431373596191e-01,7.065441012382507324e-01,6.284178495407104492e-01,5.477064251899719238e-01,5.011917948722839355e-01,4.935504198074340820e-01,5.004858970642089844e-01,5.268133282661437988e-01,5.679869055747985840e-01,6.372171044349670410e-01,7.545747756958007812e-01,8.137496113777160645e-01,8.111386299133300781e-01,8.218554258346557617e-01,8.494609594345092773e-01,9.038053154945373535e-01,1.000000000000000000e+00,8.700219988822937012e-01,6.540554761886596680e-01,5.451183319091796875e-01,5.185271501541137695e-01,5.006624460220336914e-01,5.135601758956909180e-01,5.384294986724853516e-01,5.735616683959960938e-01,6.355504393577575684e-01,7.790113687515258789e-01,9.670184254646301270e-01,8.811261057853698730e-01,1.000000000000000000e+00,1.000000000000000000e+00
7.320289611816406250e-01,5.479246973991394043e-01,4.996164739131927490e-01,4.850815832614898682e-01,4.906694591045379639e-01,8.769010901451110840e-01,7.711354494094848633e-01,7.370163202285766602e-01,6.573438048362731934e-01,5.796574354171752930e-01,5.163868069648742676e-01,5.036922693252563477e-01,5.038613677024841309e-01,5.172110199928283691e-01,5.576341748237609863e-01,6.136406064033508301e-01,7.408210635185241699e-01,8.094054460525512695e-01,8.094054460525512695e-01,8.197593688964843750e-01,8.464493155479431152e-01,8.990633487701416016e-01,1.000000000000000000e+00,9.928179383277893066e-01,8.056073784828186035e-01,5.889885425567626953e-01,5.351823568344116211e-01,5.247333049774169922e-01,5.370892286300659180e-01,5.507163405418395996e-01,5.725592970848083496e-01,6.056754589080810547e-01,6.713218688964843750e-01,8.379521965980529785e-01,9.832469820976257324e-01,1.000000000000000000e+00,1.000000000000000000e+00
6.705768704414367676e-01,4.959508180618286133e-01,4.528126716613769531e-01,4.389088451862335205e-01,4.441925585269927979e-01,7.756630182266235352e-01,7.077192664146423340e-01,6.540715694427490234e-01,6.158593893051147461e-01,5.356258749961853027e-01,4.824613630771636963e-01,4.579359889030456543e-01,4.526654481887817383e-01,4.574990868568420410e-01,4.835653901100158691e-01,5.533767342567443848e-01,6.552934050559997559e-01,7.905588746070861816e-01,8.316496610641479492e-01,8.427960872650146484e-01,8.582356572151184082e-01,9.036358594894409180e-01,1.000000000000000000e+00,8.781973123550415039e-01,6.712723374366760254e-01,5.097371935844421387e-01,4.619937241077423096e-01,4.508949220180511475e-01,4.503031969070434570e-01,4.644400775432586670e-01,4.817700684070587158e-01,5.103906393051147461e-01,5.630491971969604492e-01,7.193036079406738281e-01,9.377363324165344238e-01,1.000000000000000000e+00,8.014789819717407227e-01
2.436213344335556030e-01,4.726006388664245605e-01,1.000000000000000000e+00,8.253418803215026855e-01,7.748757600784301758e-01,9.722918272018432617e-01,8.625856637954711914e-01,5.843453407287597656e-01,4.596120715141296387e-01,4.140766263008117676e-01,3.769005835056304932e-01,2.427321970462799072e-01,1.770631223917007446e-01,1.450069844722747803e-01,1.325426995754241943e-01,1.269177198410034180e-01,1.249864846467971802e-01,1.178638711571693420e-01,1.178638711571693420e-01,1.178638711571693420e-01,1.196842715144157410e-01,1.232444271445274353e-01,1.414213627576828003e-01,1.590512394905090332e-01,1.419935226440429688e-01,1.331530362367630005e-01,1.249864846467971802e-01,1.212547048926353455e-01,1.212547048926353455e-01,1.315191835165023804e-01,1.412301212549209595e-01,1.666846871376037598e-01,1.942414194345474243e-01,2.048070877790451050e-01,2.249324172735214233e-01,4.236985146999359131e-01,1.000000000000000000e+00
6.112610101699829102e-01,4.926117062568664551e-01,4.642575383186340332e-01,4.516263902187347412e-01,4.673619866371154785e-01,7.717823386192321777e-01,6.804569363594055176e-01,6.236402392387390137e-01,5.663521289825439453e-01,4.963716268539428711e-01,4.533005058765411377e-01,4.428501427173614502e-01,4.508633911609649658e-01,4.649985730648040771e-01,5.013409852981567383e-01,5.779066085815429688e-01,6.803557276725769043e-01,8.268327713012695312e-01,8.570133447647094727e-01,8.681894540786743164e-01,8.684273958206176758e-01,9.027189612388610840e-01,1.000000000000000000e+00,8.760851025581359863e-01,6.822760701179504395e-01,4.926117062568664551e-01,4.694201946258544922e-01,4.442473948001861572e-01,4.576846957206726074e-01,4.689799249172210693e-01,4.978953003883361816e-01,5.445324778556823730e-01,6.351283192634582520e-01,9.353131055831909180e-01,9.785609841346740723e-01,1.000000000000000000e+00,8.028286695480346680e-01
2.960957884788513184e-01,5.928534865379333496e-01,1.000000000000000000e+00,8.372691869735717773e-01,8.102403879165649414e-01,9.722201824188232422e-01,8.229863047599792480e-01,5.755533576011657715e-01,4.615160226821899414e-01,4.212568104267120361e-01,3.955493569374084473e-01,2.736436128616333008e-01,1.710685938596725464e-01,1.425983160734176636e-01,1.302124708890914917e-01,1.264510303735733032e-01,1.242851987481117249e-01,1.242851987481117249e-01,1.242851987481117249e-01,1.242851987481117249e-01,1.254930496215820312e-01,1.254930496215820312e-01,1.320530325174331665e-01,1.651462316513061523e-01,1.601378172636032104e-01,1.494171023368835449e-01,1.400364637374877930e-01,1.400364637374877930e-01,1.451149433851242065e-01,1.494171023368835449e-01,1.710685938596725464e-01,1.870740056037902832e-01,2.091550827026367188e-01,2.336811721324920654e-01,2.544481456279754639e-01,4.146341383457183838e-01,1.000000000000000000e+00
1.000000000000000000e+00,1.000000000000000000e+00,1.000000000000000000e+00,1.000000000000000000e+00,1.000000000000000000e+00,1.000000000000000000e+00,1.000000000000000000e+00,1.000000000000000000e+00,1.000000000000000000e+00,1.000000000000000000e+00,1.000000000000000000e+00,1.000000000000000000e+00,1.000000000000000000e+00,1.000000000000000000e+00,1.000000000000000000e+00,1.000000000000000000e+00,1.000000000000000000e+00,1.000000000000000000e+00,1.000000000000000000e+00,1.000000000000000000e+00,1.000000000000000000e+00,1.000000000000000000e+00,1.000000000000000000e+00,1.000000000000000000e+00,1.000000000000000000e+00,1.000000000000000000e+00,1.000000000000000000e+00,1.000000000000000000e+00,1.000000000000000000e+00,1.000000000000000000e+00,1.000000000000000000e+00,1.000000000000000000e+00,1.000000000000000000e+00,1.000000000000000000e+00,1.000000000000000000e+00,1.000000000000000000e+00,1.000000000000000000e+00
3.115162253379821777e-01,3.035491704940795898e-01,2.803193330764770508e-01,2.634216547012329102e-01,2.500437498092651367e-01,2.385824769735336304e-01,2.257682383060455322e-01,2.248944789171218872e-01,2.191800624132156372e-01,2.077008783817291260e-01,1.989867538213729858e-01,1.953251361846923828e-01,1.984363049268722534e-01,2.198776155710220337e-01,2.384907603263854980e-01,2.814097702503204346e-01,3.498212099075317383e-01,4.857525527477264404e-01,8.142607808113098145e-01,9.016426205635070801e-01,9.349932670593261719e-01,1.000000000000000000e+00,5.632081031799316406e-01,2.738453149795532227e-01,2.249917387962341309e-01,2.102134823799133301e-01,2.116653919219970703e-01,2.125935256481170654e-01,2.190802395343780518e-01,2.109406888484954834e-01,2.105254530906677246e-01,2.303723096847534180e-01,3.225564956665039062e-01,3.594443202018737793e-01,3.515678048133850098e-01,8.352687954902648926e-01,5.782475471496582031e-01
7.532217502593994141e-01,1.000000000000000000e+00,9.440831542015075684e-01,8.668138980865478516e-01,7.755046486854553223e-01,5.018495321273803711e-01,3.457784950733184814e-01,2.927846312522888184e-01,2.515207827091217041e-01,2.461046427488327026e-01,2.461046427488327026e-01,2.477721422910690308e-01,2.665499746799468994e-01,3.061594665050506592e-01,3.431704640388488770e-01,4.067632257938385010e-01,5.016257166862487793e-01,5.992808341979980469e-01,6.059276461601257324e-01,6.131131649017333984e-01,6.348893642425537109e-01,6.771713495254516602e-01,7.493852376937866211e-01,7.932578921318054199e-01,4.643460810184478760e-01,3.360053598880767822e-01,3.114928305149078369e-01,2.834297120571136475e-01,2.846159040927886963e-01,2.834297120571136475e-01,2.998589575290679932e-01,3.081095516681671143e-01,3.252494931221008301e-01,3.585342764854431152e-01,6.671468615531921387e-01,7.291293740272521973e-01,7.803162932395935059e-01
1.000000000000000000e+00,1.000000000000000000e+00,1.000000000000000000e+00,1.000000000000000000e+00,1.000000000000000000e+00,1.000000000000000000e+00,1.000000000000000000e+00,1.000000000000000000e+00,1.000000000000000000e+00,1.000000000000000000e+00,1.000000000000000000e+00,1.000000000000000000e+00,1.000000000000000000e+00,1.000000000000000000e+00,1.000000000000000000e+00,1.000000000000000000e+00,1.000000000000000000e+00,1.000000000000000000e+00,1.000000000000000000e+00,1.000000000000000000e+00,1.000000000000000000e+00,1.000000000000000000e+00,1.000000000000000000e+00,1.000000000000000000e+00,1.000000000000000000e+00,1.000000000000000000e+00,1.000000000000000000e+00,1.000000000000000000e+00,1.000000000000000000e+00,1.000000000000000000e+00,1.000000000000000000e+00,1.000000000000000000e+00,1.000000000000000000e+00,1.000000000000000000e+00,1.000000000000000000e+00,1.000000000000000000e+00,1.000000000000000000e+00
2.787483930587768555e-01,2.583593726158142090e-01,2.483852207660675049e-01,2.294985502958297729e-01,2.116772383451461792e-01,2.019798457622528076e-01,1.967484056949615479e-01,1.964423507452011108e-01,1.966464370489120483e-01,1.926275640726089478e-01,1.905337274074554443e-01,1.870276480913162231e-01,1.938730180263519287e-01,2.015822529792785645e-01,2.283595800399780273e-01,2.578931748867034912e-01,3.088541924953460693e-01,4.210742712020874023e-01,7.417023181915283203e-01,9.018591642379760742e-01,9.353312849998474121e-01,1.000000000000000000e+00,5.076730847358703613e-01,2.533422112464904785e-01,2.096779942512512207e-01,2.044473290443420410e-01,2.027727067470550537e-01,2.027727067470550537e-01,1.955212801694869995e-01,1.930436044931411743e-01,1.930436044931411743e-01,2.166409194469451904e-01,2.805414795875549316e-01,3.242508172988891602e-01,2.856426537036895752e-01,8.472978472709655762e-01,5.548616051673889160e-01
7.211245298385620117e-01,1.000000000000000000e+00,9.688585400581359863e-01,8.941062092781066895e-01,8.068691492080688477e-01,5.218612551689147949e-01,3.810813724994659424e-01,3.065841197967529297e-01,2.757429182529449463e-01,2.579517066478729248e-01,2.559464871883392334e-01,2.725208699703216553e-01,2.934587895870208740e-01,3.220399022102355957e-01,3.737681508064270020e-01,4.224838018417358398e-01,5.327490568161010742e-01,6.015339493751525879e-01,6.093751788139343262e-01,6.177725195884704590e-01,6.377057433128356934e-01,6.791244745254516602e-01,7.550312280654907227e-01,7.865440845489501953e-01,4.220480322837829590e-01,2.978157997131347656e-01,2.660980820655822754e-01,2.498343288898468018e-01,2.458248436450958252e-01,2.458248436450958252e-01,2.614941895008087158e-01,2.814234793186187744e-01,3.108755350112915039e-01,3.364591598510742188e-01,3.685126304626464844e-01,8.325068354606628418e-01,7.714055776596069336e-01
0.000000000000000000e+00,0.000000000000000000e+00,0.000000000000000000e+00,0.000000000000000000e+00,0.000000000000000000e+00,0.000000000000000000e+00,0.000000000000000000e+00,0.000000000000000000e+00,0.000000000000000000e+00,0.000000000000000000e+00,0.000000000000000000e+00,0.000000000000000000e+00,0.000000000000000000e+00,0.000000000000000000e+00,0.000000000000000000e+00,0.000000000000000000e+00,0.000000000000000000e+00,0.000000000000000000e+00,0.000000000000000000e+00,0.000000000000000000e+00,0.000000000000000000e+00,0.000000000000000000e+00,0.000000000000000000e+00,0.000000000000000000e+00,0.000000000000000000e+00,0.000000000000000000e+00,0.000000000000000000e+00,0.000000000000000000e+00,0.000000000000000000e+00,0.000000000000000000e+00,0.000000000000000000e+00,0.000000000000000000e+00,0.000000000000000000e+00,0.000000000000000000e+00,0.000000000000000000e+00,1.000000000000000000e+00,1.000000000000000000e+00
4.206247329711914062e-01,7.528867125511169434e-01,1.000000000000000000e+00,9.426692128181457520e-01,8.518990874290466309e-01,5.763906240463256836e-01,3.657110631465911865e-01,2.942185103893280029e-01,2.646212577819824219e-01,2.410265952348709106e-01,2.318521589040756226e-01,2.357661575078964233e-01,2.456232905387878418e-01,2.564250230789184570e-01,2.968562543392181396e-01,3.352484703063964844e-01,3.935660719871520996e-01,4.964625537395477295e-01,5.847970247268676758e-01,6.090981364250183105e-01,6.301576495170593262e-01,6.701430082321166992e-01,7.427341341972351074e-01,8.795781731605529785e-01,5.449556708335876465e-01,3.554655313491821289e-01,2.800536453723907471e-01,2.456232905387878418e-01,2.319982945919036865e-01,2.330187112092971802e-01,2.504063844680786133e-01,2.572168707847595215e-01,2.910915315151214600e-01,3.257104754447937012e-01,3.697664439678192139e-01,7.675731182098388672e-01,7.557246088981628418e-01
2.552451193332672119e-01,2.367369681596755981e-01,2.242331951856613159e-01,2.081369012594223022e-01,1.928450018167495728e-01,1.765787601470947266e-01,1.720052361488342285e-01,1.717376559972763062e-01,1.664800494909286499e-01,1.620945483446121216e-01,1.542441993951797485e-01,1.535469442605972290e-01,1.551360785961151123e-01,1.605742871761322021e-01,1.750967055559158325e-01,1.934006363153457642e-01,2.243698835372924805e-01,2.788384258747100830e-01,4.154259562492370605e-01,7.374253869056701660e-01,8.422315716743469238e-01,8.989984393119812012e-01,1.000000000000000000e+00,3.234316408634185791e-01,1.883409172296524048e-01,1.612411588430404663e-01,1.609556972980499268e-01,1.705733239650726318e-01,1.684026271104812622e-01,1.646281629800796509e-01,1.644418239593505859e-01,1.651859134435653687e-01,1.833923906087875366e-01,2.417349517345428467e-01,2.649694085121154785e-01,7.343915700912475586e-01,5.322613716125488281e-01
3.775299489498138428e-01,3.394507169723510742e-01,3.134734034538269043e-01,2.780472636222839355e-01,2.530116140842437744e-01,2.408244013786315918e-01,2.339093238115310669e-01,2.315584272146224976e-01,2.350759655237197876e-01,2.303739786148071289e-01,2.269041091203689575e-01,2.283463031053543091e-01,2.368151396512985229e-01,2.458831071853637695e-01,2.791274487972259521e-01,3.312109708786010742e-01,4.288266897201538086e-01,7.065842747688293457e-01,9.555990695953369141e-01,9.705687165260314941e-01,1.000000000000000000e+00,6.203229427337646484e-01,4.140261113643646240e-01,3.269714415073394775e-01,2.779488563537597656e-01,2.495276480913162231e-01,2.366995960474014282e-01,2.377375066280364990e-01,2.433106750249862671e-01,2.651545703411102295e-01,3.244517147541046143e-01,3.964745998382568359e-01,4.615191817283630371e-01,4.252391755580902100e-01,3.857731521129608154e-01,1.000000000000000000e+00,7.347190976142883301e-01
1.000000000000000000e+00,9.663847684860229492e-01,8.576700091361999512e-01,7.555547356605529785e-01,4.878604412078857422e-01,3.215537667274475098e-01,2.546334564685821533e-01,2.227841466665267944e-01,2.126372456550598145e-01,2.057805955410003662e-01,2.079993188381195068e-01,2.138480991125106812e-01,2.378563135862350464e-01,2.787311673164367676e-01,3.509062230587005615e-01,4.266215860843658447e-01,4.060168266296386719e-01,4.015405178070068359e-01,4.015405178070068359e-01,4.060168266296386719e-01,4.193643033504486084e-01,4.438910186290740967e-01,3.648549318313598633e-01,2.818021178245544434e-01,2.407337129116058350e-01,2.243241518735885620e-01,2.196717560291290283e-01,2.142501920461654663e-01,2.208440452814102173e-01,2.312512993812561035e-01,2.518009543418884277e-01,2.803732156753540039e-01,3.355256617069244385e-01,4.718979001045227051e-01,7.148142457008361816e-01,8.787878751754760742e-01,1.000000000000000000e+00
2.959103882312774658e-01,2.818272113800048828e-01,2.818272113800048828e-01,2.734542489051818848e-01,2.734542489051818848e-01,2.783690690994262695e-01,2.600181698799133301e-01,2.489808797836303711e-01,2.509185075759887695e-01,2.558876574039459229e-01,2.430753558874130249e-01,2.402697652578353882e-01,2.402697652578353882e-01,2.505321800708770752e-01,2.539879381656646729e-01,2.598318457603454590e-01,2.677268087863922119e-01,2.799305319786071777e-01,2.952550053596496582e-01,3.271577060222625732e-01,8.901283740997314453e-01,9.199876785278320312e-01,1.000000000000000000e+00,6.163533926010131836e-01,4.929766356945037842e-01,3.629488646984100342e-01,3.050968348979949951e-01,2.649994790554046631e-01,2.509185075759887695e-01,2.460458278656005859e-01,2.505321800708770752e-01,2.520739138126373291e-01,2.649994790554046631e-01,2.960740029811859131e-01,3.052555322647094727e-01,1.000000000000000000e+00,9.100137352943420410e-01
5.097360014915466309e-01,6.512995958328247070e-01,8.518419265747070312e-01,1.000000000000000000e+00,9.964096546173095703e-01,3.322697579860687256e-01,2.636044621467590332e-01,2.275237292051315308e-01,2.197333127260208130e-01,2.195066660642623901e-01,2.329288423061370850e-01,2.502363324165344238e-01,2.656734585762023926e-01,2.823847830295562744e-01,2.464279383420944214e-01,2.348442375659942627e-01,2.197333127260208130e-01,2.195066660642623901e-01,2.132962048053741455e-01,2.114210426807403564e-01,2.114210426807403564e-01,2.114210426807403564e-01,2.297010421752929688e-01,2.543792724609375000e-01,3.294111490249633789e-01,3.052551150321960449e-01,2.396695911884307861e-01,2.179135382175445557e-01,2.142276316881179810e-01,2.135294377803802490e-01,2.197333127260208130e-01,2.402918487787246704e-01,2.686544358730316162e-01,3.223853409290313721e-01,4.188205599784851074e-01,8.579330444335937500e-01,1.000000000000000000e+00
1.000000000000000000e+00,8.958410620689392090e-01,4.006322920322418213e-01,2.709658443927764893e-01,2.177806645631790161e-01,1.858469545841217041e-01,1.693188697099685669e-01,1.567669957876205444e-01,1.572243720293045044e-01,1.652408838272094727e-01,1.911797076463699341e-01,2.122282683849334717e-01,2.187265604734420776e-01,2.009759843349456787e-01,1.819915026426315308e-01,1.716878265142440796e-01,1.671849638223648071e-01,1.652408838272094727e-01,1.652408838272094727e-01,1.671849638223648071e-01,1.716878265142440796e-01,1.819915026426315308e-01,2.009759843349456787e-01,2.263100296258926392e-01,1.989560723304748535e-01,1.778508126735687256e-01,1.694778352975845337e-01,1.703231185674667358e-01,1.755650490522384644e-01,1.881986260414123535e-01,2.157932668924331665e-01,2.576188445091247559e-01,3.410675525665283203e-01,5.267633199691772461e-01,6.519942283630371094e-01,1.000000000000000000e+00,1.000000000000000000e+00
2.354772090911865234e-01,2.071126550436019897e-01,2.044833153486251831e-01,1.845021545886993408e-01,1.774346381425857544e-01,1.662710160017013550e-01,1.575200855731964111e-01,1.543018370866775513e-01,1.549381315708160400e-01,1.641270369291305542e-01,1.775454878807067871e-01,1.964342445135116577e-01,2.120418101549148560e-01,2.357694953680038452e-01,2.647435367107391357e-01,3.221122920513153076e-01,4.831022322177886963e-01,9.997343420982360840e-01,1.000000000000000000e+00,8.953968286514282227e-01,4.818787872791290283e-01,3.164734542369842529e-01,1.757633090019226074e-01,1.552553027868270874e-01,1.529569923877716064e-01,1.631048023700714111e-01,1.779329627752304077e-01,1.757633090019226074e-01,1.781540066003799438e-01,1.970343440771102905e-01,2.384664714336395264e-01,2.759165465831756592e-01,2.035187631845474243e-01,1.810029000043869019e-01,1.905357986688613892e-01,9.499999880790710449e-01,2.846076786518096924e-01
9.517759084701538086e-01,9.883248209953308105e-01,8.661929368972778320e-01,7.276623249053955078e-01,5.564569830894470215e-01,3.802111446857452393e-01,2.964743077754974365e-01,2.595643401145935059e-01,2.479205429553985596e-01,2.406859397888183594e-01,2.450308054685592651e-01,2.598690390586853027e-01,2.905424237251281738e-01,3.601144254207611084e-01,4.858447909355163574e-01,9.590376019477844238e-01,9.972527623176574707e-01,9.815486669540405273e-01,9.818980097770690918e-01,1.000000000000000000e+00,7.040784955024719238e-01,4.596749246120452881e-01,3.498594164848327637e-01,2.905424237251281738e-01,2.663855850696563721e-01,2.484519928693771362e-01,2.473879605531692505e-01,2.551567852497100830e-01,2.618913948535919189e-01,2.802830934524536133e-01,2.980715930461883545e-01,3.326996266841888428e-01,3.735617399215698242e-01,4.525029063224792480e-01,9.866150617599487305e-01,8.750000000000000000e-01,6.314445137977600098e-01
5.439596176147460938e-01,9.028530716896057129e-01,1.000000000000000000e+00,9.684908390045166016e-01,8.451485037803649902e-01,3.378668427467346191e-01,2.655163109302520752e-01,2.421489506959915161e-01,2.229084521532058716e-01,2.305327206850051880e-01,2.341794669628143311e-01,2.508121430873870850e-01,2.766441702842712402e-01,2.854478657245635986e-01,2.584000825881958008e-01,2.456232905387878418e-01,2.318521589040756226e-01,2.305327206850051880e-01,2.305327206850051880e-01,2.318521589040756226e-01,2.370564639568328857e-01,2.400402128696441650e-01,2.557632923126220703e-01,2.736879587173461914e-01,3.379671573638916016e-01,3.036295175552368164e-01,2.389079481363296509e-01,2.137492001056671143e-01,2.110363394021987915e-01,2.175215333700180054e-01,2.331641316413879395e-01,2.572168707847595215e-01,3.022870123386383057e-01,3.827382922172546387e-01,4.698761701583862305e-01,1.000000000000000000e+00,1.000000000000000000e+00
3.402867317199707031e-01,3.293232321739196777e-01,3.248109519481658936e-01,2.999785542488098145e-01,2.785230875015258789e-01,2.651594579219818115e-01,2.462155818939208984e-01,2.366546988487243652e-01,2.268578112125396729e-01,2.348891943693161011e-01,2.366546988487243652e-01,2.437441051006317139e-01,2.340822964906692505e-01,2.195679694414138794e-01,2.195679694414138794e-01,2.334347665309906006e-01,2.366546988487243652e-01,2.560107707977294922e-01,2.959142923355102539e-01,9.368544220924377441e-01,9.628692865371704102e-01,1.000000000000000000e+00,7.719148993492126465e-01,5.448200702667236328e-01,4.279637336730957031e-01,2.661565840244293213e-01,2.348891943693161011e-01,2.355327308177947998e-01,2.449829578399658203e-01,2.924411594867706299e-01,3.324112594127655029e-01,3.288632929325103760e-01,3.388379812240600586e-01,3.769045770168304443e-01,3.836711049079895020e-01,9.653590917587280273e-01,8.278059959411621094e-01
2.066438198089599609e-01,3.687781691551208496e-01,3.768008649349212646e-01,3.458773493766784668e-01,2.990528047084808350e-01,2.644824981689453125e-01,2.432096898555755615e-01,2.303145229816436768e-01,2.135635018348693848e-01,1.960183531045913696e-01,1.916249245405197144e-01,1.903198659420013428e-01,1.972857266664505005e-01,2.007297426462173462e-01,2.180864214897155762e-01,2.539052665233612061e-01,3.408569097518920898e-01,9.938750863075256348e-01,1.000000000000000000e+00,9.787133932113647461e-01,5.696849822998046875e-01,4.078750312328338623e-01,3.104344308376312256e-01,2.578017413616180420e-01,2.277755439281463623e-01,2.111182212829589844e-01,1.999002844095230103e-01,2.002117335796356201e-01,2.082457393407821655e-01,2.166531980037689209e-01,2.419253438711166382e-01,2.810068726539611816e-01,3.488073050975799561e-01,2.225174158811569214e-01,2.066438198089599609e-01,1.000000000000000000e+00,4.445526599884033203e-01
8.860036134719848633e-01,1.000000000000000000e+00,2.910751104354858398e-01,2.326832115650177002e-01,1.955225020647048950e-01,1.738499850034713745e-01,1.617782264947891235e-01,1.592335850000381470e-01,1.664568781852722168e-01,1.944332271814346313e-01,2.163848727941513062e-01,2.403504550457000732e-01,2.481758296489715576e-01,2.108787745237350464e-01,1.921511739492416382e-01,1.830061674118041992e-01,1.780285537242889404e-01,1.772007346153259277e-01,1.772007346153259277e-01,1.780285537242889404e-01,1.885464042425155640e-01,1.944332271814346313e-01,2.108787745237350464e-01,2.206464558839797974e-01,1.944332271814346313e-01,1.804892718791961670e-01,1.772007346153259277e-01,1.775691360235214233e-01,1.861922144889831543e-01,2.049063295125961304e-01,2.426505088806152344e-01,2.858076393604278564e-01,3.783471286296844482e-01,5.459449291229248047e-01,8.852657675743103027e-01,9.662176370620727539e-01,1.000000000000000000e+00
8.428942561149597168e-01,8.383173942565917969e-01,1.000000000000000000e+00,8.196625709533691406e-01,5.593879818916320801e-01,2.892407774925231934e-01,2.370674312114715576e-01,2.088130712509155273e-01,1.999547332525253296e-01,1.997660100460052490e-01,2.027645409107208252e-01,2.178306877613067627e-01,2.554475963115692139e-01,3.441466689109802246e-01,7.671298384666442871e-01,8.404743075370788574e-01,8.110581636428833008e-01,7.998189330101013184e-01,8.013736605644226074e-01,8.110581636428833008e-01,5.371671915054321289e-01,3.830483257770538330e-01,2.887186706066131592e-01,2.433484494686126709e-01,2.178306877613067627e-01,2.027645409107208252e-01,1.997660100460052490e-01,1.999547332525253296e-01,2.088130712509155273e-01,2.294676452875137329e-01,2.647290527820587158e-01,3.024991452693939209e-01,4.041315019130706787e-01,5.767837762832641602e-01,8.538757562637329102e-01,7.358871102333068848e-01,7.307075858116149902e-01
5.159167051315307617e-01,7.369523644447326660e-01,9.145650863647460938e-01,1.000000000000000000e+00,4.880514442920684814e-01,3.618823587894439697e-01,3.060703575611114502e-01,2.732900977134704590e-01,2.623671591281890869e-01,2.599185109138488770e-01,1.217997670173645020e-01,7.680431753396987915e-02,5.997409671545028687e-02,5.364246293902397156e-02,4.945590719580650330e-02,4.814558476209640503e-02,4.797927662730216980e-02,4.797927662730216980e-02,4.797927662730216980e-02,4.797927662730216980e-02,4.814558476209640503e-02,4.945590719580650330e-02,5.364246293902397156e-02,5.997409671545028687e-02,7.680431753396987915e-02,1.217997670173645020e-01,2.679141461849212646e-01,2.502356767654418945e-01,2.420524358749389648e-01,2.517642378807067871e-01,2.629453539848327637e-01,2.774986028671264648e-01,3.075553178787231445e-01,3.515753149986267090e-01,4.134492874145507812e-01,1.000000000000000000e+00,1.000000000000000000e+00
4.828810989856719971e-01,5.463858842849731445e-01,6.162743568420410156e-01,1.000000000000000000e+00,7.776395082473754883e-01,4.794306457042694092e-01,3.237248659133911133e-01,2.781663239002227783e-01,2.516176700592041016e-01,2.333869785070419312e-01,2.282143235206604004e-01,2.431727051734924316e-01,2.699992060661315918e-01,3.160271346569061279e-01,3.593362271785736084e-01,4.820691645145416260e-01,8.089606165885925293e-01,8.131924271583557129e-01,8.131924271583557129e-01,8.254866003990173340e-01,8.576055169105529785e-01,9.151839017868041992e-01,9.768435359001159668e-01,5.771671533584594727e-01,3.769690394401550293e-01,2.948344051837921143e-01,2.443206608295440674e-01,2.282143235206604004e-01,2.223351597785949707e-01,2.304916530847549438e-01,2.418651133775711060e-01,2.566093802452087402e-01,2.813668251037597656e-01,3.341593146324157715e-01,3.966450095176696777e-01,6.151950359344482422e-01,6.511731743812561035e-01
1.440714448690414429e-01,1.614741832017898560e-01,2.136658132076263428e-01,3.507965505123138428e-01,2.553688883781433105e-01,2.249657660722732544e-01,2.259764671325683594e-01,2.315795272588729858e-01,1.886481791734695435e-01,1.318911164999008179e-01,1.190247386693954468e-01,1.151318624615669250e-01,1.160355135798454285e-01,1.234113201498985291e-01,1.281668990850448608e-01,1.540100425481796265e-01,1.807832717895507812e-01,2.848951518535614014e-01,8.859322667121887207e-01,9.008122086524963379e-01,9.357517957687377930e-01,1.000000000000000000e+00,7.466104626655578613e-01,3.838828206062316895e-01,2.689510881900787354e-01,2.156122922897338867e-01,1.787231564521789551e-01,1.628210395574569702e-01,1.422808468341827393e-01,1.295668631792068481e-01,1.177414134144783020e-01,1.160355135798454285e-01,1.173374950885772705e-01,1.270507574081420898e-01,1.375990360975265503e-01,4.430671334266662598e-01,4.312667548656463623e-01
4.835135638713836670e-01,6.499727964401245117e-01,8.072672486305236816e-01,9.510731101036071777e-01,1.000000000000000000e+00,5.221508741378784180e-01,3.614697456359863281e-01,3.126650452613830566e-01,2.620334923267364502e-01,2.606233358383178711e-01,2.662745118141174316e-01,2.841114997863769531e-01,3.171586692333221436e-01,3.193817734718322754e-01,2.889983654022216797e-01,2.714826464653015137e-01,2.633801400661468506e-01,2.606233358383178711e-01,2.606233358383178711e-01,2.633801400661468506e-01,2.714826464653015137e-01,2.889983654022216797e-01,3.193817734718322754e-01,3.763341009616851807e-01,4.347114562988281250e-01,3.581925332546234131e-01,2.932012677192687988e-01,2.633801400661468506e-01,2.510590851306915283e-01,2.476302832365036011e-01,2.572647333145141602e-01,2.714826464653015137e-01,3.059935867786407471e-01,3.434014022350311279e-01,3.972562253475189209e-01,1.000000000000000000e+00,1.000000000000000000e+00
3.219308257102966309e-01,3.292446732521057129e-01,3.427319228649139404e-01,4.173603355884552002e-01,7.194147706031799316e-01,5.691143274307250977e-01,5.532492399215698242e-01,3.886541426181793213e-01,2.396566569805145264e-01,2.048772722482681274e-01,2.069485336542129517e-01,2.186401784420013428e-01,2.420912832021713257e-01,2.534942030906677246e-01,2.894333899021148682e-01,3.288125693798065186e-01,4.366703331470489502e-01,7.367684245109558105e-01,8.175333738327026367e-01,8.302378058433532715e-01,8.615610599517822266e-01,9.199167490005493164e-01,1.000000000000000000e+00,5.419559478759765625e-01,3.465988934040069580e-01,2.690033614635467529e-01,2.265439182519912720e-01,2.096783965826034546e-01,2.026972025632858276e-01,2.004047632217407227e-01,2.069485336542129517e-01,2.206627875566482544e-01,2.426778227090835571e-01,2.658803462982177734e-01,2.981437146663665771e-01,7.558071017265319824e-01,7.035840153694152832e-01
1.445017457008361816e-01,2.805700600147247314e-01,2.891894876956939697e-01,1.554372459650039673e-01,1.170956790447235107e-01,1.048190891742706299e-01,9.874374419450759888e-02,9.672648459672927856e-02,1.017827242612838745e-01,1.397730410099029541e-01,1.423145681619644165e-01,1.365295946598052979e-01,1.318548172712326050e-01,1.221157833933830261e-01,1.221157833933830261e-01,1.268668919801712036e-01,1.345460116863250732e-01,1.365295946598052979e-01,1.440047472715377808e-01,1.838085949420928955e-01,8.421465754508972168e-01,8.995285630226135254e-01,1.000000000000000000e+00,6.217634081840515137e-01,4.071749150753021240e-01,3.059931695461273193e-01,2.413153797388076782e-01,1.326003372669219971e-01,1.155548766255378723e-01,1.079361215233802795e-01,1.077699437737464905e-01,1.081849187612533569e-01,1.081849187612533569e-01,1.139932498335838318e-01,1.263005286455154419e-01,5.313746929168701172e-01,4.837319552898406982e-01
3.755628168582916260e-01,5.543490648269653320e-01,1.000000000000000000e+00,7.229331135749816895e-01,5.969837307929992676e-01,3.741647005081176758e-01,2.865844964981079102e-01,2.410366386175155640e-01,2.235081642866134644e-01,2.049197405576705933e-01,7.195212692022323608e-02,4.810114204883575439e-02,3.867310658097267151e-02,3.391855582594871521e-02,3.237598761916160583e-02,3.217796981334686279e-02,3.217796981334686279e-02,3.217796981334686279e-02,3.217796981334686279e-02,3.217796981334686279e-02,3.217796981334686279e-02,3.237598761916160583e-02,3.391855582594871521e-02,3.867310658097267151e-02,4.810114204883575439e-02,7.195212692022323608e-02,2.230788022279739380e-01,2.047637253999710083e-01,1.979389935731887817e-01,1.983260959386825562e-01,2.023143917322158813e-01,2.123938500881195068e-01,2.286534458398818970e-01,2.555297911167144775e-01,3.079975843429565430e-01,1.000000000000000000e+00,1.000000000000000000e+00
9.039164185523986816e-01,8.618844747543334961e-01,8.329720497131347656e-01,5.406762957572937012e-01,3.722759485244750977e-01,3.217470347881317139e-01,2.905664145946502686e-01,2.997891902923583984e-01,3.064073324203491211e-01,2.709833085536956787e-01,2.423748522996902466e-01,2.382759749889373779e-01,2.477827370166778564e-01,2.584669589996337891e-01,3.038834631443023682e-01,3.567995727062225342e-01,4.804819524288177490e-01,7.396526336669921875e-01,7.669237852096557617e-01,7.783518433570861816e-01,8.081550598144531250e-01,8.619260191917419434e-01,9.576032161712646484e-01,6.207132339477539062e-01,3.908177018165588379e-01,3.077487945556640625e-01,2.633408904075622559e-01,2.409667521715164185e-01,2.403714060783386230e-01,2.456776052713394165e-01,2.623870074748992920e-01,2.777075171470642090e-01,3.372918665409088135e-01,4.163784980773925781e-01,1.000000000000000000e+00,7.490977644920349121e-01,6.071707010269165039e-01
1.265429705381393433e-01,1.265429705381393433e-01,1.286853253841400146e-01,1.688525080680847168e-01,1.636369973421096802e-01,1.537430733442306519e-01,1.437115967273712158e-01,1.374892592430114746e-01,1.309716403484344482e-01,1.191675513982772827e-01,1.170512065291404724e-01,1.256136298179626465e-01,1.438745707273483276e-01,1.706929206848144531e-01,2.061391770839691162e-01,2.781980633735656738e-01,4.985998272895812988e-01,6.426978111267089844e-01,9.460530877113342285e-01,9.619945287704467773e-01,1.000000000000000000e+00,2.731830179691314697e-01,1.847996562719345093e-01,1.438745707273483276e-01,1.290490180253982544e-01,1.209244206547737122e-01,1.225286871194839478e-01,1.227834224700927734e-01,1.374892592430114746e-01,1.809986382722854614e-01,2.906661331653594971e-01,2.853776514530181885e-01,1.813435554504394531e-01,1.612325608730316162e-01,1.304936408996582031e-01,5.443445444107055664e-01,2.557511925697326660e-01
5.540793538093566895e-01,1.000000000000000000e+00,7.367790341377258301e-01,4.954105913639068604e-01,3.779036998748779297e-01,3.075423240661621094e-01,2.743427157402038574e-01,2.538487911224365234e-01,2.446578294038772583e-01,2.401257157325744629e-01,8.799671381711959839e-02,5.856289342045783997e-02,4.629803448915481567e-02,4.268467798829078674e-02,4.173248261213302612e-02,4.141021892428398132e-02,4.141021892428398132e-02,4.141021892428398132e-02,4.141021892428398132e-02,4.141021892428398132e-02,4.141021892428398132e-02,4.173248261213302612e-02,4.268467798829078674e-02,4.629803448915481567e-02,5.856289342045783997e-02,8.799671381711959839e-02,2.401257157325744629e-01,2.297474294900894165e-01,2.230008542537689209e-01,2.239599972963333130e-01,2.343659251928329468e-01,2.515692114830017090e-01,2.801413536071777344e-01,3.224700391292572021e-01,4.042139053344726562e-01,1.000000000000000000e+00,1.000000000000000000e+00
5.557595491409301758e-01,4.909055829048156738e-01,3.900585174560546875e-01,2.325859665870666504e-01,1.994791626930236816e-01,1.887609362602233887e-01,1.842991858720779419e-01,1.842991858720779419e-01,1.887609362602233887e-01,1.880707591772079468e-01,1.848627924919128418e-01,1.807368248701095581e-01,1.820273101329803467e-01,1.937918066978454590e-01,2.280693054199218750e-01,3.163511157035827637e-01,5.580012798309326172e-01,8.878313302993774414e-01,8.878313302993774414e-01,9.011768102645874023e-01,9.350841045379638672e-01,1.000000000000000000e+00,4.294733107089996338e-01,2.783940434455871582e-01,2.226451635360717773e-01,1.980398148298263550e-01,1.947289854288101196e-01,1.952624917030334473e-01,2.030969560146331787e-01,2.240425348281860352e-01,2.503573596477508545e-01,3.188079297542572021e-01,5.935062766075134277e-01,6.135445833206176758e-01,6.013854742050170898e-01,5.877237319946289062e-01,6.510555148124694824e-01
1.452213972806930542e-01,1.372653841972351074e-01,1.318892836570739746e-01,1.290577054023742676e-01,1.290577054023742676e-01,1.387156099081039429e-01,1.387156099081039429e-01,1.417887955904006958e-01,1.494012773036956787e-01,1.609100997447967529e-01,1.697552502155303955e-01,1.836921423673629761e-01,2.019729614257812500e-01,2.396209090948104858e-01,4.053914546966552734e-01,4.554267823696136475e-01,7.577478885650634766e-01,1.000000000000000000e+00,1.000000000000000000e+00,3.216766715049743652e-01,1.786794811487197876e-01,1.431932151317596436e-01,1.333979666233062744e-01,1.333979666233062744e-01,1.340885609388351440e-01,1.340885609388351440e-01,1.397107839584350586e-01,1.446904093027114868e-01,1.509388983249664307e-01,1.589852720499038696e-01,1.534673571586608887e-01,1.523600071668624878e-01,1.541679054498672485e-01,1.514479666948318481e-01,1.499155610799789429e-01,5.362861156463623047e-01,4.655576348304748535e-01
5.754582285881042480e-01,7.102005481719970703e-01,1.000000000000000000e+00,8.541824221611022949e-01,3.926091194152832031e-01,3.082994818687438965e-01,2.648707330226898193e-01,2.415601760149002075e-01,2.305581122636795044e-01,2.299721986055374146e-01,2.336100637912750244e-01,2.502022981643676758e-01,2.874652445316314697e-01,3.430954813957214355e-01,2.944210469722747803e-01,2.450260668992996216e-01,2.312884181737899780e-01,2.299721986055374146e-01,2.231235802173614502e-01,2.231235802173614502e-01,2.290905117988586426e-01,2.502022981643676758e-01,2.847537994384765625e-01,3.949218988418579102e-01,3.195804655551910400e-01,2.593372464179992676e-01,2.301188111305236816e-01,2.255292981863021851e-01,2.259775251150131226e-01,2.282054126262664795e-01,2.503370642662048340e-01,2.694160342216491699e-01,3.015520274639129639e-01,3.740431070327758789e-01,5.333583354949951172e-01,1.000000000000000000e+00,1.000000000000000000e+00
3.614594042301177979e-01,1.998091191053390503e-01,1.920553147792816162e-01,1.920553147792816162e-01,1.955193430185317993e-01,2.675443589687347412e-01,2.523210644721984863e-01,2.367160320281982422e-01,2.275847047567367554e-01,2.269628942012786865e-01,2.219256460666656494e-01,2.101508229970932007e-01,2.081235945224761963e-01,1.960607022047042847e-01,1.920553147792816162e-01,1.920553147792816162e-01,1.940683424472808838e-01,2.060764282941818237e-01,2.355189770460128784e-01,8.972037434577941895e-01,9.037951231002807617e-01,1.000000000000000000e+00,7.577095627784729004e-01,5.028185248374938965e-01,4.210575222969055176e-01,3.182102739810943604e-01,2.355189770460128784e-01,2.143126279115676880e-01,2.067610770463943481e-01,2.024440765380859375e-01,2.024440765380859375e-01,2.088015228509902954e-01,2.148066312074661255e-01,2.420295327901840210e-01,2.936100959777832031e-01,8.899523615837097168e-01,8.249772191047668457e-01
4.738833308219909668e-01,6.938825845718383789e-01,9.153814315795898438e-01,1.000000000000000000e+00,3.963465392589569092e-01,2.966726124286651611e-01,2.424523979425430298e-01,2.053716033697128296e-01,1.966089457273483276e-01,1.961430460214614868e-01,2.002971321344375610e-01,2.149490863084793091e-01,2.408432811498641968e-01,2.438633888959884644e-01,2.122721523046493530e-01,2.017761915922164917e-01,1.971897780895233154e-01,1.961430460214614868e-01,1.961430460214614868e-01,1.971897780895233154e-01,2.017761915922164917e-01,2.122721523046493530e-01,2.344915270805358887e-01,2.726475596427917480e-01,2.934166193008422852e-01,2.347839772701263428e-01,2.096701562404632568e-01,1.904633939266204834e-01,1.875590831041336060e-01,1.879245787858963013e-01,2.057054489850997925e-01,2.113001644611358643e-01,2.483246773481369019e-01,2.930265963077545166e-01,3.448749184608459473e-01,1.000000000000000000e+00,1.000000000000000000e+00
2.222436368465423584e-01,2.226514220237731934e-01,2.258872240781784058e-01,2.364813685417175293e-01,2.345556020736694336e-01,2.238703370094299316e-01,2.113652080297470093e-01,2.044941335916519165e-01,1.957689225673675537e-01,1.896496266126632690e-01,1.813361495733261108e-01,1.832024455070495605e-01,1.832024455070495605e-01,1.907227933406829834e-01,1.963472664356231689e-01,2.018150538206100464e-01,2.126488238573074341e-01,2.171861231327056885e-01,2.358091473579406738e-01,2.714826464653015137e-01,9.370614886283874512e-01,1.000000000000000000e+00,6.932771205902099609e-01,4.501652717590332031e-01,3.313012421131134033e-01,2.695545554161071777e-01,2.290773093700408936e-01,2.074667513370513916e-01,1.957689225673675537e-01,1.907227933406829834e-01,1.907227933406829834e-01,1.914348900318145752e-01,1.988719999790191650e-01,2.088829278945922852e-01,2.223456501960754395e-01,9.892081022262573242e-01,6.375677585601806641e-01
4.794308841228485107e-01,6.158181428909301758e-01,7.694125771522521973e-01,9.000330567359924316e-01,9.551318883895874023e-01,8.898805975914001465e-01,7.067624926567077637e-01,3.157999217510223389e-01,2.394332587718963623e-01,2.297504991292953491e-01,2.271463274955749512e-01,2.376193404197692871e-01,2.539040744304656982e-01,2.794570922851562500e-01,3.288868665695190430e-01,4.234857559204101562e-01,6.029493212699890137e-01,8.845773339271545410e-01,8.845773339271545410e-01,8.959375619888305664e-01,9.307556748390197754e-01,1.000000000000000000e+00,6.486663222312927246e-01,4.160126447677612305e-01,3.210650086402893066e-01,2.530506253242492676e-01,2.193949073553085327e-01,2.105903476476669312e-01,2.105903476476669312e-01,2.193949073553085327e-01,2.290432006120681763e-01,2.504727840423583984e-01,2.747731208801269531e-01,3.128749728202819824e-01,3.733988702297210693e-01,7.289208173751831055e-01,8.042959570884704590e-01
4.974626600742340088e-01,1.000000000000000000e+00,7.353552579879760742e-01,4.475066065788269043e-01,3.289760947227478027e-01,2.662653326988220215e-01,2.252482324838638306e-01,1.920773983001708984e-01,1.784591972827911377e-01,1.753343641757965088e-01,8.560494333505630493e-02,5.398063734173774719e-02,4.215179756283760071e-02,3.770171478390693665e-02,3.475926071405410767e-02,3.383832424879074097e-02,3.372143954038619995e-02,3.372143954038619995e-02,3.372143954038619995e-02,3.372143954038619995e-02,3.383832424879074097e-02,3.475926071405410767e-02,3.770171478390693665e-02,4.215179756283760071e-02,5.398063734173774719e-02,8.560494333505630493e-02,1.770598441362380981e-01,1.769483089447021484e-01,1.769483089447021484e-01,1.823765635490417480e-01,2.007023692131042480e-01,2.198548316955566406e-01,2.526296079158782959e-01,2.968901991844177246e-01,3.728257119655609131e-01,1.000000000000000000e+00,1.000000000000000000e+00
6.244313716888427734e-01,1.000000000000000000e+00,8.842979669570922852e-01,4.863434135913848877e-01,3.349958658218383789e-01,2.660569846630096436e-01,2.248266190290451050e-01,2.027587443590164185e-01,1.871970444917678833e-01,1.860520988702774048e-01,1.915300488471984863e-01,2.070963233709335327e-01,2.382629513740539551e-01,2.843195497989654541e-01,3.651717901229858398e-01,4.752507209777832031e-01,5.635813474655151367e-01,5.545769333839416504e-01,5.545769333839416504e-01,5.635813474655151367e-01,5.844275355339050293e-01,6.250606775283813477e-01,5.198454856872558594e-01,3.409388661384582520e-01,2.644135653972625732e-01,2.166173458099365234e-01,1.901865899562835693e-01,1.795054972171783447e-01,1.766255348920822144e-01,1.836477518081665039e-01,1.930413395166397095e-01,2.100467979907989502e-01,2.422473132610321045e-01,2.876369953155517578e-01,3.894769549369812012e-01,7.187500000000000000e-01,7.121687531471252441e-01
1.805624663829803467e-01,1.562055051326751709e-01,1.312186270952224731e-01,1.250135451555252075e-01,1.202247887849807739e-01,1.126606389880180359e-01,1.150803118944168091e-01,1.150410547852516174e-01,1.115728840231895447e-01,1.085773631930351257e-01,1.094062104821205139e-01,1.067312434315681458e-01,1.094062104821205139e-01,1.148445680737495422e-01,1.258777081966400146e-01,1.507611125707626343e-01,2.201501131057739258e-01,4.166118502616882324e-01,9.453139901161193848e-01,9.619861245155334473e-01,1.000000000000000000e+00,2.654661536216735840e-01,1.789795458316802979e-01,1.370773464441299438e-01,1.169491261243820190e-01,1.108417809009552002e-01,1.112485378980636597e-01,1.148445680737495422e-01,1.245429590344429016e-01,1.335050165653228760e-01,1.445824950933456421e-01,1.436736583709716797e-01,1.532571315765380859e-01,1.520736664533615112e-01,1.562055051326751709e-01,5.937500000000000000e-01,5.394203066825866699e-01
5.818226337432861328e-01,6.183156371116638184e-01,5.467806458473205566e-01,4.959308207035064697e-01,2.470587790012359619e-01,1.908873170614242554e-01,1.626849919557571411e-01,1.466536372900009155e-01,1.397015750408172607e-01,1.355034261941909790e-01,1.373275965452194214e-01,1.414087861776351929e-01,1.534645557403564453e-01,1.792665868997573853e-01,2.198794186115264893e-01,3.100405335426330566e-01,4.939196705818176270e-01,9.457371830940246582e-01,9.457371830940246582e-01,9.616259336471557617e-01,1.000000000000000000e+00,7.326254844665527344e-01,3.589790761470794678e-01,2.251909971237182617e-01,1.772724539041519165e-01,1.513653993606567383e-01,1.433438509702682495e-01,1.360924392938613892e-01,1.362229883670806885e-01,1.417226791381835938e-01,1.582543402910232544e-01,1.863641738891601562e-01,2.187447696924209595e-01,2.759786844253540039e-01,5.295397639274597168e-01,5.312500000000000000e-01,5.723427534103393555e-01
2.405563592910766602e-01,1.581692248582839966e-01,1.370242089033126831e-01,1.231850311160087585e-01,1.231850311160087585e-01,2.191675454378128052e-01,2.105547487735748291e-01,1.850953251123428345e-01,1.655542850494384766e-01,1.494881361722946167e-01,1.351128220558166504e-01,1.358143389225006104e-01,1.297884881496429443e-01,1.344820708036422729e-01,1.388732790946960449e-01,1.416192650794982910e-01,1.672674268484115601e-01,2.102694958448410034e-01,4.875667393207550049e-01,1.000000000000000000e+00,6.126439571380615234e-01,4.377984702587127686e-01,3.413721621036529541e-01,2.316594421863555908e-01,1.768032163381576538e-01,1.495884805917739868e-01,1.328355818986892700e-01,1.273376047611236572e-01,1.270229965448379517e-01,1.324585378170013428e-01,1.409111618995666504e-01,1.467530578374862671e-01,1.669082343578338623e-01,1.900285035371780396e-01,2.282884865999221802e-01,1.000000000000000000e+00,4.513326287269592285e-01
6.338934302330017090e-01,8.706077337265014648e-01,7.228948473930358887e-01,7.829577922821044922e-01,7.178072333335876465e-01,2.513075172901153564e-01,2.025537043809890747e-01,1.821845024824142456e-01,1.792510002851486206e-01,1.786714196205139160e-01,1.747584342956542969e-01,1.762686818838119507e-01,1.786068975925445557e-01,1.937718689441680908e-01,2.224052548408508301e-01,2.799430191516876221e-01,3.958992362022399902e-01,1.000000000000000000e+00,1.000000000000000000e+00,8.514134883880615234e-01,5.063842535018920898e-01,3.639259338378906250e-01,2.858904004096984863e-01,2.362259477376937866e-01,2.082763761281967163e-01,1.921593248844146729e-01,1.872383505105972290e-01,1.882205903530120850e-01,1.989368945360183716e-01,2.198514938354492188e-01,2.445204555988311768e-01,2.746229469776153564e-01,2.963027656078338623e-01,3.476985991001129150e-01,4.522618055343627930e-01,9.209970235824584961e-01,6.115520000457763672e-01
8.998333215713500977e-01,1.000000000000000000e+00,2.314756959676742554e-01,1.630503386259078979e-01,1.319511383771896362e-01,1.167728900909423828e-01,1.037129610776901245e-01,9.790034592151641846e-02,9.298901259899139404e-02,9.262824058532714844e-02,6.729458272457122803e-02,4.519354179501533508e-02,3.531625121831893921e-02,3.116093389689922333e-02,2.950517088174819946e-02,2.893220074474811554e-02,2.893220074474811554e-02,2.893220074474811554e-02,2.893220074474811554e-02,2.893220074474811554e-02,2.893220074474811554e-02,2.950517088174819946e-02,3.116093389689922333e-02,3.531625121831893921e-02,4.519354179501533508e-02,6.729458272457122803e-02,9.370639175176620483e-02,9.586998075246810913e-02,1.006408184766769409e-01,1.116423159837722778e-01,1.309961080551147461e-01,1.591271013021469116e-01,2.134914100170135498e-01,3.184382617473602295e-01,6.407682299613952637e-01,7.753051519393920898e-01,1.000000000000000000e+00
7.061024904251098633e-01,1.000000000000000000e+00,8.571723699569702148e-01,3.862930238246917725e-01,1.842118501663208008e-01,1.446477621793746948e-01,1.204731836915016174e-01,1.088219806551933289e-01,1.041788384318351746e-01,1.009224429726600647e-01,1.019354909658432007e-01,1.091754883527755737e-01,1.254351437091827393e-01,1.497093290090560913e-01,1.948842853307723999e-01,3.247697949409484863e-01,4.112704992294311523e-01,4.053725600242614746e-01,4.053725600242614746e-01,4.112704992294311523e-01,2.828527092933654785e-01,2.028604596853256226e-01,1.625034958124160767e-01,1.333273351192474365e-01,1.186469122767448425e-01,1.096450686454772949e-01,1.075158342719078064e-01,1.077544912695884705e-01,1.133316382765769958e-01,1.253839284181594849e-01,1.470693647861480713e-01,1.791930496692657471e-01,2.372126281261444092e-01,3.536237776279449463e-01,5.261567234992980957e-01,6.976743936538696289e-01,7.881099581718444824e-01
6.382253766059875488e-01,1.000000000000000000e+00,9.196262359619140625e-01,3.475819528102874756e-01,2.376117408275604248e-01,1.876990944147109985e-01,1.604043990373611450e-01,1.438729614019393921e-01,1.398986726999282837e-01,1.390040665864944458e-01,1.456311494112014771e-01,1.695395559072494507e-01,1.978466063737869263e-01,2.443215101957321167e-01,2.218187600374221802e-01,2.088169902563095093e-01,2.015202343463897705e-01,1.990536153316497803e-01,1.990536153316497803e-01,1.831509023904800415e-01,1.116493046283721924e-01,8.152896165847778320e-02,6.482101976871490479e-02,5.526313558220863342e-02,4.995107278227806091e-02,4.749293625354766846e-02,4.738774895668029785e-02,4.738774895668029785e-02,4.832620918750762939e-02,5.229378491640090942e-02,6.068592891097068787e-02,7.162363827228546143e-02,9.482813626527786255e-02,1.379228532314300537e-01,2.757914364337921143e-01,3.720930218696594238e-01,9.147272109985351562e-01
4.511139690876007080e-01,9.915714263916015625e-01,1.000000000000000000e+00,6.148009300231933594e-01,4.047130346298217773e-01,3.167807161808013916e-01,2.535460293292999268e-01,2.175440341234207153e-01,2.016307264566421509e-01,1.969642639160156250e-01,1.981469690799713135e-01,2.071226984262466431e-01,2.302309423685073853e-01,2.276696264743804932e-01,2.057690173387527466e-01,1.933964490890502930e-01,1.871115118265151978e-01,1.846716254949569702e-01,1.846716254949569702e-01,1.871115118265151978e-01,1.933964490890502930e-01,2.017215937376022339e-01,2.234448790550231934e-01,2.698275446891784668e-01,2.708274424076080322e-01,2.254046052694320679e-01,2.028313875198364258e-01,1.917549520730972290e-01,1.881857514381408691e-01,1.906047016382217407e-01,2.011985629796981812e-01,2.167634218931198120e-01,2.423299700021743774e-01,2.766516506671905518e-01,3.344112634658813477e-01,1.000000000000000000e+00,1.000000000000000000e+00
9.227756261825561523e-01,1.000000000000000000e+00,9.602027535438537598e-01,8.339104652404785156e-01,4.279820621013641357e-01,3.328407108783721924e-01,2.534162402153015137e-01,2.181870788335800171e-01,2.063704729080200195e-01,2.050507813692092896e-01,2.057380825281143188e-01,2.209565639495849609e-01,2.489199191331863403e-01,2.906588613986968994e-01,3.532576560974121094e-01,4.370206892490386963e-01,6.409658789634704590e-01,8.494439125061035156e-01,8.492010235786437988e-01,8.628377914428710938e-01,8.916183114051818848e-01,9.589239954948425293e-01,7.387480735778808594e-01,4.469221234321594238e-01,3.084575235843658447e-01,2.441630512475967407e-01,2.097110301256179810e-01,2.012017369270324707e-01,2.001194059848785400e-01,2.055268436670303345e-01,2.241766899824142456e-01,2.395384162664413452e-01,2.876167893409729004e-01,3.389507532119750977e-01,4.397701323032379150e-01,6.716417670249938965e-01,6.306726932525634766e-01
1.335591226816177368e-01,1.304353177547454834e-01,1.276138275861740112e-01,1.170463636517524719e-01,1.141542941331863403e-01,1.158981993794441223e-01,1.149972528219223022e-01,1.170463636517524719e-01,1.207024976611137390e-01,1.199306398630142212e-01,1.229890212416648865e-01,1.285708397626876831e-01,1.302928477525711060e-01,1.389837861061096191e-01,1.482187509536743164e-01,1.685750037431716919e-01,2.386502474546432495e-01,3.913818895816802979e-01,9.446651935577392578e-01,9.611316919326782227e-01,1.000000000000000000e+00,2.907693386077880859e-01,1.874399334192276001e-01,1.494168937206268311e-01,1.279916912317276001e-01,1.203326210379600525e-01,1.173316538333892822e-01,1.207024976611137390e-01,1.276138275861740112e-01,1.357932984828948975e-01,1.277302205562591553e-01,1.262677162885665894e-01,1.267961561679840088e-01,1.276138275861740112e-01,1.340033859014511108e-01,6.634055972099304199e-01,4.900128543376922607e-01
4.755643308162689209e-01,4.758644104003906250e-01,4.375331401824951172e-01,4.043945074081420898e-01,3.228675425052642822e-01,1.783798187971115112e-01,1.260306537151336670e-01,1.093832850456237793e-01,1.047161966562271118e-01,1.044680550694465637e-01,1.066805645823478699e-01,1.144843697547912598e-01,1.311274021863937378e-01,1.453938484191894531e-01,1.668784916400909424e-01,2.000843286514282227e-01,2.970571219921112061e-01,5.498743653297424316e-01,9.453603625297546387e-01,9.615296721458435059e-01,9.957214593887329102e-01,1.000000000000000000e+00,4.248020648956298828e-01,2.790598273277282715e-01,2.142715007066726685e-01,1.738855391740798950e-01,1.585032492876052856e-01,1.485285609960556030e-01,1.505246460437774658e-01,1.600107103586196899e-01,1.834722906351089478e-01,2.110987454652786255e-01,2.819282114505767822e-01,4.181981682777404785e-01,4.447840452194213867e-01,4.477612078189849854e-01,5.000211000442504883e-01
6.025847792625427246e-01,1.000000000000000000e+00,6.453045010566711426e-01,3.112115263938903809e-01,2.330638915300369263e-01,1.904141157865524292e-01,1.641961187124252319e-01,1.476001143455505371e-01,1.474796831607818604e-01,1.492998898029327393e-01,9.803018718957901001e-02,6.292150169610977173e-02,4.746801778674125671e-02,4.173059016466140747e-02,3.881855681538581848e-02,3.770391643047332764e-02,3.732497245073318481e-02,3.732497245073318481e-02,3.732497245073318481e-02,3.732497245073318481e-02,3.770391643047332764e-02,3.881855681538581848e-02,4.173059016466140747e-02,4.746801778674125671e-02,6.292150169610977173e-02,9.803018718957901001e-02,1.492998898029327393e-01,1.531076133251190186e-01,1.619513779878616333e-01,1.811750680208206177e-01,2.130354791879653931e-01,2.640620470046997070e-01,3.458191156387329102e-01,3.930079638957977295e-01,4.773530364036560059e-01,1.000000000000000000e+00,1.000000000000000000e+00
4.318423867225646973e-01,6.905651688575744629e-01,9.509803056716918945e-01,1.000000000000000000e+00,4.722917675971984863e-01,3.394831120967864990e-01,2.741560339927673340e-01,2.361028045415878296e-01,2.111767679452896118e-01,2.027223110198974609e-01,2.074443399906158447e-01,2.255256175994873047e-01,2.583228349685668945e-01,3.120022714138031006e-01,3.943746089935302734e-01,5.792031884193420410e-01,5.578612089157104492e-01,5.492018461227416992e-01,5.492018461227416992e-01,5.578612089157104492e-01,5.792031884193420410e-01,4.628937244415283203e-01,3.636491298675537109e-01,3.011725544929504395e-01,2.634386420249938965e-01,2.367911487817764282e-01,2.218878716230392456e-01,1.956959515810012817e-01,1.933531910181045532e-01,1.958622187376022339e-01,2.025616765022277832e-01,2.218878716230392456e-01,2.489868104457855225e-01,2.806684076786041260e-01,3.475378155708312988e-01,9.122806787490844727e-01,7.202786207199096680e-01
1.554404497146606445e-01,1.252685636281967163e-01,1.075996384024620056e-01,1.075996384024620056e-01,1.847602427005767822e-01,1.815264821052551270e-01,1.730366051197052002e-01,1.585884243249893188e-01,1.380853056907653809e-01,1.295671164989471436e-01,1.152719259262084961e-01,1.121389493346214294e-01,1.118606403470039368e-01,1.120197549462318420e-01,1.183596029877662659e-01,1.309006065130233765e-01,1.570648550987243652e-01,2.072945088148117065e-01,5.318799018859863281e-01,9.668688774108886719e-01,1.000000000000000000e+00,7.162575721740722656e-01,2.988004982471466064e-01,1.677843183279037476e-01,1.401339769363403320e-01,1.223553568124771118e-01,1.134417876601219177e-01,1.136378794908523560e-01,1.142241507768630981e-01,1.167306303977966309e-01,1.223917454481124878e-01,1.277326345443725586e-01,1.441439688205718994e-01,1.736531257629394531e-01,2.099412828683853149e-01,6.891072988510131836e-01,3.281922638416290283e-01
4.600938260555267334e-01,6.535027027130126953e-01,5.416389107704162598e-01,6.308804154396057129e-01,5.695624351501464844e-01,2.497891187667846680e-01,1.824047714471817017e-01,1.610463261604309082e-01,1.483467072248458862e-01,1.478342860937118530e-01,1.467466205358505249e-01,1.506030559539794922e-01,1.642603129148483276e-01,1.831428855657577515e-01,2.050377279520034790e-01,2.669230103492736816e-01,3.555628657341003418e-01,9.436215162277221680e-01,9.460042715072631836e-01,9.616245627403259277e-01,1.000000000000000000e+00,7.375383973121643066e-01,5.689106583595275879e-01,3.444084823131561279e-01,2.387432008981704712e-01,1.942252367734909058e-01,1.642603129148483276e-01,1.523840874433517456e-01,1.494791358709335327e-01,1.456508338451385498e-01,1.481191813945770264e-01,1.552346795797348022e-01,1.708030849695205688e-01,2.000000029802322388e-01,2.956970930099487305e-01,6.491228342056274414e-01,4.827683269977569580e-01
4.082437157630920410e-01,5.962618589401245117e-01,9.705603718757629395e-01,1.000000000000000000e+00,4.955035150051116943e-01,3.311627209186553955e-01,2.727762758731842041e-01,2.224024385213851929e-01,2.058075815439224243e-01,2.007427960634231567e-01,2.036484628915786743e-01,2.214190810918807983e-01,2.365921139717102051e-01,2.041698247194290161e-01,1.855331808328628540e-01,1.746271103620529175e-01,1.688936501741409302e-01,1.672624349594116211e-01,1.672624349594116211e-01,1.688936501741409302e-01,1.746271103620529175e-01,1.855331808328628540e-01,2.014384269714355469e-01,2.413220852613449097e-01,2.798236012458801270e-01,2.491031289100646973e-01,2.107772231101989746e-01,1.915866881608963013e-01,1.845049560070037842e-01,1.929834485054016113e-01,2.010769993066787720e-01,2.201265245676040649e-01,2.453689277172088623e-01,2.771917581558227539e-01,3.288738429546356201e-01,1.000000000000000000e+00,1.000000000000000000e+00
1.659299135208129883e-01,1.638793051242828369e-01,1.594226658344268799e-01,1.540126949548721313e-01,1.541717201471328735e-01,1.616208702325820923e-01,1.546477973461151123e-01,1.488343030214309692e-01,1.504391282796859741e-01,1.479756981134414673e-01,1.415778994560241699e-01,1.442186832427978516e-01,1.463773548603057861e-01,1.427843123674392700e-01,1.433666199445724487e-01,1.541717201471328735e-01,1.647740155458450317e-01,1.922292560338973999e-01,2.411492913961410522e-01,8.995074033737182617e-01,9.356971979141235352e-01,1.000000000000000000e+00,5.051002502441406250e-01,2.870236635208129883e-01,2.254359722137451172e-01,1.708485037088394165e-01,1.502761542797088623e-01,1.425782293081283569e-01,1.447613686323165894e-01,1.477768570184707642e-01,1.505368202924728394e-01,1.514456272125244141e-01,1.512189358472824097e-01,1.554380357265472412e-01,1.621355414390563965e-01,7.939969301223754883e-01,1.408436447381973267e-01
5.496586561203002930e-01,8.380241394042968750e-01,9.618699550628662109e-01,9.733989238739013672e-01,9.234152436256408691e-01,4.269782900810241699e-01,2.958052456378936768e-01,2.598022222518920898e-01,2.462958693504333496e-01,2.361760586500167847e-01,2.323869019746780396e-01,2.335934489965438843e-01,2.404597997665405273e-01,2.620138227939605713e-01,3.200228512287139893e-01,4.121677279472351074e-01,5.264220833778381348e-01,8.736880421638488770e-01,8.877491354942321777e-01,9.025750160217285156e-01,9.375511407852172852e-01,1.000000000000000000e+00,9.668102860450744629e-01,5.718226432800292969e-01,3.917009234428405762e-01,3.021396994590759277e-01,2.611087560653686523e-01,2.336567789316177368e-01,2.311100363731384277e-01,2.278216481208801270e-01,2.386067509651184082e-01,2.567661702632904053e-01,2.919284701347351074e-01,3.388847410678863525e-01,4.578783810138702393e-01,7.515623569488525391e-01,5.884897708892822266e-01
1.567302942276000977e-01,1.253601312637329102e-01,1.195369735360145569e-01,1.205205097794532776e-01,1.265597790479660034e-01,1.483408361673355103e-01,2.045891731977462769e-01,1.740875244140625000e-01,1.483090072870254517e-01,1.364696919918060303e-01,1.334253847599029541e-01,1.218841224908828735e-01,1.223867386579513550e-01,1.218841224908828735e-01,1.212237104773521423e-01,1.251339167356491089e-01,1.469013839960098267e-01,2.474023401737213135e-01,3.198431730270385742e-01,1.000000000000000000e+00,5.952861309051513672e-01,4.253945052623748779e-01,3.317002058029174805e-01,2.707158327102661133e-01,1.869319975376129150e-01,1.520507186651229858e-01,1.290720105171203613e-01,1.230025291442871094e-01,1.215737909078598022e-01,1.247938275337219238e-01,1.282277852296829224e-01,1.358454376459121704e-01,1.388366967439651489e-01,1.564890742301940918e-01,1.572116166353225708e-01,1.000000000000000000e+00,4.565175473690032959e-01
3.778481781482696533e-01,4.666343033313751221e-01,4.813988208770751953e-01,4.708851277828216553e-01,5.779191255569458008e-01,4.177789390087127686e-01,1.847138106822967529e-01,1.620080471038818359e-01,1.540442109107971191e-01,1.496236175298690796e-01,1.374968737363815308e-01,1.371404677629470825e-01,1.348786205053329468e-01,1.350858062505722046e-01,1.483094543218612671e-01,1.674409359693527222e-01,2.122265994548797607e-01,3.159092366695404053e-01,1.000000000000000000e+00,6.250318288803100586e-01,3.742785751819610596e-01,2.667861878871917725e-01,2.121277451515197754e-01,1.757926046848297119e-01,1.538625508546829224e-01,1.415557712316513062e-01,1.383586078882217407e-01,1.388126611709594727e-01,1.466501951217651367e-01,1.577663868665695190e-01,1.718914210796356201e-01,1.869710981845855713e-01,2.023783922195434570e-01,2.317838370800018311e-01,2.809547781944274902e-01,8.737732172012329102e-01,5.557404160499572754e-01
1.000000000000000000e+00,3.071705400943756104e-01,1.866367310285568237e-01,1.422862410545349121e-01,1.131864041090011597e-01,9.752017259597778320e-02,8.762046694755554199e-02,8.318591862916946411e-02,8.159695565700531006e-02,8.256532996892929077e-02,8.396913111209869385e-02,7.217080891132354736e-02,5.444570258259773254e-02,4.786488413810729980e-02,4.452479258179664612e-02,4.324630275368690491e-02,4.281165450811386108e-02,4.281165450811386108e-02,4.281165450811386108e-02,4.281165450811386108e-02,4.324630275368690491e-02,4.452479258179664612e-02,4.786488413810729980e-02,5.444570258259773254e-02,7.217080891132354736e-02,8.396913111209869385e-02,8.256532996892929077e-02,8.279153704643249512e-02,8.611336350440979004e-02,9.597366303205490112e-02,1.104686930775642395e-01,1.351749598979949951e-01,1.791723072528839111e-01,2.698132395744323730e-01,5.414775609970092773e-01,6.575772166252136230e-01,1.000000000000000000e+00
6.446137428283691406e-01,8.731198906898498535e-01,8.902907371520996094e-01,1.000000000000000000e+00,4.131051301956176758e-01,1.767694056034088135e-01,1.362312436103820801e-01,1.191307678818702698e-01,1.090190112590789795e-01,1.052702069282531738e-01,1.047798916697502136e-01,1.078794077038764954e-01,1.145470887422561646e-01,1.380337178707122803e-01,1.636386960744857788e-01,2.234962284564971924e-01,3.511419296264648438e-01,8.909499049186706543e-01,8.907071352005004883e-01,4.898659884929656982e-01,2.908196747303009033e-01,2.102466970682144165e-01,1.670027673244476318e-01,1.398129612207412720e-01,1.239606216549873352e-01,1.149061694741249084e-01,1.134630218148231506e-01,1.135537549853324890e-01,1.191307678818702698e-01,1.300426721572875977e-01,1.511402428150177002e-01,1.842997074127197266e-01,2.456258237361907959e-01,3.674240112304687500e-01,5.103566050529479980e-01,5.871224999427795410e-01,6.604506373405456543e-01
7.917141318321228027e-01,1.000000000000000000e+00,1.985521614551544189e-01,1.411328613758087158e-01,1.056402996182441711e-01,9.018313884735107422e-02,8.013586699962615967e-02,7.292276620864868164e-02,6.982921063899993896e-02,6.982921063899993896e-02,7.380063086748123169e-02,8.284544199705123901e-02,9.767616540193557739e-02,1.201846599578857422e-01,1.649395823478698730e-01,2.263741344213485718e-01,2.184105366468429565e-01,2.154417186975479126e-01,2.154417186975479126e-01,2.184105366468429565e-01,1.780302524566650391e-01,1.270322501659393311e-01,1.030391156673431396e-01,8.498338609933853149e-02,7.607194781303405762e-02,7.081046700477600098e-02,6.976330280303955078e-02,6.982921063899993896e-02,7.292276620864868164e-02,8.013586699962615967e-02,9.245003014802932739e-02,1.122689098119735718e-01,1.479125916957855225e-01,2.206109464168548584e-01,4.453107118606567383e-01,5.636376142501831055e-01,8.842586874961853027e-01
7.431753873825073242e-01,1.000000000000000000e+00,9.678030610084533691e-01,1.759073585271835327e-01,1.256343722343444824e-01,1.048591732978820801e-01,9.039780497550964355e-02,8.225829899311065674e-02,7.944177091121673584e-02,7.935982942581176758e-02,8.066090196371078491e-02,8.574371039867401123e-02,1.010678187012672424e-01,1.199110522866249084e-01,1.590881645679473877e-01,2.311466187238693237e-01,4.507349729537963867e-01,4.440600574016571045e-01,4.440600574016571045e-01,3.342126905918121338e-01,2.003575265407562256e-01,1.430679708719253540e-01,1.148108094930648804e-01,9.605084359645843506e-02,8.574371039867401123e-02,8.066090196371078491e-02,7.935982942581176758e-02,7.944177091121673584e-02,8.225829899311065674e-02,9.039780497550964355e-02,1.048591732978820801e-01,1.256343722343444824e-01,1.678444594144821167e-01,2.509578168392181396e-01,5.040886998176574707e-01,5.401526689529418945e-01,7.849389314651489258e-01
1.232709661126136780e-01,1.127051934599876404e-01,1.127051934599876404e-01,1.137062907218933105e-01,1.223867386579513550e-01,2.069984823465347290e-01,1.935104280710220337e-01,1.701367050409317017e-01,1.483090072870254517e-01,1.385984122753143311e-01,1.244528070092201233e-01,1.264477968215942383e-01,1.195369735360145569e-01,1.196948811411857605e-01,1.287056356668472290e-01,1.432559341192245483e-01,1.625283062458038330e-01,2.474023401737213135e-01,3.598859310150146484e-01,1.000000000000000000e+00,5.981587171554565430e-01,4.253945052623748779e-01,3.317002058029174805e-01,2.380644679069519043e-01,1.621792912483215332e-01,1.326800882816314697e-01,1.198919713497161865e-01,1.140380427241325378e-01,1.158456727862358093e-01,1.168198660016059875e-01,1.196948811411857605e-01,1.315362602472305298e-01,1.415648609399795532e-01,1.622957140207290649e-01,1.602755337953567505e-01,1.000000000000000000e+00,4.683476984500885010e-01
3.671777546405792236e-01,4.948686063289642334e-01,4.527811706066131592e-01,4.621591269969940186e-01,5.303936004638671875e-01,3.840853571891784668e-01,1.863470226526260376e-01,1.555371731519699097e-01,1.438858062028884888e-01,1.365859061479568481e-01,1.301731318235397339e-01,1.313064396381378174e-01,1.358442604541778564e-01,1.454222500324249268e-01,1.680661439895629883e-01,2.024233639240264893e-01,2.839549183845520020e-01,1.000000000000000000e+00,9.997912049293518066e-01,6.508656144142150879e-01,3.871070146560668945e-01,2.782042920589447021e-01,2.185497879981994629e-01,1.805836409330368042e-01,1.592175066471099854e-01,1.468967795372009277e-01,1.431349217891693115e-01,1.389325857162475586e-01,1.392714977264404297e-01,1.466673612594604492e-01,1.557967513799667358e-01,1.702954471111297607e-01,1.740119904279708862e-01,2.123922109603881836e-01,2.642745971679687500e-01,9.849420189857482910e-01,5.573194026947021484e-01
1.000000000000000000e+00,3.474145233631134033e-01,2.266384214162826538e-01,1.710245162248611450e-01,1.456049084663391113e-01,1.242545023560523987e-01,1.093092635273933411e-01,1.048120781779289246e-01,9.979195147752761841e-02,1.019793227314949036e-01,9.522452950477600098e-02,6.685551255941390991e-02,5.043583735823631287e-02,4.433969035744667053e-02,4.124559089541435242e-02,4.006126150488853455e-02,3.965862467885017395e-02,3.965862467885017395e-02,3.965862467885017395e-02,3.965862467885017395e-02,4.006126150488853455e-02,4.124559089541435242e-02,4.433969035744667053e-02,5.043583735823631287e-02,6.685551255941390991e-02,9.784301370382308960e-02,1.048120781779289246e-01,1.051560416817665100e-01,1.110932752490043640e-01,1.234120950102806091e-01,1.442761719226837158e-01,1.762012392282485962e-01,2.369040101766586304e-01,3.530167639255523682e-01,7.131016850471496582e-01,9.241524338722229004e-01,1.000000000000000000e+00
8.443586826324462891e-01,1.000000000000000000e+00,2.638645768165588379e-01,1.858649253845214844e-01,1.457872241735458374e-01,1.237977370619773865e-01,1.063589081168174744e-01,1.001434773206710815e-01,9.839028120040893555e-02,1.022395417094230652e-01,1.080331578850746155e-01,1.195514574646949768e-01,1.411626935005187988e-01,1.846024245023727417e-01,2.618784308433532715e-01,3.118532299995422363e-01,3.014785349369049072e-01,2.969893217086791992e-01,2.969893217086791992e-01,3.009187877178192139e-01,2.707013785839080811e-01,1.940251290798187256e-01,1.541992574930191040e-01,1.273064315319061279e-01,1.121821776032447815e-01,1.041369289159774780e-01,1.022395417094230652e-01,1.024520993232727051e-01,1.074273586273193359e-01,1.182248443365097046e-01,1.400021165609359741e-01,1.695210337638854980e-01,2.256695181131362915e-01,3.389939367771148682e-01,6.338865160942077637e-01,7.992669939994812012e-01,8.446304202079772949e-01
6.815199255943298340e-01,1.000000000000000000e+00,9.317434430122375488e-01,5.686028599739074707e-01,2.780539095401763916e-01,1.941251009702682495e-01,1.599908024072647095e-01,1.388576328754425049e-01,1.329329460859298706e-01,1.287777721881866455e-01,1.300704181194305420e-01,1.351174414157867432e-01,1.536566168069839478e-01,1.811982989311218262e-01,2.283312976360321045e-01,3.464958667755126953e-01,8.853868246078491211e-01,8.746455311775207520e-01,8.746455311775207520e-01,5.823573470115661621e-01,3.507250547409057617e-01,2.486737519502639771e-01,1.974893659353256226e-01,1.664609014987945557e-01,1.453332453966140747e-01,1.354266405105590820e-01,1.326179504394531250e-01,1.329329460859298706e-01,1.388576328754425049e-01,1.537246555089950562e-01,1.781135946512222290e-01,2.185986042022705078e-01,2.924596369266510010e-01,4.179511666297912598e-01,5.330280661582946777e-01,7.493127584457397461e-01,6.695296168327331543e-01
0.000000000000000000e+00,0.000000000000000000e+00,0.000000000000000000e+00,0.000000000000000000e+00,0.000000000000000000e+00,0.000000000000000000e+00,0.000000000000000000e+00,0.000000000000000000e+00,0.000000000000000000e+00,0.000000000000000000e+00,0.000000000000000000e+00,0.000000000000000000e+00,0.000000000000000000e+00,0.000000000000000000e+00,0.000000000000000000e+00,0.000000000000000000e+00,0.000000000000000000e+00,0.000000000000000000e+00,0.000000000000000000e+00,0.000000000000000000e+00,0.000000000000000000e+00,0.000000000000000000e+00,0.000000000000000000e+00,0.000000000000000000e+00,0.000000000000000000e+00,0.000000000000000000e+00,0.000000000000000000e+00,0.000000000000000000e+00,0.000000000000000000e+00,0.000000000000000000e+00,0.000000000000000000e+00,0.000000000000000000e+00,0.000000000000000000e+00,0.000000000000000000e+00,0.000000000000000000e+00,1.000000000000000000e+00,1.000000000000000000e+00
4.971421062946319580e-01,1.000000000000000000e+00,9.997149705886840820e-01,9.175886511802673340e-01,6.351124644279479980e-01,4.530266523361206055e-01,3.914236128330230713e-01,2.982678711414337158e-01,2.456881999969482422e-01,2.331358641386032104e-01,2.300033718347549438e-01,2.253379672765731812e-01,2.418623715639114380e-01,2.750412225723266602e-01,3.075054287910461426e-01,3.771312534809112549e-01,5.045390129089355469e-01,6.152635216712951660e-01,6.194180846214294434e-01,6.283872127532958984e-01,6.510254740715026855e-01,6.921094655990600586e-01,7.716478705406188965e-01,9.117823839187622070e-01,5.602090358734130859e-01,3.631325960159301758e-01,2.808203995227813721e-01,2.462148666381835938e-01,2.286477535963058472e-01,2.296652197837829590e-01,2.392778396606445312e-01,2.506985068321228027e-01,2.803587615489959717e-01,3.142554461956024170e-01,3.953092694282531738e-01,6.415094137191772461e-01,7.176423072814941406e-01
1.928455680608749390e-01,1.810380071401596069e-01,1.778825670480728149e-01,1.657763570547103882e-01,1.640947163105010986e-01,1.533176451921463013e-01,1.533176451921463013e-01,1.459812521934509277e-01,1.397526264190673828e-01,1.395043283700942993e-01,1.423742473125457764e-01,1.464554816484451294e-01,1.533176451921463013e-01,1.598132550716400146e-01,1.840138286352157593e-01,2.108794152736663818e-01,3.474827408790588379e-01,4.252788722515106201e-01,6.544746160507202148e-01,9.004666209220886230e-01,9.350204467773437500e-01,1.000000000000000000e+00,2.690988481044769287e-01,1.750006228685379028e-01,1.505028307437896729e-01,1.470853984355926514e-01,1.442290991544723511e-01,1.445492506027221680e-01,1.462185680866241455e-01,1.426985561847686768e-01,1.462185680866241455e-01,1.501953750848770142e-01,1.657763570547103882e-01,1.901904940605163574e-01,2.112079709768295288e-01,5.742228627204895020e-01,4.128094613552093506e-01
1.000000000000000000e+00,1.000000000000000000e+00,1.000000000000000000e+00,1.000000000000000000e+00,1.000000000000000000e+00,1.000000000000000000e+00,1.000000000000000000e+00,1.000000000000000000e+00,1.000000000000000000e+00,1.000000000000000000e+00,1.000000000000000000e+00,1.000000000000000000e+00,1.000000000000000000e+00,1.000000000000000000e+00,1.000000000000000000e+00,1.000000000000000000e+00,1.000000000000000000e+00,1.000000000000000000e+00,1.000000000000000000e+00,1.000000000000000000e+00,1.000000000000000000e+00,1.000000000000000000e+00,1.000000000000000000e+00,1.000000000000000000e+00,1.000000000000000000e+00,1.000000000000000000e+00,1.000000000000000000e+00,1.000000000000000000e+00,1.000000000000000000e+00,1.000000000000000000e+00,1.000000000000000000e+00,1.000000000000000000e+00,1.000000000000000000e+00,1.000000000000000000e+00,1.000000000000000000e+00,1.000000000000000000e+00,1.000000000000000000e+00
7.209842801094055176e-01,9.675237536430358887e-01,9.386640787124633789e-01,8.532789945602416992e-01,7.466980218887329102e-01,4.546638727188110352e-01,3.332750797271728516e-01,2.927675843238830566e-01,2.622783482074737549e-01,2.552366852760314941e-01,2.480957806110382080e-01,2.436288744211196899e-01,2.431160807609558105e-01,2.652121186256408691e-01,2.802219986915588379e-01,3.479314744472503662e-01,4.096114635467529297e-01,5.680525302886962891e-01,6.786112189292907715e-01,6.888329386711120605e-01,7.127672433853149414e-01,7.615261673927307129e-01,8.436298370361328125e-01,1.000000000000000000e+00,5.340820550918579102e-01,3.341726064682006836e-01,2.615159153938293457e-01,2.484978884458541870e-01,2.369813174009323120e-01,2.411575168371200562e-01,2.648353874683380127e-01,2.769968211650848389e-01,3.129589259624481201e-01,3.441083431243896484e-01,3.810743391513824463e-01,7.153243422508239746e-01,6.869928836822509766e-01
2.488373816013336182e-01,2.377294749021530151e-01,2.168836146593093872e-01,2.022211253643035889e-01,1.908571571111679077e-01,1.791859418153762817e-01,1.761998832225799561e-01,1.681001186370849609e-01,1.658089160919189453e-01,1.642386466264724731e-01,1.627290695905685425e-01,1.640131026506423950e-01,1.660320311784744263e-01,1.794611811637878418e-01,1.901446431875228882e-01,2.315768450498580933e-01,2.723250091075897217e-01,4.246245622634887695e-01,5.668752193450927734e-01,9.002577066421508789e-01,9.347545504570007324e-01,1.000000000000000000e+00,4.477926492691040039e-01,2.335400730371475220e-01,1.689787060022354126e-01,1.627290695905685425e-01,1.602071672677993774e-01,1.745110154151916504e-01,1.777338981628417969e-01,1.724482625722885132e-01,1.686131805181503296e-01,1.730197519063949585e-01,1.978412568569183350e-01,2.576566934585571289e-01,2.689968943595886230e-01,6.624589562416076660e-01,4.340295493602752686e-01
0.000000000000000000e+00,0.000000000000000000e+00,0.000000000000000000e+00,0.000000000000000000e+00,0.000000000000000000e+00,0.000000000000000000e+00,0.000000000000000000e+00,0.000000000000000000e+00,0.000000000000000000e+00,0.000000000000000000e+00,0.000000000000000000e+00,0.000000000000000000e+00,0.000000000000000000e+00,0.000000000000000000e+00,0.000000000000000000e+00,0.000000000000000000e+00,0.000000000000000000e+00,0.000000000000000000e+00,0.000000000000000000e+00,0.000000000000000000e+00,0.000000000000000000e+00,0.000000000000000000e+00,0.000000000000000000e+00,0.000000000000000000e+00,0.000000000000000000e+00,0.000000000000000000e+00,0.000000000000000000e+00,0.000000000000000000e+00,0.000000000000000000e+00,0.000000000000000000e+00,0.000000000000000000e+00,0.000000000000000000e+00,0.000000000000000000e+00,0.000000000000000000e+00,0.000000000000000000e+00,1.000000000000000000e+00,1.000000000000000000e+00
4.725839793682098389e-01,9.972653388977050781e-01,1.000000000000000000e+00,9.211331009864807129e-01,7.822431325912475586e-01,4.312835633754730225e-01,3.566116392612457275e-01,2.986580431461334229e-01,2.636273801326751709e-01,2.448506355285644531e-01,2.261313498020172119e-01,2.346252948045730591e-01,2.531412839889526367e-01,2.646856307983398438e-01,3.037978410720825195e-01,3.556455373764038086e-01,4.406062066555023193e-01,5.931616425514221191e-01,6.233183145523071289e-01,6.329041719436645508e-01,6.553384065628051758e-01,6.980164051055908203e-01,7.777770757675170898e-01,9.189126491546630859e-01,6.600465774536132812e-01,3.849146664142608643e-01,3.016669154167175293e-01,2.624829411506652832e-01,2.405088096857070923e-01,2.376305162906646729e-01,2.369054704904556274e-01,2.623190581798553467e-01,2.904820740222930908e-01,3.339420557022094727e-01,4.000365436077117920e-01,6.599847674369812012e-01,6.840993762016296387e-01
2.271330505609512329e-01,2.125421315431594849e-01,1.921689361333847046e-01,1.766130477190017700e-01,1.678379923105239868e-01,1.604472100734710693e-01,1.579284667968750000e-01,1.577330529689788818e-01,1.502557694911956787e-01,1.496387124061584473e-01,1.423141658306121826e-01,1.399833709001541138e-01,1.460223644971847534e-01,1.507339775562286377e-01,1.572107523679733276e-01,1.988989710807800293e-01,2.211240231990814209e-01,3.740624189376831055e-01,5.672665238380432129e-01,9.000052809715270996e-01,9.349663853645324707e-01,1.000000000000000000e+00,4.249875247478485107e-01,2.231142967939376831e-01,1.602548658847808838e-01,1.477024555206298828e-01,1.462334394454956055e-01,1.547722071409225464e-01,1.549713462591171265e-01,1.610228717327117920e-01,1.667317599058151245e-01,1.777734607458114624e-01,2.149949073791503906e-01,2.437692582607269287e-01,2.500565350055694580e-01,5.862069129943847656e-01,3.746631145477294922e-01
2.176885157823562622e-01,1.862439215183258057e-01,1.631784886121749878e-01,1.559864431619644165e-01,1.435550004243850708e-01,1.396829485893249512e-01,1.396829485893249512e-01,1.400476545095443726e-01,1.457589268684387207e-01,1.566390991210937500e-01,1.802591681480407715e-01,2.416742593050003052e-01,3.500371575355529785e-01,2.970644533634185791e-01,2.688041329383850098e-01,2.525123655796051025e-01,2.449760437011718750e-01,2.373616248369216919e-01,2.092655748128890991e-01,1.838317811489105225e-01,1.604993790388107300e-01,1.485322266817092896e-01,1.430210024118423462e-01,1.373815834522247314e-01,1.359820663928985596e-01,1.379374116659164429e-01,1.436438113451004028e-01,1.623165607452392578e-01,1.916434168815612793e-01,2.312660366296768188e-01,3.178447782993316650e-01,4.890402555465698242e-01,1.000000000000000000e+00,4.152581095695495605e-01,2.684243321418762207e-01,1.000000000000000000e+00,8.410350084304809570e-01
1.017486751079559326e-01,1.053981855511665344e-01,1.114977672696113586e-01,1.229621767997741699e-01,1.173700317740440369e-01,1.134581118822097778e-01,1.045981869101524353e-01,1.000839620828628540e-01,9.892322123050689697e-02,1.008156538009643555e-01,1.024684831500053406e-01,1.086359247565269470e-01,1.156578212976455688e-01,1.393721997737884521e-01,2.326734066009521484e-01,1.000000000000000000e+00,7.414782643318176270e-01,3.438119292259216309e-01,2.586187720298767090e-01,2.089955210685729980e-01,1.763529926538467407e-01,1.347762495279312134e-01,1.101714894175529480e-01,9.913527965545654297e-02,9.436006844043731689e-02,9.447127580642700195e-02,9.796329587697982788e-02,1.100761443376541138e-01,1.290452182292938232e-01,1.477821469306945801e-01,1.374758929014205933e-01,1.168320477008819580e-01,1.057959198951721191e-01,1.017486751079559326e-01,1.017486751079559326e-01,7.750307321548461914e-01,3.547949194908142090e-01
2.802824079990386963e-01,2.207411080598831177e-01,1.797113269567489624e-01,1.671281307935714722e-01,1.578050851821899414e-01,1.477217972278594971e-01,1.475479006767272949e-01,1.475479006767272949e-01,1.496212780475616455e-01,1.582923829555511475e-01,1.967595368623733521e-01,2.757577002048492432e-01,5.047016739845275879e-01,8.914140462875366211e-01,8.043639659881591797e-01,7.545644044876098633e-01,5.736924409866333008e-01,4.371578693389892578e-01,3.253037929534912109e-01,2.746382355690002441e-01,2.082948237657546997e-01,1.907977461814880371e-01,1.722717434167861938e-01,1.450915187597274780e-01,1.411451548337936401e-01,1.411451548337936401e-01,1.511576473712921143e-01,1.578050851821899414e-01,1.722717434167861938e-01,2.248890101909637451e-01,2.790891230106353760e-01,5.489492416381835938e-01,1.000000000000000000e+00,9.527769684791564941e-01,4.385650455951690674e-01,7.571880817413330078e-01,6.743634343147277832e-01
3.962051868438720703e-01,3.291363716125488281e-01,1.801460385322570801e-01,1.252910792827606201e-01,1.143972352147102356e-01,1.070995479822158813e-01,1.047518774867057800e-01,1.025021150708198547e-01,1.028049290180206299e-01,1.065174862742424011e-01,1.182716712355613708e-01,1.325252652168273926e-01,1.873360872268676758e-01,3.398695886135101318e-01,1.000000000000000000e+00,9.309381842613220215e-01,6.113881468772888184e-01,2.787689864635467529e-01,1.805769056081771851e-01,1.516667306423187256e-01,1.246692836284637451e-01,1.160161420702934265e-01,1.103868931531906128e-01,1.051960587501525879e-01,1.023503690958023071e-01,1.047518774867057800e-01,1.116468980908393860e-01,1.172156482934951782e-01,1.271382272243499756e-01,1.597519069910049438e-01,1.935387700796127319e-01,2.342323213815689087e-01,4.327658712863922119e-01,3.949085474014282227e-01,3.904756605625152588e-01,6.987154483795166016e-01,4.941457808017730713e-01
8.445928245782852173e-02,6.880522519350051880e-02,6.626774370670318604e-02,6.626774370670318604e-02,6.626774370670318604e-02,6.675086915493011475e-02,7.200007885694503784e-02,7.185116410255432129e-02,7.185116410255432129e-02,4.558386281132698059e-02,2.069856598973274231e-02,1.908313482999801636e-02,1.851336099207401276e-02,1.851336099207401276e-02,1.851336099207401276e-02,1.851336099207401276e-02,1.851336099207401276e-02,1.851336099207401276e-02,1.851336099207401276e-02,1.851336099207401276e-02,1.851336099207401276e-02,1.851336099207401276e-02,1.851336099207401276e-02,1.851336099207401276e-02,1.908313482999801636e-02,2.069856598973274231e-02,4.558386281132698059e-02,2.422705143690109253e-01,3.163564503192901611e-01,4.274642467498779297e-01,6.087630987167358398e-01,1.000000000000000000e+00,3.283186852931976318e-01,1.407654732465744019e-01,1.018234863877296448e-01,5.302304625511169434e-01,1.000000000000000000e+00
9.552533030509948730e-01,1.000000000000000000e+00,9.401617050170898438e-01,6.662642955780029297e-01,5.576691031455993652e-01,3.932671844959259033e-01,3.105370998382568359e-01,2.637346088886260986e-01,2.432922869920730591e-01,2.423507124185562134e-01,2.474337369203567505e-01,2.678444981575012207e-01,2.369444370269775391e-01,2.017351835966110229e-01,1.853270232677459717e-01,1.763360500335693359e-01,1.716640591621398926e-01,1.710710972547531128e-01,1.710710972547531128e-01,1.716640591621398926e-01,1.747441440820693970e-01,1.853270232677459717e-01,2.017351835966110229e-01,2.369444370269775391e-01,3.084028065204620361e-01,3.146815598011016846e-01,2.637346088886260986e-01,2.369444370269775391e-01,2.295380830764770508e-01,2.295380830764770508e-01,2.373729199171066284e-01,2.482537329196929932e-01,2.776247560977935791e-01,3.111908733844757080e-01,3.914542794227600098e-01,1.000000000000000000e+00,1.000000000000000000e+00
2.056457549333572388e-01,2.056457549333572388e-01,2.081854343414306641e-01,2.089053839445114136e-01,2.010930478572845459e-01,1.951568126678466797e-01,1.883711963891983032e-01,1.898268461227416992e-01,1.924452781677246094e-01,1.930943280458450317e-01,1.942571699619293213e-01,1.997195333242416382e-01,2.179337590932846069e-01,2.503188550472259521e-01,3.277224898338317871e-01,4.886991679668426514e-01,6.125409603118896484e-01,9.489232897758483887e-01,9.489232897758483887e-01,9.643305540084838867e-01,1.000000000000000000e+00,3.277224898338317871e-01,2.603159248828887939e-01,2.179337590932846069e-01,1.932238787412643433e-01,1.856953352689743042e-01,1.873054504394531250e-01,1.985886842012405396e-01,2.148111611604690552e-01,2.378102689981460571e-01,2.165514975786209106e-01,2.165514975786209106e-01,2.247175425291061401e-01,2.442471534013748169e-01,2.194213718175888062e-01,8.388949036598205566e-01,6.372613906860351562e-01
8.469561338424682617e-01,7.264612913131713867e-01,5.518413782119750977e-01,3.062765300273895264e-01,2.457340359687805176e-01,2.247098833322525024e-01,2.190795242786407471e-01,2.103515863418579102e-01,2.040710151195526123e-01,1.981171071529388428e-01,1.970632970333099365e-01,1.962692141532897949e-01,1.981171071529388428e-01,2.093593478202819824e-01,2.349033653736114502e-01,2.737900018692016602e-01,3.812361061573028564e-01,6.783634424209594727e-01,8.063387870788574219e-01,8.169215321540832520e-01,8.454797863960266113e-01,9.035184979438781738e-01,1.000000000000000000e+00,7.760737538337707520e-01,5.110949873924255371e-01,3.962342143058776855e-01,3.572700023651123047e-01,3.493132889270782471e-01,3.678942322731018066e-01,4.077592194080352783e-01,4.764085710048675537e-01,5.836573839187622070e-01,8.716722726821899414e-01,8.680217266082763672e-01,8.721499443054199219e-01,6.036336421966552734e-01,8.252559900283813477e-01
8.103408813476562500e-01,7.639967203140258789e-01,7.080166339874267578e-01,6.580632328987121582e-01,6.180406808853149414e-01,5.866907238960266113e-01,5.863248705863952637e-01,5.932379961013793945e-01,5.932379961013793945e-01,5.833895206451416016e-01,5.892455577850341797e-01,6.121095418930053711e-01,6.671314835548400879e-01,7.623095512390136719e-01,8.435567617416381836e-01,7.940227389335632324e-01,7.734877467155456543e-01,7.460913658142089844e-01,7.460913658142089844e-01,7.503933310508728027e-01,7.740423679351806641e-01,8.161460757255554199e-01,8.208652138710021973e-01,6.671314835548400879e-01,5.658371448516845703e-01,5.578160881996154785e-01,5.892455577850341797e-01,7.437868714332580566e-01,7.469537854194641113e-01,9.368470311164855957e-01,1.000000000000000000e+00,7.324483990669250488e-01,7.324483990669250488e-01,9.101242423057556152e-01,8.723211884498596191e-01,1.000000000000000000e+00,1.000000000000000000e+00
3.760196566581726074e-01,8.882076740264892578e-01,1.000000000000000000e+00,8.511788249015808105e-01,5.158790946006774902e-01,3.939304351806640625e-01,3.264386653900146484e-01,2.593595683574676514e-01,2.198744118213653564e-01,2.142796516418457031e-01,2.080646306276321411e-01,2.129039913415908813e-01,2.404696643352508545e-01,2.661437988281250000e-01,3.178034424781799316e-01,3.207483887672424316e-01,2.585274279117584229e-01,2.254172265529632568e-01,2.089102417230606079e-01,2.080646306276321411e-01,2.080646306276321411e-01,2.183546274900436401e-01,2.309118360280990601e-01,2.744061350822448730e-01,3.715652227401733398e-01,3.082286417484283447e-01,2.441880702972412109e-01,2.140967398881912231e-01,2.046472728252410889e-01,2.053162157535552979e-01,2.084408849477767944e-01,2.228828966617584229e-01,2.437866479158401489e-01,2.732615768909454346e-01,2.995262444019317627e-01,1.000000000000000000e+00,1.000000000000000000e+00
1.889896690845489502e-01,2.197515964508056641e-01,3.191959559917449951e-01,2.636452913284301758e-01,2.320151776075363159e-01,2.129408568143844604e-01,2.094993591308593750e-01,2.041802853345870972e-01,1.947241276502609253e-01,1.881561875343322754e-01,1.856333017349243164e-01,1.878426820039749146e-01,1.931030899286270142e-01,2.175953537225723267e-01,2.399246841669082642e-01,3.144209086894989014e-01,4.211500883102416992e-01,6.174922585487365723e-01,1.000000000000000000e+00,9.199385046958923340e-01,9.336537122726440430e-01,3.687711358070373535e-01,2.795590162277221680e-01,2.419631630182266235e-01,2.132174670696258545e-01,1.979263871908187866e-01,1.943201273679733276e-01,1.947241276502609253e-01,2.121088802814483643e-01,2.505004703998565674e-01,2.320151776075363159e-01,2.131253033876419067e-01,2.049486041069030762e-01,1.979263871908187866e-01,1.889896690845489502e-01,8.843666911125183105e-01,5.877235531806945801e-01
8.526806235313415527e-01,9.621268510818481445e-01,7.754253149032592773e-01,5.911425948143005371e-01,2.857470512390136719e-01,2.379191070795059204e-01,1.927588284015655518e-01,1.789367198944091797e-01,1.628304719924926758e-01,1.544448435306549072e-01,1.544448435306549072e-01,1.585484594106674194e-01,1.675511747598648071e-01,1.965295225381851196e-01,2.338351905345916748e-01,2.956876754760742188e-01,3.486540317535400391e-01,4.348362684249877930e-01,8.433768153190612793e-01,9.340156912803649902e-01,8.912417888641357422e-01,9.124017953872680664e-01,1.000000000000000000e+00,9.725121259689331055e-01,5.826230049133300781e-01,4.228561818599700928e-01,3.353759944438934326e-01,3.231155574321746826e-01,3.273468613624572754e-01,3.564606904983520508e-01,4.336743056774139404e-01,5.268044471740722656e-01,7.282000184059143066e-01,8.526806235313415527e-01,8.456038236618041992e-01,5.026921629905700684e-01,8.172714710235595703e-01
9.003688097000122070e-01,1.000000000000000000e+00,9.522598385810852051e-01,4.927622973918914795e-01,3.689644932746887207e-01,2.939765155315399170e-01,2.516151964664459229e-01,2.190166264772415161e-01,2.086342424154281616e-01,2.077774256467819214e-01,2.124005109071731567e-01,2.309114933013916016e-01,2.745209336280822754e-01,3.346521556377410889e-01,2.985926568508148193e-01,2.352486401796340942e-01,2.218044698238372803e-01,2.140737026929855347e-01,2.039257884025573730e-01,2.039257884025573730e-01,2.076819986104965210e-01,2.423047572374343872e-01,2.724189758300781250e-01,3.854643404483795166e-01,3.097362816333770752e-01,2.445034980773925781e-01,2.141662836074829102e-01,2.015794962644577026e-01,2.000990808010101318e-01,2.030491083860397339e-01,2.271030992269515991e-01,2.418953925371170044e-01,2.788906097412109375e-01,3.444591760635375977e-01,4.544679522514343262e-01,1.000000000000000000e+00,1.000000000000000000e+00
2.163509875535964966e-01,1.844958961009979248e-01,1.668339669704437256e-01,1.668339669704437256e-01,1.821480244398117065e-01,1.880581080913543701e-01,2.078964859247207642e-01,2.062509506940841675e-01,1.984516829252243042e-01,1.812597364187240601e-01,1.780654788017272949e-01,1.644520461559295654e-01,1.665111631155014038e-01,1.736807227134704590e-01,1.860446929931640625e-01,2.116580754518508911e-01,3.167377710342407227e-01,7.401432394981384277e-01,9.375209212303161621e-01,9.315335154533386230e-01,1.000000000000000000e+00,3.872520327568054199e-01,3.053797781467437744e-01,2.563399970531463623e-01,2.196416854858398438e-01,1.832278668880462646e-01,1.796697080135345459e-01,1.860446929931640625e-01,2.159361243247985840e-01,2.078964859247207642e-01,1.665111631155014038e-01,1.665111631155014038e-01,1.716031283140182495e-01,1.935102045536041260e-01,4.076474905014038086e-01,8.855898380279541016e-01,4.212613701820373535e-01
7.271339893341064453e-01,7.800408005714416504e-01,7.485306859016418457e-01,7.510164380073547363e-01,5.933535099029541016e-01,2.847023010253906250e-01,2.333476096391677856e-01,2.137298732995986938e-01,2.053586989641189575e-01,2.051806747913360596e-01,2.080108821392059326e-01,2.222790569067001343e-01,2.514393627643585205e-01,3.025013804435729980e-01,3.580469787120819092e-01,4.748460054397583008e-01,8.708856105804443359e-01,8.641455769538879395e-01,8.320874571800231934e-01,8.250747919082641602e-01,8.813552260398864746e-01,1.000000000000000000e+00,5.090900063514709473e-01,3.300033509731292725e-01,2.716976702213287354e-01,2.347528487443923950e-01,2.058918774127960205e-01,2.058918774127960205e-01,2.137298732995986938e-01,2.258670628070831299e-01,2.726375460624694824e-01,3.284493386745452881e-01,4.168992638587951660e-01,5.325949192047119141e-01,6.873467564582824707e-01,6.725772023200988770e-01,6.983031630516052246e-01
3.472581803798675537e-01,4.623332023620605469e-01,9.136397838592529297e-01,1.000000000000000000e+00,5.196076035499572754e-01,3.967775702476501465e-01,3.201003372669219971e-01,2.531989216804504395e-01,2.340287864208221436e-01,2.147205770015716553e-01,2.126746922731399536e-01,2.228055000305175781e-01,2.422076463699340820e-01,2.633554935455322266e-01,3.201003372669219971e-01,3.152206540107727051e-01,2.541390359401702881e-01,2.395677119493484497e-01,2.104201316833496094e-01,2.065116465091705322e-01,2.053536176681518555e-01,2.065116465091705322e-01,2.098526954650878906e-01,2.363104075193405151e-01,3.375069797039031982e-01,3.379189074039459229e-01,2.710897624492645264e-01,2.278328090906143188e-01,2.119258344173431396e-01,2.099473774433135986e-01,2.099473774433135986e-01,2.195710539817810059e-01,2.369822263717651367e-01,2.553092837333679199e-01,2.955015003681182861e-01,1.000000000000000000e+00,1.000000000000000000e+00
1.651589125394821167e-01,1.614746153354644775e-01,1.614746153354644775e-01,1.662482917308807373e-01,1.841093897819519043e-01,2.700501978397369385e-01,2.705695927143096924e-01,2.483852207660675049e-01,2.287983149290084839e-01,1.979679316282272339e-01,1.729883998632431030e-01,1.705361902713775635e-01,1.657650023698806763e-01,1.657650023698806763e-01,1.722913384437561035e-01,2.039562165737152100e-01,2.384144067764282227e-01,3.385935425758361816e-01,7.290470004081726074e-01,9.926724433898925781e-01,9.633876681327819824e-01,1.000000000000000000e+00,3.050644099712371826e-01,2.216744422912597656e-01,1.871348619461059570e-01,1.676897704601287842e-01,1.646724343299865723e-01,1.651589125394821167e-01,1.722913384437561035e-01,1.814759820699691772e-01,1.930436044931411743e-01,2.205860167741775513e-01,3.569339215755462646e-01,2.844464480876922607e-01,1.964423507452011108e-01,7.596247196197509766e-01,5.809829235076904297e-01
9.362047910690307617e-01,7.501952648162841797e-01,7.090419530868530273e-01,8.076605200767517090e-01,7.988095879554748535e-01,3.783395886421203613e-01,2.553735673427581787e-01,2.228149771690368652e-01,2.051834464073181152e-01,1.890647858381271362e-01,1.890647858381271362e-01,2.036290019750595093e-01,2.249438315629959106e-01,2.710661292076110840e-01,3.213483393192291260e-01,3.873649835586547852e-01,4.713577032089233398e-01,6.810998916625976562e-01,9.734745621681213379e-01,9.125735759735107422e-01,8.737075328826904297e-01,8.888502717018127441e-01,1.000000000000000000e+00,5.581592917442321777e-01,3.349050879478454590e-01,2.447316050529479980e-01,2.051834464073181152e-01,1.888545900583267212e-01,1.835216581821441650e-01,1.835216581821441650e-01,1.962796449661254883e-01,2.213843762874603271e-01,2.675264775753021240e-01,3.129579126834869385e-01,5.086432099342346191e-01,6.396391391754150391e-01,7.575910091400146484e-01
3.687063753604888916e-01,5.003674626350402832e-01,8.764012455940246582e-01,9.307315349578857422e-01,1.000000000000000000e+00,3.817099034786224365e-01,3.042496442794799805e-01,2.585265636444091797e-01,2.376476526260375977e-01,2.325302362442016602e-01,2.325302362442016602e-01,2.490457594394683838e-01,2.861364781856536865e-01,3.239328563213348389e-01,3.787215650081634521e-01,3.649713993072509766e-01,3.133401572704315186e-01,2.780813574790954590e-01,2.555362284183502197e-01,2.404436022043228149e-01,2.267087846994400024e-01,2.267087846994400024e-01,2.290551215410232544e-01,2.430699765682220459e-01,3.242422044277191162e-01,3.431690633296966553e-01,2.780813574790954590e-01,2.459401637315750122e-01,2.341057658195495605e-01,2.272976338863372803e-01,2.315220534801483154e-01,2.387699633836746216e-01,2.525104582309722900e-01,2.717604935169219971e-01,3.094769120216369629e-01,1.000000000000000000e+00,1.000000000000000000e+00
2.317852228879928589e-01,2.319329977035522461e-01,2.436052560806274414e-01,2.617747187614440918e-01,4.254946708679199219e-01,3.688144683837890625e-01,3.581629395484924316e-01,3.665781021118164062e-01,3.492510318756103516e-01,2.681114971637725830e-01,2.461239248514175415e-01,2.367578297853469849e-01,2.344309240579605103e-01,2.204199135303497314e-01,2.204199135303497314e-01,2.370470911264419556e-01,2.410602718591690063e-01,2.599358558654785156e-01,3.476778268814086914e-01,9.778608679771423340e-01,9.254023432731628418e-01,9.107353091239929199e-01,1.000000000000000000e+00,3.775368630886077881e-01,2.630803287029266357e-01,2.354517728090286255e-01,2.317852228879928589e-01,2.323757559061050415e-01,2.434645593166351318e-01,2.527177035808563232e-01,2.634707689285278320e-01,2.702752649784088135e-01,2.539349794387817383e-01,2.436052560806274414e-01,2.319329977035522461e-01,9.666666388511657715e-01,6.558861732482910156e-01
4.511361122131347656e-01,7.574724555015563965e-01,1.000000000000000000e+00,9.624896049499511719e-01,6.682135462760925293e-01,4.724983572959899902e-01,3.944036066532135010e-01,3.291945159435272217e-01,2.806110084056854248e-01,2.592639029026031494e-01,2.530213296413421631e-01,2.605407834053039551e-01,2.657004892826080322e-01,2.968081831932067871e-01,3.425778150558471680e-01,4.069776833057403564e-01,3.844877183437347412e-01,3.340164721012115479e-01,3.065093457698822021e-01,2.827531099319458008e-01,2.755115032196044922e-01,2.779101431369781494e-01,2.800729274749755859e-01,3.021474182605743408e-01,3.985885977745056152e-01,4.314465820789337158e-01,3.184808194637298584e-01,2.807185053825378418e-01,2.641060650348663330e-01,2.596127390861511230e-01,2.638774812221527100e-01,2.705389857292175293e-01,2.988342046737670898e-01,3.291945159435272217e-01,3.793530762195587158e-01,1.000000000000000000e+00,1.000000000000000000e+00
4.922004342079162598e-01,4.154150485992431641e-01,3.755562603473663330e-01,3.518804907798767090e-01,3.528547883033752441e-01,3.530169129371643066e-01,3.191365599632263184e-01,2.703099250793457031e-01,2.198846489191055298e-01,1.979756802320480347e-01,1.985528767108917236e-01,2.029704451560974121e-01,2.119343727827072144e-01,2.355875968933105469e-01,2.895245254039764404e-01,3.556007742881774902e-01,4.770285189151763916e-01,6.089583039283752441e-01,9.692886471748352051e-01,9.009096026420593262e-01,8.635525107383728027e-01,8.762145042419433594e-01,1.000000000000000000e+00,2.814068198204040527e-01,2.166074961423873901e-01,1.963796615600585938e-01,1.968162208795547485e-01,2.123389542102813721e-01,2.463906705379486084e-01,1.979756802320480347e-01,1.928515881299972534e-01,1.937396377325057983e-01,1.998454481363296509e-01,2.205342352390289307e-01,2.625790536403656006e-01,7.599999904632568359e-01,6.723823547363281250e-01
3.902732729911804199e-01,3.592780530452728271e-01,3.513870537281036377e-01,3.314419984817504883e-01,3.314419984817504883e-01,5.307489037513732910e-01,4.943096935749053955e-01,4.240893721580505371e-01,3.823672235012054443e-01,3.624692261219024658e-01,3.456403613090515137e-01,3.363902866840362549e-01,3.422923088073730469e-01,3.615009784698486328e-01,3.914262354373931885e-01,4.389415979385375977e-01,5.169856548309326172e-01,8.056107163429260254e-01,9.211339950561523438e-01,9.344637393951416016e-01,1.000000000000000000e+00,7.362464666366577148e-01,5.817850828170776367e-01,4.783517122268676758e-01,4.207705557346343994e-01,3.886018693447113037e-01,3.702592849731445312e-01,3.637103140354156494e-01,3.402382433414459229e-01,3.362413942813873291e-01,3.609465360641479492e-01,4.204134345054626465e-01,4.968355596065521240e-01,4.808572828769683838e-01,4.007803201675415039e-01,1.000000000000000000e+00,7.610594034194946289e-01
9.799246788024902344e-01,9.084638953208923340e-01,8.581070303916931152e-01,1.000000000000000000e+00,7.504175901412963867e-01,3.790888786315917969e-01,2.399030029773712158e-01,2.093168199062347412e-01,1.927534043788909912e-01,1.925714761018753052e-01,1.954620182514190674e-01,2.099855691194534302e-01,2.229396104812622070e-01,2.254411131143569946e-01,2.067897617816925049e-01,1.970693022012710571e-01,1.932981610298156738e-01,1.925714761018753052e-01,1.925714761018753052e-01,1.932981610298156738e-01,1.970693022012710571e-01,2.067897617816925049e-01,2.485146969556808472e-01,2.462476938962936401e-01,2.176894843578338623e-01,2.037159204483032227e-01,2.009441405534744263e-01,2.011184990406036377e-01,2.093168199062347412e-01,2.285294830799102783e-01,2.670081853866577148e-01,3.216675817966461182e-01,4.344118237495422363e-01,6.089644432067871094e-01,7.391699552536010742e-01,6.543745398521423340e-01,1.000000000000000000e+00
9.594966173171997070e-01,9.874618053436279297e-01,3.996434807777404785e-01,3.118736147880554199e-01,2.417610436677932739e-01,2.152606546878814697e-01,1.877341270446777344e-01,1.791153699159622192e-01,1.741087436676025391e-01,1.817390024662017822e-01,1.948314905166625977e-01,2.362678796052932739e-01,2.151776552200317383e-01,2.054090648889541626e-01,1.946939080953598022e-01,1.846157908439636230e-01,1.793147176504135132e-01,1.775125116109848022e-01,1.775125116109848022e-01,1.834996938705444336e-01,1.886832416057586670e-01,2.004353851079940796e-01,2.215986102819442749e-01,2.528132498264312744e-01,2.230448871850967407e-01,1.957918107509613037e-01,1.817390024662017822e-01,1.783658266067504883e-01,1.845190078020095825e-01,1.993630528450012207e-01,2.272105962038040161e-01,2.628930211067199707e-01,3.402257561683654785e-01,4.651826024055480957e-01,1.000000000000000000e+00,1.000000000000000000e+00,1.000000000000000000e+00
1.794614940881729126e-01,1.429972797632217407e-01,1.397622376680374146e-01,1.573981344699859619e-01,2.339891493320465088e-01,2.161663770675659180e-01,1.999066025018692017e-01,1.850039809942245483e-01,1.754884719848632812e-01,1.543415784835815430e-01,1.451139152050018311e-01,1.405779719352722168e-01,1.466813385486602783e-01,1.544649899005889893e-01,1.707550734281539917e-01,2.052220702171325684e-01,3.155218958854675293e-01,9.759953618049621582e-01,9.836196899414062500e-01,1.000000000000000000e+00,4.604451656341552734e-01,3.309106230735778809e-01,2.722718417644500732e-01,2.086752802133560181e-01,1.698599010705947876e-01,1.515379548072814941e-01,1.500212848186492920e-01,1.620513051748275757e-01,1.905852854251861572e-01,2.276734411716461182e-01,2.809186279773712158e-01,2.846922278404235840e-01,2.967535257339477539e-01,2.774716317653656006e-01,2.012367844581604004e-01,8.248952627182006836e-01,3.797041177749633789e-01
9.068618416786193848e-01,8.114395141601562500e-01,8.943607211112976074e-01,3.266795575618743896e-01,2.556788027286529541e-01,2.182005941867828369e-01,2.030491083860397339e-01,1.931431144475936890e-01,1.939623802900314331e-01,2.014811336994171143e-01,2.124005109071731567e-01,2.423047572374343872e-01,2.783214449882507324e-01,3.524233102798461914e-01,5.139867067337036133e-01,8.043982386589050293e-01,8.051863312721252441e-01,8.005201220512390137e-01,8.068094849586486816e-01,8.188318610191345215e-01,7.775338888168334961e-01,4.632371962070465088e-01,3.435372412204742432e-01,2.783214449882507324e-01,2.365929335355758667e-01,2.124005109071731567e-01,2.014811336994171143e-01,2.015794962644577026e-01,2.050888687372207642e-01,2.257023006677627563e-01,2.672771215438842773e-01,3.601563274860382080e-01,4.449028670787811279e-01,5.555379390716552734e-01,1.000000000000000000e+00,7.643633484840393066e-01,7.003796696662902832e-01
9.322476983070373535e-01,4.988064169883728027e-01,3.890355229377746582e-01,3.030407428741455078e-01,2.468790411949157715e-01,2.076152414083480835e-01,1.939783394336700439e-01,1.788391917943954468e-01,1.752620488405227661e-01,1.855863481760025024e-01,2.041317522525787354e-01,2.412695884704589844e-01,2.258365750312805176e-01,1.927259266376495361e-01,1.796705275774002075e-01,1.719898432493209839e-01,1.718273162841796875e-01,1.745698451995849609e-01,1.899023056030273438e-01,2.050876617431640625e-01,2.157980799674987793e-01,2.529168128967285156e-01,3.310092091560363770e-01,2.642270922660827637e-01,2.123172283172607422e-01,1.905388236045837402e-01,1.812703907489776611e-01,1.752620488405227661e-01,1.788391917943954468e-01,1.976408809423446655e-01,2.259190529584884644e-01,2.719398140907287598e-01,3.377774059772491455e-01,6.362201571464538574e-01,1.000000000000000000e+00,1.000000000000000000e+00,1.000000000000000000e+00
1.684833467006683350e-01,1.656531989574432373e-01,1.611577868461608887e-01,1.452874690294265747e-01,1.437685340642929077e-01,1.521014720201492310e-01,1.495825946331024170e-01,1.544153541326522827e-01,1.555593907833099365e-01,1.561553031206130981e-01,1.572866737842559814e-01,1.598954349756240845e-01,1.758878678083419800e-01,2.126166671514511108e-01,2.657132446765899658e-01,5.815129280090332031e-01,9.332658648490905762e-01,9.442746043205261230e-01,1.000000000000000000e+00,3.508383929729461670e-01,2.671077549457550049e-01,1.903653889894485474e-01,1.570180356502532959e-01,1.495825946331024170e-01,1.433568447828292847e-01,1.495825946331024170e-01,1.651938259601593018e-01,1.983160525560379028e-01,2.275036573410034180e-01,2.530839145183563232e-01,2.760614752769470215e-01,2.375261187553405762e-01,2.015258073806762695e-01,1.805309951305389404e-01,1.689337790012359619e-01,9.025260210037231445e-01,2.560417950153350830e-01
8.583542108535766602e-01,7.839030623435974121e-01,3.958487510681152344e-01,2.857945561408996582e-01,2.388167232275009155e-01,2.148672491312026978e-01,2.024988532066345215e-01,1.959160119295120239e-01,1.962344795465469360e-01,2.064688056707382202e-01,2.239741981029510498e-01,2.483030110597610474e-01,2.993825376033782959e-01,3.842145502567291260e-01,5.410965681076049805e-01,8.243110775947570801e-01,7.985301613807678223e-01,7.973823547363281250e-01,8.525632023811340332e-01,9.250907301902770996e-01,6.805412769317626953e-01,4.315711855888366699e-01,3.289963901042938232e-01,2.580859959125518799e-01,2.194679677486419678e-01,2.037286162376403809e-01,2.000166475772857666e-01,2.004324942827224731e-01,2.183268815279006958e-01,2.633552253246307373e-01,3.468593358993530273e-01,4.245691299438476562e-01,9.900634288787841797e-01,1.000000000000000000e+00,9.284148216247558594e-01,7.441860437393188477e-01,6.634252667427062988e-01
8.598446249961853027e-01,7.966181635856628418e-01,7.208520174026489258e-01,6.573567390441894531e-01,5.954312682151794434e-01,5.463753342628479004e-01,5.084239840507507324e-01,5.013558268547058105e-01,5.015105009078979492e-01,5.231639742851257324e-01,5.082713961601257324e-01,4.977840781211853027e-01,4.982514083385467529e-01,5.120730400085449219e-01,5.426710247993469238e-01,5.855779051780700684e-01,6.707915067672729492e-01,6.976631879806518555e-01,6.976631879806518555e-01,7.046338915824890137e-01,7.289853692054748535e-01,7.743963599205017090e-01,8.572241067886352539e-01,1.000000000000000000e+00,6.684743762016296387e-01,5.620532035827636719e-01,5.356202721595764160e-01,5.081187486648559570e-01,4.959103465080261230e-01,4.908787906169891357e-01,5.108595490455627441e-01,5.605328083038330078e-01,6.741371154785156250e-01,8.665850758552551270e-01,9.134798049926757812e-01,1.000000000000000000e+00,1.000000000000000000e+00
4.717571735382080078e-01,3.532678782939910889e-01,2.814085483551025391e-01,2.475835084915161133e-01,2.231098711490631104e-01,2.088612765073776245e-01,2.025666087865829468e-01,2.017347067594528198e-01,2.068791985511779785e-01,1.085755303502082825e-01,2.899732626974582672e-02,2.391180768609046936e-02,2.091026864945888519e-02,2.050420455634593964e-02,2.050420455634593964e-02,2.050420455634593964e-02,2.050420455634593964e-02,2.050420455634593964e-02,2.050420455634593964e-02,2.050420455634593964e-02,2.050420455634593964e-02,2.050420455634593964e-02,2.050420455634593964e-02,2.091026864945888519e-02,2.391180768609046936e-02,2.899732626974582672e-02,1.085755303502082825e-01,2.187328785657882690e-01,2.323045879602432251e-01,2.547807395458221436e-01,2.928873300552368164e-01,3.470484316349029541e-01,4.511857032775878906e-01,8.991976380348205566e-01,1.000000000000000000e+00,1.000000000000000000e+00,1.000000000000000000e+00
1.548440009355545044e-01,2.828217446804046631e-01,2.515524327754974365e-01,2.246104925870895386e-01,2.018918842077255249e-01,1.866225153207778931e-01,1.723696291446685791e-01,1.619445085525512695e-01,1.494833230972290039e-01,1.455455571413040161e-01,1.472340673208236694e-01,1.514546126127243042e-01,1.740109473466873169e-01,2.076855301856994629e-01,3.836947679519653320e-01,1.000000000000000000e+00,9.614375829696655273e-01,9.459382891654968262e-01,4.101310074329376221e-01,2.376575618982315063e-01,1.757072806358337402e-01,1.613328158855438232e-01,1.512096077203750610e-01,1.445229649543762207e-01,1.400937587022781372e-01,1.403581649065017700e-01,1.463077962398529053e-01,1.696959584951400757e-01,2.374494522809982300e-01,2.259819209575653076e-01,1.770386844873428345e-01,1.512096077203750610e-01,1.462233066558837891e-01,1.434931010007858276e-01,1.434931010007858276e-01,5.830458402633666992e-01,4.106185734272003174e-01
9.090671539306640625e-01,3.929947912693023682e-01,3.124154806137084961e-01,2.752973139286041260e-01,2.347346842288970947e-01,2.181117087602615356e-01,1.988290250301361084e-01,1.926815509796142578e-01,1.926815509796142578e-01,2.075243741273880005e-01,2.414027750492095947e-01,3.008930981159210205e-01,4.123875498771667480e-01,7.824634909629821777e-01,7.872915267944335938e-01,7.377290725708007812e-01,7.117625474929809570e-01,7.018731832504272461e-01,7.018731832504272461e-01,7.117625474929809570e-01,6.484785079956054688e-01,4.528687894344329834e-01,3.345770835876464844e-01,2.604827880859375000e-01,2.274216413497924805e-01,2.119195014238357544e-01,2.075243741273880005e-01,2.080173045396804810e-01,2.172884196043014526e-01,2.405527532100677490e-01,2.936582267284393311e-01,3.835649490356445312e-01,9.396474361419677734e-01,8.837023973464965820e-01,1.000000000000000000e+00,5.642378926277160645e-01,7.022897601127624512e-01
4.824518263339996338e-01,3.568105101585388184e-01,3.011560440063476562e-01,2.613925933837890625e-01,2.337966561317443848e-01,2.167786508798599243e-01,2.063152641057968140e-01,2.029682844877243042e-01,2.084098905324935913e-01,2.098875641822814941e-01,5.329127237200737000e-02,3.768262267112731934e-02,3.112759999930858612e-02,2.975565940141677856e-02,2.861077897250652313e-02,2.861077897250652313e-02,2.861077897250652313e-02,2.861077897250652313e-02,2.861077897250652313e-02,2.861077897250652313e-02,2.861077897250652313e-02,2.861077897250652313e-02,2.975565940141677856e-02,3.112759999930858612e-02,3.768262267112731934e-02,5.329127237200737000e-02,2.098875641822814941e-01,2.164315879344940186e-01,2.262803763151168823e-01,2.517231106758117676e-01,2.803570330142974854e-01,3.311685025691986084e-01,4.405521452426910400e-01,8.883174657821655273e-01,1.000000000000000000e+00,1.000000000000000000e+00,1.000000000000000000e+00
9.682698249816894531e-01,3.782021701335906982e-01,3.133663237094879150e-01,2.673758566379547119e-01,2.362610250711441040e-01,2.193134129047393799e-01,2.101240903139114380e-01,2.057230919599533081e-01,2.057230919599533081e-01,2.268759310245513916e-01,2.387892454862594604e-01,3.010799288749694824e-01,4.358144402503967285e-01,7.300878763198852539e-01,8.658355474472045898e-01,8.131039738655090332e-01,7.832971811294555664e-01,7.719711065292358398e-01,7.719711065292358398e-01,7.832971811294555664e-01,7.330585718154907227e-01,4.889982044696807861e-01,3.372753262519836426e-01,2.813424170017242432e-01,2.503643333911895752e-01,2.313689589500427246e-01,2.268759310245513916e-01,2.273795455694198608e-01,2.391482293605804443e-01,2.542180716991424561e-01,2.945506274700164795e-01,3.615016639232635498e-01,1.000000000000000000e+00,8.895864486694335938e-01,9.498732089996337891e-01,5.635890960693359375e-01,6.945223212242126465e-01
1.485005170106887817e-01,2.656549215316772461e-01,2.398851364850997925e-01,2.181702405214309692e-01,1.970180422067642212e-01,1.779308468103408813e-01,1.639516800642013550e-01,1.495586186647415161e-01,1.382640004158020020e-01,1.379126310348510742e-01,1.400942355394363403e-01,1.498017460107803345e-01,1.654980927705764771e-01,1.951622515916824341e-01,3.117074966430664062e-01,1.000000000000000000e+00,9.630862474441528320e-01,9.469683766365051270e-01,6.234149932861328125e-01,2.104153633117675781e-01,1.675377488136291504e-01,1.448618620634078979e-01,1.394868195056915283e-01,1.311502456665039062e-01,1.311502456665039062e-01,1.345288455486297607e-01,1.352482587099075317e-01,1.480915248394012451e-01,1.978168040513992310e-01,2.484791129827499390e-01,1.477635353803634644e-01,1.321637183427810669e-01,1.280617266893386841e-01,1.280617266893386841e-01,1.314274221658706665e-01,5.370370149612426758e-01,4.071532487869262695e-01
6.753671765327453613e-01,1.000000000000000000e+00,9.844924807548522949e-01,5.373384952545166016e-01,4.016113281250000000e-01,3.244936466217041016e-01,2.855949699878692627e-01,2.709134817123413086e-01,2.564228177070617676e-01,2.686433494091033936e-01,2.895877957344055176e-01,3.421367406845092773e-01,3.272911310195922852e-01,2.753975987434387207e-01,2.486234605312347412e-01,2.348032742738723755e-01,2.263521552085876465e-01,2.238789647817611694e-01,2.238789647817611694e-01,2.263521552085876465e-01,2.337040454149246216e-01,2.452698200941085815e-01,2.701932489871978760e-01,3.272911310195922852e-01,3.037337064743041992e-01,2.778129577636718750e-01,2.686433494091033936e-01,2.711959183216094971e-01,2.770101726055145264e-01,2.804309427738189697e-01,2.981138527393341064e-01,3.209353685379028320e-01,3.654087483882904053e-01,4.259813129901885986e-01,5.207771658897399902e-01,1.000000000000000000e+00,1.000000000000000000e+00
5.977639555931091309e-01,6.967642903327941895e-01,7.593516707420349121e-01,6.570708155632019043e-01,3.745466470718383789e-01,2.958694696426391602e-01,2.528449296951293945e-01,2.267864942550659180e-01,2.155746072530746460e-01,2.141318470239639282e-01,2.198460847139358521e-01,2.383035719394683838e-01,2.699222564697265625e-01,3.284032940864562988e-01,4.244540035724639893e-01,7.425931096076965332e-01,9.688259363174438477e-01,9.524465203285217285e-01,9.524465203285217285e-01,9.678912162780761719e-01,1.000000000000000000e+00,9.166233539581298828e-01,7.147719264030456543e-01,4.386757910251617432e-01,3.140440881252288818e-01,2.512214481830596924e-01,2.191116660833358765e-01,2.004953622817993164e-01,2.016669511795043945e-01,2.072462886571884155e-01,2.184315323829650879e-01,2.350554913282394409e-01,2.583748996257781982e-01,3.259779512882232666e-01,4.396357536315917969e-01,6.098681688308715820e-01,6.246498823165893555e-01
1.651721894741058350e-01,1.839165985584259033e-01,1.646333932876586914e-01,1.460622996091842651e-01,1.293232589960098267e-01,1.213590428233146667e-01,1.158959418535232544e-01,1.171518117189407349e-01,1.192301511764526367e-01,1.228996291756629944e-01,1.186148822307586670e-01,1.183943673968315125e-01,1.120438873767852783e-01,1.143980994820594788e-01,1.282274574041366577e-01,1.418140232563018799e-01,2.172188162803649902e-01,9.456583857536315918e-01,9.456583857536315918e-01,9.618784189224243164e-01,1.000000000000000000e+00,6.949621438980102539e-01,2.798436880111694336e-01,1.933912485837936401e-01,1.590465754270553589e-01,1.294040679931640625e-01,1.131578534841537476e-01,1.097820401191711426e-01,1.094005256891250610e-01,1.120905205607414246e-01,1.146718934178352356e-01,1.099247708916664124e-01,1.084408536553382874e-01,1.165704131126403809e-01,1.350561529397964478e-01,4.989830553531646729e-01,3.851777315139770508e-01
6.612308025360107422e-01,9.151160120964050293e-01,1.000000000000000000e+00,5.670880079269409180e-01,4.252675175666809082e-01,3.647506237030029297e-01,3.224059939384460449e-01,2.995553910732269287e-01,2.992468774318695068e-01,3.161234259605407715e-01,3.498293459415435791e-01,4.128447175025939941e-01,4.112755060195922852e-01,3.480139970779418945e-01,3.135457038879394531e-01,2.940870523452758789e-01,2.836719453334808350e-01,2.798078358173370361e-01,2.798078358173370361e-01,2.836719453334808350e-01,2.895195782184600830e-01,3.086677789688110352e-01,3.429338037967681885e-01,4.061418175697326660e-01,3.835664987564086914e-01,3.463225364685058594e-01,3.124917447566986084e-01,2.956756949424743652e-01,2.973668277263641357e-01,3.042758405208587646e-01,3.287892937660217285e-01,3.597967326641082764e-01,4.029450714588165283e-01,4.526978433132171631e-01,5.291702151298522949e-01,1.000000000000000000e+00,1.000000000000000000e+00
3.835204243659973145e-01,4.568908512592315674e-01,5.930476784706115723e-01,5.368949770927429199e-01,3.642280697822570801e-01,2.534374296665191650e-01,2.115491926670074463e-01,1.858177930116653442e-01,1.757842302322387695e-01,1.749924123287200928e-01,1.798841357231140137e-01,1.938199698925018311e-01,2.225465178489685059e-01,2.688917219638824463e-01,3.922918438911437988e-01,8.295074701309204102e-01,9.462418556213378906e-01,9.304705858230590820e-01,9.304705858230590820e-01,9.446076750755310059e-01,9.790177941322326660e-01,1.000000000000000000e+00,6.930157542228698730e-01,4.497103393077850342e-01,3.205758333206176758e-01,2.314181923866271973e-01,1.916583478450775146e-01,1.758335977792739868e-01,1.702151000499725342e-01,1.700109988451004028e-01,1.768672019243240356e-01,1.908414214849472046e-01,2.105621695518493652e-01,2.424450814723968506e-01,3.171459436416625977e-01,4.993609786033630371e-01,5.293622612953186035e-01
1.814568638801574707e-01,2.090541422367095947e-01,1.818062067031860352e-01,1.648837327957153320e-01,1.493510603904724121e-01,1.508145332336425781e-01,1.516858339309692383e-01,1.422884315252304077e-01,1.159817948937416077e-01,9.502460807561874390e-02,8.820524066686630249e-02,8.820524066686630249e-02,9.624946117401123047e-02,1.105521991848945618e-01,1.239166259765625000e-01,1.526161283254623413e-01,2.258222848176956177e-01,9.483591318130493164e-01,9.481789469718933105e-01,9.644703269004821777e-01,1.000000000000000000e+00,9.022132158279418945e-01,4.196580052375793457e-01,1.912779957056045532e-01,1.425283551216125488e-01,1.250536739826202393e-01,1.062292531132698059e-01,9.785876423120498657e-02,9.082252532243728638e-02,9.109083563089370728e-02,9.320950508117675781e-02,9.109083563089370728e-02,9.226212650537490845e-02,1.009521260857582092e-01,1.243883892893791199e-01,3.689689040184020996e-01,3.183311223983764648e-01
6.497468352317810059e-01,9.356611967086791992e-01,1.000000000000000000e+00,5.674813985824584961e-01,4.335951209068298340e-01,3.783037662506103516e-01,3.253843486309051514e-01,3.101262450218200684e-01,3.048066794872283936e-01,3.210923671722412109e-01,3.522576689720153809e-01,4.102495312690734863e-01,4.488531053066253662e-01,3.798639476299285889e-01,3.418004512786865234e-01,3.214560151100158691e-01,3.103615939617156982e-01,3.059304952621459961e-01,3.034381568431854248e-01,3.059543669223785400e-01,3.166500329971313477e-01,3.383867740631103516e-01,3.745211362838745117e-01,4.434523284435272217e-01,3.949607312679290771e-01,3.559486865997314453e-01,3.210923671722412109e-01,3.005366921424865723e-01,2.916591465473175049e-01,2.967961728572845459e-01,3.161654174327850342e-01,3.403017818927764893e-01,3.862685263156890869e-01,4.399809539318084717e-01,5.220994949340820312e-01,1.000000000000000000e+00,1.000000000000000000e+00
3.717274367809295654e-01,5.757794976234436035e-01,5.713924169540405273e-01,5.118532776832580566e-01,4.288938939571380615e-01,2.416339665651321411e-01,2.014245092868804932e-01,1.809674501419067383e-01,1.716595590114593506e-01,1.708076447248458862e-01,1.750778406858444214e-01,1.890976428985595703e-01,2.160986810922622681e-01,2.603065967559814453e-01,3.830102086067199707e-01,8.136703372001647949e-01,9.614096283912658691e-01,9.451023936271667480e-01,9.451023936271667480e-01,9.572184085845947266e-01,9.939185380935668945e-01,1.000000000000000000e+00,6.736083030700683594e-01,3.974949419498443604e-01,2.788405418395996094e-01,2.154225707054138184e-01,1.836182177066802979e-01,1.616480350494384766e-01,1.585155725479125977e-01,1.552612334489822388e-01,1.660989075899124146e-01,1.734034121036529541e-01,1.967070847749710083e-01,2.174445688724517822e-01,3.074834048748016357e-01,4.821156263351440430e-01,5.313904881477355957e-01
2.081221491098403931e-01,1.946705728769302368e-01,1.720475107431411743e-01,1.560649573802947998e-01,1.414691507816314697e-01,1.405976712703704834e-01,1.394272148609161377e-01,1.285335868597030640e-01,1.060475483536720276e-01,9.417993575334548950e-02,8.617245405912399292e-02,8.735295385122299194e-02,9.347037225961685181e-02,1.018601208925247192e-01,1.136467456817626953e-01,1.403789520263671875e-01,2.150206863880157471e-01,9.488689899444580078e-01,9.488689899444580078e-01,9.621820449829101562e-01,1.000000000000000000e+00,8.955590128898620605e-01,3.454318940639495850e-01,1.844309866428375244e-01,1.388382911682128906e-01,1.211497560143470764e-01,1.056120321154594421e-01,9.627726674079895020e-02,9.164449572563171387e-02,9.330586344003677368e-02,9.504597634077072144e-02,9.547605365514755249e-02,1.088123992085456848e-01,1.194898039102554321e-01,1.600502282381057739e-01,3.634592294692993164e-01,3.165459632873535156e-01
6.479673385620117188e-01,1.000000000000000000e+00,7.526786327362060547e-01,4.938962459564208984e-01,3.749625980854034424e-01,3.349713087081909180e-01,2.917618453502655029e-01,2.768465578556060791e-01,2.657556533813476562e-01,2.822286188602447510e-01,3.177205920219421387e-01,3.739419281482696533e-01,3.475047051906585693e-01,2.939988672733306885e-01,2.648180723190307617e-01,2.478982210159301758e-01,2.399395257234573364e-01,2.369629144668579102e-01,2.369629144668579102e-01,2.399395257234573364e-01,2.478982210159301758e-01,2.617071866989135742e-01,2.891300916671752930e-01,3.425818085670471191e-01,3.319330811500549316e-01,3.024609982967376709e-01,2.857108116149902344e-01,2.705293297767639160e-01,2.658469378948211670e-01,2.714695334434509277e-01,2.881843745708465576e-01,3.198898732662200928e-01,3.583679199218750000e-01,4.087284803390502930e-01,4.901975393295288086e-01,1.000000000000000000e+00,1.000000000000000000e+00
4.181967675685882568e-01,6.573214530944824219e-01,5.792003870010375977e-01,5.518261194229125977e-01,3.153191804885864258e-01,2.506596446037292480e-01,2.143024206161499023e-01,1.968313157558441162e-01,1.871556788682937622e-01,1.862712949514389038e-01,1.907062977552413940e-01,2.072517126798629761e-01,2.362902015447616577e-01,2.833589017391204834e-01,4.277612566947937012e-01,9.576786160469055176e-01,9.667631387710571289e-01,9.508435130119323730e-01,9.508435130119323730e-01,9.667631387710571289e-01,1.000000000000000000e+00,9.602399468421936035e-01,6.521038413047790527e-01,4.002146124839782715e-01,2.702346146106719971e-01,2.148795425891876221e-01,1.817848682403564453e-01,1.755464226007461548e-01,1.781723201274871826e-01,1.801882386207580566e-01,1.895664483308792114e-01,2.008280456066131592e-01,2.296003401279449463e-01,2.629175782203674316e-01,3.458209633827209473e-01,5.044904947280883789e-01,5.337028503417968750e-01
1.262012273073196411e-01,1.098918467760086060e-01,1.005306392908096313e-01,9.014821797609329224e-02,8.747325837612152100e-02,8.747325837612152100e-02,9.354308992624282837e-02,9.354308992624282837e-02,9.145636111497879028e-02,9.123963862657546997e-02,9.009329974651336670e-02,8.998336642980575562e-02,8.679164201021194458e-02,8.679164201021194458e-02,9.253235906362533569e-02,1.111902743577957153e-01,1.663917601108551025e-01,9.486963152885437012e-01,9.485137462615966797e-01,9.650256037712097168e-01,1.000000000000000000e+00,7.551194429397583008e-01,2.880271971225738525e-01,1.768877804279327393e-01,1.435230374336242676e-01,1.160259246826171875e-01,9.123963862657546997e-02,8.167996257543563843e-02,8.021253347396850586e-02,8.204271644353866577e-02,8.909898251295089722e-02,9.829025715589523315e-02,1.225401386618614197e-01,1.731264889240264893e-01,1.609486788511276245e-01,3.514446020126342773e-01,2.706720829010009766e-01
1.000000000000000000e+00,4.580527245998382568e-01,3.740316033363342285e-01,3.109236061573028564e-01,2.694919407367706299e-01,2.457594275474548340e-01,2.352506667375564575e-01,2.317487597465515137e-01,2.336653918027877808e-01,2.500325143337249756e-01,2.942804992198944092e-01,3.898927569389343262e-01,3.664523363113403320e-01,3.111625909805297852e-01,2.810366451740264893e-01,2.604443430900573730e-01,2.518100142478942871e-01,2.499581873416900635e-01,2.499581873416900635e-01,2.518100142478942871e-01,2.604443430900573730e-01,2.810366451740264893e-01,3.111625909805297852e-01,3.513321876525878906e-01,3.053752481937408447e-01,2.632124722003936768e-01,2.499581873416900635e-01,2.450779229402542114e-01,2.468910962343215942e-01,2.656021714210510254e-01,3.018865287303924561e-01,3.487306833267211914e-01,4.307886958122253418e-01,6.517313718795776367e-01,9.331492185592651367e-01,1.000000000000000000e+00,1.000000000000000000e+00
1.520198732614517212e-01,1.632657051086425781e-01,2.350372225046157837e-01,2.191450744867324829e-01,2.003542482852935791e-01,1.870337873697280884e-01,1.765863150358200073e-01,1.654805690050125122e-01,1.579436063766479492e-01,1.535737812519073486e-01,1.544986218214035034e-01,1.588430106639862061e-01,1.687952429056167603e-01,1.953135877847671509e-01,2.356425523757934570e-01,1.000000000000000000e+00,9.622480273246765137e-01,9.409903287887573242e-01,9.463244676589965820e-01,6.018259525299072266e-01,2.822242081165313721e-01,2.028666287660598755e-01,1.631687283515930176e-01,1.530575603246688843e-01,1.462891995906829834e-01,1.446570754051208496e-01,1.489696949720382690e-01,1.691699177026748657e-01,2.456407248973846436e-01,2.355753779411315918e-01,1.924561858177185059e-01,1.711235642433166504e-01,1.530575603246688843e-01,1.480103135108947754e-01,1.480103135108947754e-01,6.834579110145568848e-01,5.611411929130554199e-01
7.010985016822814941e-01,6.795486807823181152e-01,5.402649044990539551e-01,2.890595793724060059e-01,2.066579163074493408e-01,1.733857095241546631e-01,1.584418714046478271e-01,1.493804156780242920e-01,1.493804156780242920e-01,1.576574891805648804e-01,1.760465204715728760e-01,2.150363326072692871e-01,2.645388245582580566e-01,4.014478325843811035e-01,1.000000000000000000e+00,9.386103153228759766e-01,8.957291245460510254e-01,8.826586604118347168e-01,8.826586604118347168e-01,9.034805893898010254e-01,8.304097652435302734e-01,4.631730020046234131e-01,3.511234521865844727e-01,2.645388245582580566e-01,2.254495471715927124e-01,2.084497809410095215e-01,2.046990245580673218e-01,2.053037583827972412e-01,2.141698300838470459e-01,2.363223731517791748e-01,2.732976973056793213e-01,3.307613730430603027e-01,6.959072351455688477e-01,6.645143628120422363e-01,6.425577402114868164e-01,5.047728419303894043e-01,7.501752972602844238e-01
1.000000000000000000e+00,8.976925611495971680e-01,5.896015167236328125e-01,4.311162531375885010e-01,3.240754306316375732e-01,2.800084054470062256e-01,2.507088780403137207e-01,2.392148822546005249e-01,2.314655184745788574e-01,2.400160431861877441e-01,1.218435987830162048e-01,7.683195918798446655e-02,5.999568104743957520e-02,5.366176739335060120e-02,4.947370663285255432e-02,4.816291108727455139e-02,4.799654334783554077e-02,4.799654334783554077e-02,4.799654334783554077e-02,4.799654334783554077e-02,4.816291108727455139e-02,4.947370663285255432e-02,5.366176739335060120e-02,5.999568104743957520e-02,7.683195918798446655e-02,1.218435987830162048e-01,2.402825057506561279e-01,2.432929873466491699e-01,2.469478100538253784e-01,2.507088780403137207e-01,2.686961293220520020e-01,2.952481210231781006e-01,3.416887223720550537e-01,4.061037302017211914e-01,4.984257519245147705e-01,1.000000000000000000e+00,1.000000000000000000e+00
9.687473177909851074e-01,8.417133688926696777e-01,6.356678605079650879e-01,4.397020936012268066e-01,3.641495406627655029e-01,3.192908465862274170e-01,2.910463809967041016e-01,2.694706618785858154e-01,2.558393478393554688e-01,2.549046874046325684e-01,2.543839216232299805e-01,2.833822965621948242e-01,3.219378590583801270e-01,3.870962858200073242e-01,5.520679950714111328e-01,9.359706044197082520e-01,9.028559327125549316e-01,8.892707824707031250e-01,8.892707824707031250e-01,9.028559327125549316e-01,9.373579621315002441e-01,1.000000000000000000e+00,7.394657135009765625e-01,4.868176877498626709e-01,3.745610415935516357e-01,3.057121634483337402e-01,2.622888088226318359e-01,2.491166144609451294e-01,2.489036023616790771e-01,2.610726356506347656e-01,2.782827019691467285e-01,3.117256164550781250e-01,3.778742551803588867e-01,6.656271219253540039e-01,7.818621993064880371e-01,5.901639461517333984e-01,6.421225070953369141e-01
3.069398403167724609e-01,2.713909149169921875e-01,2.562268972396850586e-01,2.317907661199569702e-01,2.113955318927764893e-01,1.888769418001174927e-01,1.691463589668273926e-01,1.527878791093826294e-01,1.462688297033309937e-01,1.459222286939620972e-01,1.490126848220825195e-01,1.599131375551223755e-01,1.871938109397888184e-01,2.423636168241500854e-01,3.589899837970733643e-01,4.989608526229858398e-01,9.987078905105590820e-01,9.824905395507812500e-01,9.824905395507812500e-01,9.987078905105590820e-01,1.000000000000000000e+00,1.995665729045867920e-01,1.672648042440414429e-01,1.540257185697555542e-01,1.462688297033309937e-01,1.467009484767913818e-01,1.559858322143554688e-01,1.576006263494491577e-01,1.485873013734817505e-01,1.424986124038696289e-01,1.423208266496658325e-01,1.430306583642959595e-01,1.622706949710845947e-01,2.196771502494812012e-01,3.334683477878570557e-01,4.864957928657531738e-01,4.057642817497253418e-01
1.000000000000000000e+00,1.000000000000000000e+00,1.000000000000000000e+00,1.000000000000000000e+00,1.000000000000000000e+00,1.000000000000000000e+00,1.000000000000000000e+00,1.000000000000000000e+00,1.000000000000000000e+00,1.000000000000000000e+00,1.000000000000000000e+00,1.000000000000000000e+00,1.000000000000000000e+00,1.000000000000000000e+00,1.000000000000000000e+00,1.000000000000000000e+00,1.000000000000000000e+00,1.000000000000000000e+00,1.000000000000000000e+00,1.000000000000000000e+00,1.000000000000000000e+00,1.000000000000000000e+00,1.000000000000000000e+00,1.000000000000000000e+00,1.000000000000000000e+00,1.000000000000000000e+00,1.000000000000000000e+00,1.000000000000000000e+00,1.000000000000000000e+00,1.000000000000000000e+00,1.000000000000000000e+00,1.000000000000000000e+00,1.000000000000000000e+00,1.000000000000000000e+00,1.000000000000000000e+00,1.000000000000000000e+00,1.000000000000000000e+00
4.742389321327209473e-01,3.755752146244049072e-01,3.081117868423461914e-01,2.563190162181854248e-01,2.395498901605606079e-01,2.280654758214950562e-01,2.212214618921279907e-01,2.237520068883895874e-01,2.362732142210006714e-01,2.698186039924621582e-01,3.240737915039062500e-01,4.503018558025360107e-01,7.987918257713317871e-01,8.278918862342834473e-01,7.475961446762084961e-01,6.992540955543518066e-01,6.751481294631958008e-01,6.651961803436279297e-01,6.651961803436279297e-01,6.738318800926208496e-01,5.401586294174194336e-01,4.255279898643493652e-01,3.497818410396575928e-01,2.909044027328491211e-01,2.560654282569885254e-01,2.348944395780563354e-01,2.303329557180404663e-01,2.311775237321853638e-01,2.497291713953018188e-01,2.776502370834350586e-01,3.444794416427612305e-01,5.423989295959472656e-01,8.683352470397949219e-01,9.222010374069213867e-01,1.000000000000000000e+00,5.939325094223022461e-01,6.783551573753356934e-01
2.429563254117965698e-01,2.124149650335311890e-01,1.932125240564346313e-01,1.763515025377273560e-01,1.664412915706634521e-01,1.623887866735458374e-01,1.691814810037612915e-01,1.699010431766510010e-01,1.565031707286834717e-01,1.403155028820037842e-01,1.345105618238449097e-01,1.434244364500045776e-01,1.576978713274002075e-01,2.086708992719650269e-01,1.000000000000000000e+00,9.357854723930358887e-01,8.997935056686401367e-01,8.850718140602111816e-01,3.573814034461975098e-01,2.416783124208450317e-01,2.036638855934143066e-01,1.694585978984832764e-01,1.532921940088272095e-01,1.447919756174087524e-01,1.376142650842666626e-01,1.440121084451675415e-01,1.475526094436645508e-01,1.521862745285034180e-01,1.472979933023452759e-01,1.442074775695800781e-01,1.360367834568023682e-01,1.345803141593933105e-01,1.397122740745544434e-01,1.658199280500411987e-01,2.294071167707443237e-01,5.673739910125732422e-01,3.588170111179351807e-01
1.000000000000000000e+00,6.502041816711425781e-01,4.803493916988372803e-01,3.934028148651123047e-01,3.452292084693908691e-01,2.897480428218841553e-01,2.742125689983367920e-01,2.607133686542510986e-01,2.727917134761810303e-01,3.346496522426605225e-01,4.606005847454071045e-01,5.479869246482849121e-01,4.069105684757232666e-01,3.443685472011566162e-01,3.110122382640838623e-01,2.960203886032104492e-01,2.861409485340118408e-01,2.820371687412261963e-01,2.820371687412261963e-01,2.855229377746582031e-01,2.960203886032104492e-01,3.143790364265441895e-01,3.548773825168609619e-01,3.629097938537597656e-01,3.195285499095916748e-01,2.917892336845397949e-01,2.820371687412261963e-01,2.844320237636566162e-01,3.022794425487518311e-01,3.388460576534271240e-01,3.827702999114990234e-01,4.400786161422729492e-01,5.162107348442077637e-01,6.088677644729614258e-01,7.528086304664611816e-01,1.000000000000000000e+00,8.041659593582153320e-01
5.358275771141052246e-01,5.381934046745300293e-01,4.859725236892700195e-01,2.957984209060668945e-01,2.243793606758117676e-01,2.012838870286941528e-01,1.859424859285354614e-01,1.695262789726257324e-01,1.685414016246795654e-01,1.841907352209091187e-01,1.979922056198120117e-01,2.284044176340103149e-01,2.948490381240844727e-01,4.100293517112731934e-01,1.000000000000000000e+00,9.399754405021667480e-01,9.039086103439331055e-01,8.930644989013671875e-01,8.928387761116027832e-01,9.080189466476440430e-01,7.751168012619018555e-01,5.514293313026428223e-01,4.250336885452270508e-01,3.183953762054443359e-01,2.639932930469512939e-01,2.152513116598129272e-01,1.883768886327743530e-01,1.766635924577713013e-01,1.704026460647583008e-01,1.708647906780242920e-01,1.836190074682235718e-01,1.942393034696578979e-01,2.340130656957626343e-01,2.687301635742187500e-01,3.654441833496093750e-01,5.794300436973571777e-01,3.658311069011688232e-01
8.781129866838455200e-02,8.781129866838455200e-02,8.897367864847183228e-02,8.691524714231491089e-02,8.451790362596511841e-02,8.211015909910202026e-02,8.211015909910202026e-02,8.211015909910202026e-02,8.121144771575927734e-02,8.445999771356582642e-02,8.346939831972122192e-02,8.831133693456649780e-02,9.636524319648742676e-02,1.106851771473884583e-01,1.293178051710128784e-01,1.638922691345214844e-01,9.950658082962036133e-01,9.809126257896423340e-01,9.807280302047729492e-01,1.000000000000000000e+00,6.722025275230407715e-01,2.301475256681442261e-01,1.306727528572082520e-01,1.007341369986534119e-01,8.543910831212997437e-02,8.282211422920227051e-02,8.139198273420333862e-02,8.469139784574508667e-02,8.808945119380950928e-02,9.389656037092208862e-02,9.513890743255615234e-02,9.772647172212600708e-02,9.200159460306167603e-02,9.200159460306167603e-02,9.077021479606628418e-02,3.609712123870849609e-01,8.425679057836532593e-02
1.228870823979377747e-01,1.029497012495994568e-01,9.589178115129470825e-02,9.443239122629165649e-02,8.668374270200729370e-02,8.128778636455535889e-02,8.128778636455535889e-02,8.394205570220947266e-02,9.558639675378799438e-02,1.109461188316345215e-01,1.604940891265869141e-01,1.654279977083206177e-01,1.325035691261291504e-01,1.082112267613410950e-01,9.443239122629165649e-02,8.999346196651458740e-02,8.446290343999862671e-02,8.411602675914764404e-02,8.411602675914764404e-02,8.420287817716598511e-02,8.626109361648559570e-02,8.950480818748474121e-02,1.029497012495994568e-01,1.136795133352279663e-01,1.569480895996093750e-01,2.600231170654296875e-01,6.818734407424926758e-01,6.933223605155944824e-01,7.405768632888793945e-01,8.187910914421081543e-01,9.059008955955505371e-01,1.000000000000000000e+00,2.336065769195556641e-01,1.754628866910934448e-01,1.378566622734069824e-01,3.018551766872406006e-01,1.000000000000000000e+00
1.000000000000000000e+00,6.348842382431030273e-01,4.789063930511474609e-01,3.822011649608612061e-01,3.285462260246276855e-01,2.833392620086669922e-01,2.606175243854522705e-01,2.423693686723709106e-01,2.469177991151809692e-01,2.802157402038574219e-01,3.784821331501007080e-01,5.120356082916259766e-01,3.738023042678833008e-01,3.198785781860351562e-01,2.886152267456054688e-01,2.713944613933563232e-01,2.600862979888916016e-01,2.589477300643920898e-01,2.589477300643920898e-01,2.623246014118194580e-01,2.713944613933563232e-01,2.886152267456054688e-01,3.198785781860351562e-01,3.350639641284942627e-01,2.918212115764617920e-01,2.674745321273803711e-01,2.588748931884765625e-01,2.612680196762084961e-01,2.772384881973266602e-01,3.117568790912628174e-01,3.560407161712646484e-01,4.023306071758270264e-01,4.789982736110687256e-01,5.597243309020996094e-01,6.774893999099731445e-01,1.000000000000000000e+00,8.005732297897338867e-01
5.738881230354309082e-01,6.547304987907409668e-01,6.708634495735168457e-01,3.326130807399749756e-01,2.490499317646026611e-01,2.224649339914321899e-01,2.063317447900772095e-01,1.895412206649780273e-01,1.825511008501052856e-01,1.954988092184066772e-01,2.144026607275009155e-01,2.375807613134384155e-01,3.112942874431610107e-01,4.315136373043060303e-01,1.000000000000000000e+00,9.354577660560607910e-01,9.001922607421875000e-01,8.852298855781555176e-01,8.852298855781555176e-01,9.001922607421875000e-01,7.735069394111633301e-01,5.503511428833007812e-01,4.315136373043060303e-01,3.172712922096252441e-01,2.470839917659759521e-01,2.144026607275009155e-01,1.912488341331481934e-01,1.793569624423980713e-01,1.730527579784393311e-01,1.779922395944595337e-01,1.924257576465606689e-01,2.031558752059936523e-01,2.300096005201339722e-01,2.553523480892181396e-01,3.409793078899383545e-01,6.081081032752990723e-01,3.713247179985046387e-01
9.216847270727157593e-02,9.221641719341278076e-02,9.387896209955215454e-02,9.779898077249526978e-02,1.037208288908004761e-01,1.074053645133972168e-01,9.588206559419631958e-02,9.027887880802154541e-02,8.346104621887207031e-02,8.076977729797363281e-02,7.730259001255035400e-02,7.580142468214035034e-02,7.849411666393280029e-02,8.622211962938308716e-02,1.006058976054191589e-01,1.144190207123756409e-01,1.572414189577102661e-01,9.829485416412353516e-01,9.827731847763061523e-01,1.000000000000000000e+00,7.245039939880371094e-01,2.360821962356567383e-01,1.538313627243041992e-01,1.189270615577697754e-01,1.050756126642227173e-01,9.096170961856842041e-02,8.033081144094467163e-02,7.871902734041213989e-02,7.899926602840423584e-02,8.115192502737045288e-02,8.409412950277328491e-02,8.683507889509201050e-02,9.120434522628784180e-02,9.096170961856842041e-02,9.096170961856842041e-02,3.842407166957855225e-01,4.229215532541275024e-02
1.029066592454910278e-01,8.209967613220214844e-02,7.744868844747543335e-02,7.563086599111557007e-02,7.552859187126159668e-02,7.552859187126159668e-02,7.754842936992645264e-02,7.744868844747543335e-02,7.961412519216537476e-02,1.101623103022575378e-01,1.326384246349334717e-01,1.472218334674835205e-01,1.169026494026184082e-01,1.004742532968521118e-01,8.835759758949279785e-02,8.405359834432601929e-02,7.873546332120895386e-02,7.863722741603851318e-02,7.863722741603851318e-02,7.873546332120895386e-02,8.019455522298812866e-02,8.331464976072311401e-02,9.170597791671752930e-02,1.057955697178840637e-01,1.472218334674835205e-01,2.388423830270767212e-01,6.768400073051452637e-01,6.851825714111328125e-01,7.316327095031738281e-01,8.159062862396240234e-01,8.953945636749267578e-01,1.000000000000000000e+00,1.803949028253555298e-01,1.318786442279815674e-01,1.180213540792465210e-01,2.837837934494018555e-01,1.000000000000000000e+00
2.342285811901092529e-01,2.738401293754577637e-01,2.871677279472351074e-01,3.022331297397613525e-01,2.829746305942535400e-01,2.247412353754043579e-01,1.551292538642883301e-01,1.248031631112098694e-01,1.157260984182357788e-01,1.152508407831192017e-01,1.178151890635490417e-01,1.265982836484909058e-01,1.445890963077545166e-01,2.030432224273681641e-01,2.773145735263824463e-01,6.842795610427856445e-01,1.000000000000000000e+00,9.803773164749145508e-01,9.829679131507873535e-01,1.000000000000000000e+00,6.577034592628479004e-01,3.569823503494262695e-01,1.583586186170578003e-01,8.814544230699539185e-02,7.522966712713241577e-02,7.063042372465133667e-02,6.325095146894454956e-02,5.967900529503822327e-02,5.967900529503822327e-02,6.109291687607765198e-02,6.708776950836181641e-02,7.425049692392349243e-02,9.403708577156066895e-02,1.271270811557769775e-01,1.671274900436401367e-01,2.549678981304168701e-01,1.493493318557739258e-01
6.125071048736572266e-01,1.000000000000000000e+00,9.809842705726623535e-01,4.835428893566131592e-01,4.030747115612030029e-01,3.314941227436065674e-01,3.022230565547943115e-01,2.753243744373321533e-01,2.675375938415527344e-01,2.787686884403228760e-01,2.919263541698455811e-01,3.418773114681243896e-01,3.943741619586944580e-01,3.328633308410644531e-01,3.003286123275756836e-01,2.831805050373077393e-01,2.735696732997894287e-01,2.703231275081634521e-01,2.677041888236999512e-01,2.693977952003479004e-01,2.791523039340972900e-01,2.965334355831146240e-01,3.294431567192077637e-01,3.884043097496032715e-01,3.589790761470794678e-01,3.185710906982421875e-01,2.829914987087249756e-01,2.675375938415527344e-01,2.650930285453796387e-01,2.729822695255279541e-01,2.956599891185760498e-01,3.235431909561157227e-01,3.664291501045227051e-01,4.154517352581024170e-01,4.922616779804229736e-01,1.000000000000000000e+00,1.000000000000000000e+00
4.009261727333068848e-01,6.506224274635314941e-01,6.809617877006530762e-01,6.356952190399169922e-01,3.322426378726959229e-01,2.720451354980468750e-01,2.134560346603393555e-01,1.858012676239013672e-01,1.769934296607971191e-01,1.762665659189224243e-01,1.801885217428207397e-01,1.936215460300445557e-01,2.436058223247528076e-01,3.105376958847045898e-01,4.122240543365478516e-01,7.340117096900939941e-01,9.679603576660156250e-01,9.519856572151184082e-01,9.519856572151184082e-01,9.647865891456604004e-01,1.000000000000000000e+00,9.951093196868896484e-01,6.373984217643737793e-01,4.137783944606781006e-01,2.938261628150939941e-01,2.242120504379272461e-01,1.922907978296279907e-01,1.775567233562469482e-01,1.720066964626312256e-01,1.722553223371505737e-01,1.775567233562469482e-01,1.902022361755371094e-01,2.080409228801727295e-01,2.432542145252227783e-01,3.038507103919982910e-01,5.117875933647155762e-01,5.541934370994567871e-01
1.188571974635124207e-01,1.208804473280906677e-01,1.080065444111824036e-01,1.043519824743270874e-01,9.898473322391510010e-02,9.369832277297973633e-02,9.369832277297973633e-02,9.977784007787704468e-02,1.047579124569892883e-01,1.080065444111824036e-01,1.057372465729713440e-01,9.959537535905838013e-02,9.606271982192993164e-02,9.606271982192993164e-02,1.024166569113731384e-01,1.152836754918098450e-01,1.588159799575805664e-01,2.661147713661193848e-01,9.486168026924133301e-01,9.615734219551086426e-01,1.000000000000000000e+00,6.565257906913757324e-01,1.899992823600769043e-01,1.267565637826919556e-01,9.971705824136734009e-02,9.472800791263580322e-02,9.427890181541442871e-02,1.012257263064384460e-01,1.134279891848564148e-01,1.248285993933677673e-01,1.191119849681854248e-01,1.045261472463607788e-01,1.015247628092765808e-01,1.015247628092765808e-01,1.072742864489555359e-01,4.316513240337371826e-01,2.187817543745040894e-01
6.555449962615966797e-01,1.000000000000000000e+00,9.347018599510192871e-01,7.889650464057922363e-01,4.946709871292114258e-01,3.373652100563049316e-01,2.687003910541534424e-01,2.301550954580307007e-01,1.985175311565399170e-01,1.894796937704086304e-01,1.906404793262481689e-01,1.918547600507736206e-01,2.130199223756790161e-01,2.342059314250946045e-01,2.113783359527587891e-01,1.999163776636123657e-01,1.942605525255203247e-01,1.927604526281356812e-01,1.927604526281356812e-01,1.942605525255203247e-01,1.999163776636123657e-01,2.113783359527587891e-01,2.352941185235977173e-01,2.760330438613891602e-01,3.636997044086456299e-01,2.781701087951660156e-01,2.264935374259948730e-01,1.986929327249526978e-01,1.898470222949981689e-01,1.860163360834121704e-01,1.908231079578399658e-01,1.927604526281356812e-01,2.069371193647384644e-01,2.301550954580307007e-01,3.232690989971160889e-01,1.000000000000000000e+00,1.000000000000000000e+00
4.185052514076232910e-01,3.762368559837341309e-01,3.400753140449523926e-01,2.961411774158477783e-01,2.500526010990142822e-01,2.322472035884857178e-01,2.235032320022583008e-01,2.179727852344512939e-01,2.151216566562652588e-01,2.024185210466384888e-01,1.994154155254364014e-01,1.971508711576461792e-01,2.044875770807266235e-01,2.212949544191360474e-01,2.571897208690643311e-01,2.942397892475128174e-01,3.880240619182586670e-01,5.803642272949218750e-01,8.857027888298034668e-01,8.998014926910400391e-01,9.348009824752807617e-01,1.000000000000000000e+00,3.568274080753326416e-01,2.755227386951446533e-01,2.487585991621017456e-01,2.223702818155288696e-01,2.119013816118240356e-01,1.979322284460067749e-01,1.977903991937637329e-01,1.999073624610900879e-01,2.063319981098175049e-01,2.225595116615295410e-01,2.583329081535339355e-01,3.082600831985473633e-01,4.084601998329162598e-01,9.861905574798583984e-01,5.776761770248413086e-01
1.000000000000000000e+00,8.811299800872802734e-01,6.925986409187316895e-01,5.992100238800048828e-01,2.761865854263305664e-01,1.881147921085357666e-01,1.520818024873733521e-01,1.336244344711303711e-01,1.224234849214553833e-01,1.121699959039688110e-01,1.121699959039688110e-01,1.156221851706504822e-01,1.189742460846900940e-01,1.395511031150817871e-01,1.605165600776672363e-01,1.977063417434692383e-01,2.541177272796630859e-01,3.501186072826385498e-01,6.532440185546875000e-01,6.764820218086242676e-01,7.011614441871643066e-01,7.482671737670898438e-01,8.311238884925842285e-01,8.978237509727478027e-01,5.049481987953186035e-01,3.563390374183654785e-01,3.400652408599853516e-01,3.242589533329010010e-01,3.248290717601776123e-01,3.359596729278564453e-01,4.040913879871368408e-01,4.870418310165405273e-01,5.901087522506713867e-01,6.775751709938049316e-01,8.475474119186401367e-01,4.569572806358337402e-01,7.801520228385925293e-01
1.000000000000000000e+00,1.000000000000000000e+00,1.000000000000000000e+00,1.000000000000000000e+00,1.000000000000000000e+00,1.000000000000000000e+00,1.000000000000000000e+00,1.000000000000000000e+00,1.000000000000000000e+00,1.000000000000000000e+00,1.000000000000000000e+00,1.000000000000000000e+00,1.000000000000000000e+00,1.000000000000000000e+00,1.000000000000000000e+00,1.000000000000000000e+00,1.000000000000000000e+00,1.000000000000000000e+00,1.000000000000000000e+00,1.000000000000000000e+00,1.000000000000000000e+00,1.000000000000000000e+00,1.000000000000000000e+00,1.000000000000000000e+00,1.000000000000000000e+00,1.000000000000000000e+00,1.000000000000000000e+00,1.000000000000000000e+00,1.000000000000000000e+00,1.000000000000000000e+00,1.000000000000000000e+00,1.000000000000000000e+00,1.000000000000000000e+00,1.000000000000000000e+00,1.000000000000000000e+00,1.000000000000000000e+00,1.000000000000000000e+00
9.943748712539672852e-01,1.000000000000000000e+00,9.046818614006042480e-01,7.900257110595703125e-01,5.370941162109375000e-01,4.259673357009887695e-01,3.682605326175689697e-01,3.367757797241210938e-01,2.822398543357849121e-01,2.539155483245849609e-01,2.404235154390335083e-01,2.459091693162918091e-01,2.749347984790802002e-01,3.108442425727844238e-01,3.440601527690887451e-01,4.615755081176757812e-01,6.496675610542297363e-01,7.260442376136779785e-01,7.257851362228393555e-01,7.375652194023132324e-01,7.656653523445129395e-01,8.160915374755859375e-01,9.064947366714477539e-01,9.959386587142944336e-01,5.284271240234375000e-01,3.744773268699645996e-01,2.924176752567291260e-01,2.595773041248321533e-01,2.484689950942993164e-01,2.467422932386398315e-01,2.605636715888977051e-01,2.713661193847656250e-01,3.007782399654388428e-01,3.643387854099273682e-01,9.314133524894714355e-01,6.215060353279113770e-01,6.876066327095031738e-01
2.384164929389953613e-01,2.028823047876358032e-01,1.814718544483184814e-01,1.710982471704483032e-01,1.640039235353469849e-01,1.628850698471069336e-01,1.634454578161239624e-01,1.589549779891967773e-01,1.609556972980499268e-01,1.640039235353469849e-01,1.685407161712646484e-01,1.780811399221420288e-01,1.889995187520980835e-01,2.185053527355194092e-01,2.698109149932861328e-01,4.030514657497406006e-01,4.848355650901794434e-01,6.584387421607971191e-01,9.460693597793579102e-01,9.623592495918273926e-01,1.000000000000000000e+00,2.698109149932861328e-01,2.185053527355194092e-01,1.866057366132736206e-01,1.693525314331054688e-01,1.619467884302139282e-01,1.641432493925094604e-01,1.689922064542770386e-01,1.914429664611816406e-01,2.176668345928192139e-01,2.079273164272308350e-01,1.874612569808959961e-01,1.903653144836425781e-01,2.222052961587905884e-01,2.664862871170043945e-01,5.857568979263305664e-01,4.451882839202880859e-01
4.262481033802032471e-01,5.220220088958740234e-01,9.487020373344421387e-01,1.000000000000000000e+00,7.347185015678405762e-01,4.917236566543579102e-01,3.678976297378540039e-01,2.978303134441375732e-01,2.717320322990417480e-01,2.693431377410888672e-01,2.631225883960723877e-01,2.660537362098693848e-01,2.969610691070556641e-01,2.822319567203521729e-01,2.552682757377624512e-01,2.390901297330856323e-01,2.319556027650833130e-01,2.291524112224578857e-01,2.291524112224578857e-01,2.319556027650833130e-01,2.390901297330856323e-01,2.498949617147445679e-01,2.766231894493103027e-01,3.269740641117095947e-01,4.329240620136260986e-01,4.709968566894531250e-01,3.538160622119903564e-01,2.964709699153900146e-01,2.768567204475402832e-01,2.664481997489929199e-01,2.671748697757720947e-01,2.789787054061889648e-01,2.984535396099090576e-01,3.292392790317535400e-01,3.667539954185485840e-01,1.000000000000000000e+00,8.583011031150817871e-01
5.006697177886962891e-01,5.610933303833007812e-01,7.162998914718627930e-01,5.969350934028625488e-01,5.380898118019104004e-01,4.583621621131896973e-01,2.895329594612121582e-01,2.170647084712982178e-01,2.010920196771621704e-01,1.963476836681365967e-01,1.954198628664016724e-01,1.961161345243453979e-01,2.099354118108749390e-01,2.363065630197525024e-01,2.566751539707183838e-01,3.098119795322418213e-01,4.022970199584960938e-01,6.270045042037963867e-01,8.064131140708923340e-01,8.198240399360656738e-01,8.516287207603454590e-01,9.039470553398132324e-01,1.000000000000000000e+00,9.129995107650756836e-01,4.371020495891571045e-01,3.051945567131042480e-01,2.383169084787368774e-01,2.069381326436996460e-01,1.897577345371246338e-01,1.928453594446182251e-01,1.921372264623641968e-01,2.106915563344955444e-01,2.451306879520416260e-01,2.773500978946685791e-01,3.581103086471557617e-01,6.198049783706665039e-01,5.530313849449157715e-01
1.603659689426422119e-01,2.079043984413146973e-01,1.852761209011077881e-01,1.489672660827636719e-01,1.255159229040145874e-01,1.178070306777954102e-01,1.147660538554191589e-01,1.116881668567657471e-01,1.188033968210220337e-01,1.249019429087638855e-01,1.312640309333801270e-01,1.385207325220108032e-01,1.385577321052551270e-01,1.451688557863235474e-01,1.483121514320373535e-01,1.778236329555511475e-01,2.019015550613403320e-01,3.090129196643829346e-01,5.224826931953430176e-01,8.219039440155029297e-01,8.545711040496826172e-01,9.094351530075073242e-01,1.000000000000000000e+00,2.254999727010726929e-01,1.689563393592834473e-01,1.413408815860748291e-01,1.248609051108360291e-01,1.223315000534057617e-01,1.255567371845245361e-01,1.229999810457229614e-01,1.246966198086738586e-01,1.203463599085807800e-01,1.188465282320976257e-01,1.255567371845245361e-01,1.375181674957275391e-01,5.693077445030212402e-01,4.141621291637420654e-01
7.504687458276748657e-02,9.065177291631698608e-02,1.218371093273162842e-01,1.730614751577377319e-01,4.955810904502868652e-01,1.000000000000000000e+00,7.090472579002380371e-01,5.774167776107788086e-01,5.207648277282714844e-01,4.894276261329650879e-01,1.658647656440734863e-01,9.253757447004318237e-02,7.335387170314788818e-02,6.551389396190643311e-02,6.138930469751358032e-02,5.904234573245048523e-02,5.832881480455398560e-02,5.823900923132896423e-02,5.823900923132896423e-02,5.832881480455398560e-02,5.904234573245048523e-02,6.551389396190643311e-02,7.103379070758819580e-02,7.792117446660995483e-02,7.525582611560821533e-02,7.234799116849899292e-02,6.794551014900207520e-02,6.446689367294311523e-02,6.381404399871826172e-02,5.948395282030105591e-02,5.760645121335983276e-02,5.659814551472663879e-02,5.659814551472663879e-02,5.787839367985725403e-02,6.446689367294311523e-02,2.794117629528045654e-01,1.000000000000000000e+00
3.685188591480255127e-01,4.529047906398773193e-01,8.880951404571533203e-01,1.000000000000000000e+00,5.913609266281127930e-01,4.034209251403808594e-01,3.381694853305816650e-01,2.942211031913757324e-01,2.632603049278259277e-01,8.631519973278045654e-02,2.305224724113941193e-02,1.900937035679817200e-02,1.662321202456951141e-02,1.630040071904659271e-02,1.630040071904659271e-02,1.630040071904659271e-02,1.630040071904659271e-02,1.630040071904659271e-02,1.630040071904659271e-02,1.630040071904659271e-02,1.630040071904659271e-02,1.630040071904659271e-02,1.630040071904659271e-02,1.662321202456951141e-02,1.900937035679817200e-02,2.305224724113941193e-02,8.631519973278045654e-02,2.600309848785400391e-01,2.522931396961212158e-01,2.450487464666366577e-01,2.489642649888992310e-01,2.569472491741180420e-01,2.726409435272216797e-01,2.866646945476531982e-01,3.205008506774902344e-01,1.000000000000000000e+00,1.000000000000000000e+00
1.864581108093261719e-01,2.027647346258163452e-01,2.192558944225311279e-01,2.333484143018722534e-01,2.895875275135040283e-01,2.942961454391479492e-01,2.298208475112915039e-01,1.767697483301162720e-01,1.672247499227523804e-01,1.629423201084136963e-01,1.582467257976531982e-01,1.577993482351303101e-01,1.696497797966003418e-01,1.853171586990356445e-01,2.012481987476348877e-01,2.311159968376159668e-01,2.864785790443420410e-01,3.943938016891479492e-01,8.851631283760070801e-01,9.001664519309997559e-01,9.350920319557189941e-01,1.000000000000000000e+00,4.785634577274322510e-01,2.228449583053588867e-01,1.896742135286331177e-01,1.749832481145858765e-01,1.704350858926773071e-01,1.702506393194198608e-01,1.722687631845474243e-01,1.836138367652893066e-01,2.074750363826751709e-01,2.094345241785049438e-01,1.906655579805374146e-01,1.780096292495727539e-01,1.780096292495727539e-01,5.504040718078613281e-01,3.627999424934387207e-01
8.079200983047485352e-01,8.054985404014587402e-01,8.699875473976135254e-01,9.856145381927490234e-01,7.247851490974426270e-01,5.024073719978332520e-01,3.274092078208923340e-01,2.736603915691375732e-01,2.360425144433975220e-01,2.303403317928314209e-01,2.349271327257156372e-01,2.417460083961486816e-01,2.452517151832580566e-01,2.840797305107116699e-01,3.498543500900268555e-01,4.703082442283630371e-01,6.588173508644104004e-01,7.342363595962524414e-01,7.342363595962524414e-01,7.451773285865783691e-01,7.737103104591369629e-01,8.251894712448120117e-01,9.167887568473815918e-01,1.000000000000000000e+00,5.972610116004943848e-01,3.599381148815155029e-01,2.807665765285491943e-01,2.473843693733215332e-01,2.332440465688705444e-01,2.246395647525787354e-01,2.309808582067489624e-01,2.372218668460845947e-01,2.588635087013244629e-01,2.844839394092559814e-01,4.135882258415222168e-01,5.368487238883972168e-01,6.157782077789306641e-01
4.615323841571807861e-01,9.367225766181945801e-01,1.000000000000000000e+00,6.088555455207824707e-01,4.199003577232360840e-01,3.403686881065368652e-01,3.065919578075408936e-01,2.774203717708587646e-01,2.647787332534790039e-01,2.005271464586257935e-01,4.328233748674392700e-02,3.060523420572280884e-02,2.528134919703006744e-02,2.416708134114742279e-02,2.323722653090953827e-02,2.323722653090953827e-02,2.323722653090953827e-02,2.323722653090953827e-02,2.323722653090953827e-02,2.323722653090953827e-02,2.323722653090953827e-02,2.323722653090953827e-02,2.416708134114742279e-02,2.528134919703006744e-02,3.060523420572280884e-02,4.328233748674392700e-02,2.005271464586257935e-01,2.539008557796478271e-01,2.450668215751647949e-01,2.458524703979492188e-01,2.558680474758148193e-01,2.736006081104278564e-01,3.028672337532043457e-01,3.402229547500610352e-01,3.902052640914916992e-01,1.000000000000000000e+00,1.000000000000000000e+00
2.068987041711807251e-01,2.074871063232421875e-01,2.197571396827697754e-01,2.880585789680480957e-01,2.232999056577682495e-01,1.877861469984054565e-01,1.787644326686859131e-01,1.654379218816757202e-01,1.569287627935409546e-01,1.561499536037445068e-01,1.600537151098251343e-01,1.710982471704483032e-01,1.829355210065841675e-01,1.990529298782348633e-01,2.363300174474716187e-01,2.747640311717987061e-01,4.014602899551391602e-01,9.462867975234985352e-01,9.460693597793579102e-01,9.623592495918273926e-01,1.000000000000000000e+00,3.012723326683044434e-01,2.074871063232421875e-01,1.725616008043289185e-01,1.554162800312042236e-01,1.486503332853317261e-01,1.526959836483001709e-01,1.608136147260665894e-01,1.741002053022384644e-01,2.035946398973464966e-01,2.079273164272308350e-01,1.874612569808959961e-01,1.835177242755889893e-01,1.851710677146911621e-01,1.952264904975891113e-01,5.187464356422424316e-01,3.362953662872314453e-01
8.508692979812622070e-01,9.145141839981079102e-01,9.977368712425231934e-01,7.506415843963623047e-01,5.186734199523925781e-01,3.520107865333557129e-01,2.938302755355834961e-01,2.580907940864562988e-01,2.326353937387466431e-01,2.202111929655075073e-01,2.190676182508468628e-01,2.381132543087005615e-01,2.720515727996826172e-01,3.239181637763977051e-01,4.257690608501434326e-01,6.780947446823120117e-01,8.126593828201293945e-01,7.996357083320617676e-01,7.993634343147277832e-01,8.116078376770019531e-01,8.436556458473205566e-01,9.007699489593505859e-01,1.000000000000000000e+00,6.698212027549743652e-01,4.296449422836303711e-01,3.031979501247406006e-01,2.488419264554977417e-01,2.218022793531417847e-01,2.122346311807632446e-01,2.153674066066741943e-01,2.172253876924514771e-01,2.431237846612930298e-01,2.743805050849914551e-01,3.367429971694946289e-01,8.455588817596435547e-01,5.024619698524475098e-01,6.062043309211730957e-01
5.959873199462890625e-01,1.000000000000000000e+00,8.350374698638916016e-01,5.670413970947265625e-01,4.160798490047454834e-01,3.449908494949340820e-01,3.116736710071563721e-01,2.874073684215545654e-01,2.729370296001434326e-01,2.879632711410522461e-01,3.055326044559478760e-01,3.559427559375762939e-01,3.677871525287628174e-01,3.119557797908782959e-01,2.807929515838623047e-01,2.643344402313232422e-01,2.550977170467376709e-01,2.519752979278564453e-01,2.519752979278564453e-01,2.550977170467376709e-01,2.643344402313232422e-01,2.754451036453247070e-01,3.063689768314361572e-01,3.677871525287628174e-01,4.025014638900756836e-01,3.472549319267272949e-01,3.000394403934478760e-01,2.776426970958709717e-01,2.725558876991271973e-01,2.717626094818115234e-01,2.827793657779693604e-01,3.007847666740417480e-01,3.344456553459167480e-01,3.807559013366699219e-01,4.536472260951995850e-01,1.000000000000000000e+00,1.000000000000000000e+00
6.272961497306823730e-01,6.116656064987182617e-01,6.057356595993041992e-01,3.746627569198608398e-01,2.910799086093902588e-01,2.438217699527740479e-01,2.126429677009582520e-01,1.877438277006149292e-01,1.729389131069183350e-01,1.723415404558181763e-01,1.718754917383193970e-01,1.842319816350936890e-01,2.116166204214096069e-01,2.544466257095336914e-01,3.202104270458221436e-01,5.458322167396545410e-01,9.013544321060180664e-01,8.869369626045227051e-01,8.866914510726928711e-01,9.013544321060180664e-01,9.310584664344787598e-01,1.000000000000000000e+00,7.349660396575927734e-01,4.015028774738311768e-01,2.676162719726562500e-01,2.113457024097442627e-01,1.819790601730346680e-01,1.730051636695861816e-01,1.648655235767364502e-01,1.674858778715133667e-01,1.862116903066635132e-01,2.049039006233215332e-01,2.334497421979904175e-01,3.330505490303039551e-01,7.565242052078247070e-01,5.108111500740051270e-01,5.291839838027954102e-01
1.008068844676017761e-01,1.008628755807876587e-01,1.021973863244056702e-01,1.392368227243423462e-01,1.533973217010498047e-01,1.354551762342453003e-01,1.250529140233993530e-01,1.137029379606246948e-01,1.010306477546691895e-01,9.750457108020782471e-02,9.951046109199523926e-02,1.037326306104660034e-01,1.176080331206321716e-01,1.403675228357315063e-01,1.752481311559677124e-01,2.758050560951232910e-01,4.075170159339904785e-01,9.457538723945617676e-01,9.457538723945617676e-01,9.588437080383300781e-01,1.000000000000000000e+00,1.902020424604415894e-01,1.451136767864227295e-01,1.129057109355926514e-01,9.928326308727264404e-02,9.785135835409164429e-02,9.750457108020782471e-02,1.010306477546691895e-01,1.094527393579483032e-01,1.417682319879531860e-01,1.711409389972686768e-01,2.090106010437011719e-01,1.978259235620498657e-01,1.370709985494613647e-01,1.042212992906570435e-01,4.201602935791015625e-01,1.780966669321060181e-01
6.204998493194580078e-01,1.000000000000000000e+00,6.744927167892456055e-01,4.855039715766906738e-01,3.712739944458007812e-01,3.255705833435058594e-01,2.876937389373779297e-01,2.745347619056701660e-01,2.653113603591918945e-01,2.762404978275299072e-01,2.997286021709442139e-01,3.424469232559204102e-01,2.913039922714233398e-01,2.473525106906890869e-01,2.234045118093490601e-01,2.116906344890594482e-01,2.056121230125427246e-01,2.035456150770187378e-01,2.035456150770187378e-01,2.056121230125427246e-01,2.116906344890594482e-01,2.234045118093490601e-01,2.473525106906890869e-01,2.844507396221160889e-01,3.446687161922454834e-01,3.150110840797424316e-01,2.859742045402526855e-01,2.691783010959625244e-01,2.667240202426910400e-01,2.728613913059234619e-01,2.913039922714233398e-01,3.189013898372650146e-01,3.576114475727081299e-01,4.061959981918334961e-01,4.764456748962402344e-01,1.000000000000000000e+00,1.000000000000000000e+00
6.955045461654663086e-01,6.658592820167541504e-01,6.415248513221740723e-01,5.619477033615112305e-01,2.679670751094818115e-01,2.390821874141693115e-01,2.056959420442581177e-01,1.936754286289215088e-01,1.854118257761001587e-01,1.849724501371383667e-01,1.888899505138397217e-01,2.027074694633483887e-01,2.283773720264434814e-01,2.754536271095275879e-01,4.036549925804138184e-01,7.473849058151245117e-01,9.207843542098999023e-01,9.068270325660705566e-01,9.068270325660705566e-01,9.207843542098999023e-01,9.560734629631042480e-01,1.000000000000000000e+00,6.794675588607788086e-01,4.084143340587615967e-01,2.852489650249481201e-01,2.151692360639572144e-01,1.913508176803588867e-01,1.717426180839538574e-01,1.711493730545043945e-01,1.717426180839538574e-01,1.849724501371383667e-01,1.992663443088531494e-01,2.255090922117233276e-01,2.763383686542510986e-01,6.566923856735229492e-01,5.162240266799926758e-01,6.387298703193664551e-01
1.343535482883453369e-01,1.203242316842079163e-01,1.161535009741783142e-01,1.161535009741783142e-01,1.196262389421463013e-01,1.220136135816574097e-01,1.221660375595092773e-01,1.309871673583984375e-01,1.297022551298141479e-01,1.251755058765411377e-01,1.201694682240486145e-01,1.196262389421463013e-01,1.233786270022392273e-01,1.312000900506973267e-01,1.459708213806152344e-01,1.756529957056045532e-01,3.557277619838714600e-01,9.461465477943420410e-01,9.461465477943420410e-01,9.619460105895996094e-01,1.000000000000000000e+00,1.710911989212036133e-01,1.372991949319839478e-01,1.199369579553604126e-01,1.161535009741783142e-01,1.217846199870109558e-01,1.348374634981155396e-01,1.558362692594528198e-01,1.706555634737014771e-01,1.684605479240417480e-01,1.415042281150817871e-01,1.389161348342895508e-01,1.428784132003784180e-01,1.464798748493194580e-01,1.469238400459289551e-01,5.116593837738037109e-01,3.619630038738250732e-01
6.334196925163269043e-01,1.000000000000000000e+00,6.903526782989501953e-01,4.808810949325561523e-01,3.855607211589813232e-01,3.382747769355773926e-01,2.931758761405944824e-01,2.800313234329223633e-01,2.698394358158111572e-01,2.825034856796264648e-01,3.005523085594177246e-01,3.484307229518890381e-01,3.157745301723480225e-01,2.679869532585144043e-01,2.424928247928619385e-01,2.277957499027252197e-01,2.209971100091934204e-01,2.186839282512664795e-01,2.186839282512664795e-01,2.209971100091934204e-01,2.277957499027252197e-01,2.424928247928619385e-01,2.679869532585144043e-01,3.093328773975372314e-01,3.443861901760101318e-01,3.105049133300781250e-01,2.825034856796264648e-01,2.653796076774597168e-01,2.669781744480133057e-01,2.767507433891296387e-01,2.931758761405944824e-01,3.162015080451965332e-01,3.545427024364471436e-01,4.019804298877716064e-01,4.801035225391387939e-01,1.000000000000000000e+00,1.000000000000000000e+00
7.156934142112731934e-01,6.938996315002441406e-01,6.462672352790832520e-01,3.912035524845123291e-01,3.058518767356872559e-01,2.683142125606536865e-01,2.192768156528472900e-01,1.934377104043960571e-01,1.839184761047363281e-01,1.835111230611801147e-01,1.931473314762115479e-01,2.217373400926589966e-01,2.618206441402435303e-01,3.251250088214874268e-01,4.636859595775604248e-01,9.121772646903991699e-01,9.585809707641601562e-01,9.432939887046813965e-01,9.429964423179626465e-01,9.585809707641601562e-01,9.884837269783020020e-01,1.000000000000000000e+00,6.430167555809020996e-01,3.916815221309661865e-01,2.735622227191925049e-01,2.123413980007171631e-01,1.835111230611801147e-01,1.647062748670578003e-01,1.664014160633087158e-01,1.699611991643905640e-01,1.778154522180557251e-01,1.911023557186126709e-01,2.245877683162689209e-01,2.670561671257019043e-01,3.491001427173614502e-01,4.787848293781280518e-01,6.092050671577453613e-01
1.136276721954345703e-01,1.055006459355354309e-01,9.826784580945968628e-02,9.818970412015914917e-02,9.818970412015914917e-02,1.025489941239356995e-01,9.818970412015914917e-02,9.795489162206649780e-02,9.411828964948654175e-02,9.403669834136962891e-02,9.533381462097167969e-02,9.826784580945968628e-02,1.034433320164680481e-01,1.109617501497268677e-01,1.325833201408386230e-01,1.841968744993209839e-01,3.231026828289031982e-01,9.458771347999572754e-01,9.456579685211181641e-01,9.620746374130249023e-01,1.000000000000000000e+00,1.499701887369155884e-01,1.136276721954345703e-01,9.565534442663192749e-02,8.952026814222335815e-02,8.805049955844879150e-02,9.088186919689178467e-02,9.803322702646255493e-02,1.103373914957046509e-01,1.404551565647125244e-01,1.505321562290191650e-01,1.332186609506607056e-01,1.239042282104492188e-01,1.191672682762145996e-01,1.136952117085456848e-01,3.985000550746917725e-01,2.910113036632537842e-01
1.000000000000000000e+00,9.215152263641357422e-01,5.318282246589660645e-01,4.111978709697723389e-01,3.389146029949188232e-01,2.965190112590789795e-01,2.740066945552825928e-01,2.538959681987762451e-01,2.562859952449798584e-01,2.621192634105682373e-01,2.914310097694396973e-01,3.498668968677520752e-01,3.822235167026519775e-01,3.234258592128753662e-01,2.921275198459625244e-01,2.742142677307128906e-01,2.651717364788055420e-01,2.621192634105682373e-01,2.621192634105682373e-01,2.651717364788055420e-01,2.742142677307128906e-01,2.921275198459625244e-01,3.234258592128753662e-01,3.381702303886413574e-01,2.957778871059417725e-01,2.709037363529205322e-01,2.621192634105682373e-01,2.523544728755950928e-01,2.538959681987762451e-01,2.650490999221801758e-01,2.993837296962738037e-01,3.267018198966979980e-01,3.768906593322753906e-01,4.437904655933380127e-01,5.468997359275817871e-01,1.000000000000000000e+00,1.000000000000000000e+00
6.725292205810546875e-01,6.545663475990295410e-01,4.584610164165496826e-01,3.241809010505676270e-01,2.510874569416046143e-01,2.155524641275405884e-01,1.954820305109024048e-01,1.827151775360107422e-01,1.771956533193588257e-01,1.785915344953536987e-01,1.823372691869735718e-01,2.021433562040328979e-01,2.658194303512573242e-01,3.612156808376312256e-01,5.486235022544860840e-01,1.000000000000000000e+00,9.622037410736083984e-01,9.466657042503356934e-01,9.466657042503356934e-01,9.622037410736083984e-01,1.000000000000000000e+00,7.459932565689086914e-01,4.808724224567413330e-01,3.437203764915466309e-01,2.513620257377624512e-01,2.039776593446731567e-01,1.838442236185073853e-01,1.771956533193588257e-01,1.691497266292572021e-01,1.693942248821258545e-01,1.782822757959365845e-01,1.829415410757064819e-01,2.209255099296569824e-01,2.607896924018859863e-01,6.968879103660583496e-01,5.303030014038085938e-01,5.488486886024475098e-01
9.138514101505279541e-02,8.872584253549575806e-02,8.872584253549575806e-02,8.982636034488677979e-02,9.403453022241592407e-02,9.692857414484024048e-02,9.565314650535583496e-02,9.565314650535583496e-02,9.487965703010559082e-02,9.172049909830093384e-02,9.198790788650512695e-02,9.571731835603713989e-02,1.030692607164382935e-01,1.240004524588584900e-01,1.545542329549789429e-01,2.356081604957580566e-01,1.000000000000000000e+00,9.828495383262634277e-01,9.828495383262634277e-01,1.000000000000000000e+00,1.537176221609115601e-01,1.108207553625106812e-01,9.416504204273223877e-02,8.844857662916183472e-02,8.782152086496353149e-02,9.111595898866653442e-02,9.967709332704544067e-02,1.053671762347221375e-01,1.108207553625106812e-01,1.226060315966606140e-01,1.289526969194412231e-01,1.373909264802932739e-01,1.296650171279907227e-01,1.175431609153747559e-01,1.016897484660148621e-01,4.202310442924499512e-01,1.631050109863281250e-01
9.153428673744201660e-01,5.127250552177429199e-01,3.998295962810516357e-01,3.393093943595886230e-01,3.010410070419311523e-01,2.726042270660400391e-01,2.572095394134521484e-01,2.515809535980224609e-01,2.563625276088714600e-01,2.709369063377380371e-01,3.095895946025848389e-01,3.634999990463256836e-01,3.917698860168457031e-01,3.290035128593444824e-01,2.989869117736816406e-01,2.820161283016204834e-01,2.733346223831176758e-01,2.709369063377380371e-01,2.709369063377380371e-01,2.733346223831176758e-01,2.820161283016204834e-01,2.989869117736816406e-01,3.373808860778808594e-01,3.469685316085815430e-01,3.015823662281036377e-01,2.789141237735748291e-01,2.709369063377380371e-01,2.726042270660400391e-01,2.875532507896423340e-01,3.089449107646942139e-01,3.406954109668731689e-01,3.877707123756408691e-01,4.442777633666992188e-01,5.560056567192077637e-01,1.000000000000000000e+00,1.000000000000000000e+00,1.000000000000000000e+00
6.324555277824401855e-01,5.491327047348022461e-01,3.051218390464782715e-01,2.659543454647064209e-01,2.133275121450424194e-01,1.966404318809509277e-01,1.828455030918121338e-01,1.684516817331314087e-01,1.684516817331314087e-01,1.698583960533142090e-01,1.952743381261825562e-01,2.278889417648315430e-01,2.869354486465454102e-01,4.592884480953216553e-01,8.849659562110900879e-01,1.000000000000000000e+00,9.637387394905090332e-01,9.494668245315551758e-01,9.494668245315551758e-01,9.727091193199157715e-01,7.963330745697021484e-01,5.674598813056945801e-01,3.932808637619018555e-01,2.869354486465454102e-01,2.208630591630935669e-01,1.876622885465621948e-01,1.703829169273376465e-01,1.703829169273376465e-01,1.758805513381958008e-01,1.828455030918121338e-01,2.024537175893783569e-01,2.409578412771224976e-01,3.588765561580657959e-01,6.685774922370910645e-01,6.508128643035888672e-01,5.077101588249206543e-01,7.220638394355773926e-01
1.028137207031250000e-01,1.028137207031250000e-01,1.028137207031250000e-01,1.061530932784080505e-01,1.114966869354248047e-01,1.080833077430725098e-01,1.080833077430725098e-01,1.110321134328842163e-01,1.068810075521469116e-01,1.067600324749946594e-01,1.078439205884933472e-01,1.161514595150947571e-01,1.283095926046371460e-01,1.618058234453201294e-01,2.468136698007583618e-01,1.000000000000000000e+00,9.571886062622070312e-01,9.418780803680419922e-01,9.416173696517944336e-01,2.171805053949356079e-01,1.523447781801223755e-01,1.199822500348091125e-01,1.043110862374305725e-01,9.870975464582443237e-02,9.778905659914016724e-02,9.818470478057861328e-02,1.036898121237754822e-01,1.119593307375907898e-01,1.222231090068817139e-01,1.273999363183975220e-01,1.373570114374160767e-01,1.373570114374160767e-01,1.382946223020553589e-01,1.287118196487426758e-01,1.118438467383384705e-01,4.776792824268341064e-01,5.003935694694519043e-01
3.556583821773529053e-01,4.171060323715209961e-01,2.541055977344512939e-01,1.987220793962478638e-01,1.821995377540588379e-01,1.811428666114807129e-01,2.000973373651504517e-01,2.977609336376190186e-01,2.613413631916046143e-01,2.306565195322036743e-01,2.132343351840972900e-01,1.971286684274673462e-01,1.832875311374664307e-01,1.811428666114807129e-01,1.931231468915939331e-01,1.940086334943771362e-01,2.182552963495254517e-01,2.461846768856048584e-01,3.482561409473419189e-01,1.000000000000000000e+00,6.973484754562377930e-01,4.960455894470214844e-01,3.892521262168884277e-01,3.157743215560913086e-01,2.766342163085937500e-01,2.254252582788467407e-01,1.925542950630187988e-01,1.751389950513839722e-01,1.738818138837814331e-01,1.746686100959777832e-01,1.832875311374664307e-01,1.903339624404907227e-01,2.086844593286514282e-01,2.412334680557250977e-01,2.818636894226074219e-01,1.000000000000000000e+00,4.765708446502685547e-01
7.289868593215942383e-01,1.000000000000000000e+00,8.219028711318969727e-01,7.791419625282287598e-01,2.137477993965148926e-01,1.678471714258193970e-01,1.564405262470245361e-01,1.539929658174514771e-01,1.561846882104873657e-01,1.570782810449600220e-01,1.596038192510604858e-01,1.659904718399047852e-01,1.726043224334716797e-01,1.804758459329605103e-01,1.872722059488296509e-01,2.002238184213638306e-01,2.180542051792144775e-01,3.283777832984924316e-01,6.176575422286987305e-01,6.323258876800537109e-01,4.475577175617218018e-01,3.190196454524993896e-01,2.536597549915313721e-01,2.102106362581253052e-01,1.839869469404220581e-01,1.692706495523452759e-01,1.654475182294845581e-01,1.659904718399047852e-01,1.753624975681304932e-01,1.934690326452255249e-01,2.214209884405136108e-01,2.781364619731903076e-01,3.599531948566436768e-01,4.865577518939971924e-01,5.881412029266357422e-01,7.290695905685424805e-01,7.213323712348937988e-01
7.230234742164611816e-01,1.000000000000000000e+00,8.869612216949462891e-01,3.534801304340362549e-01,3.048534691333770752e-01,1.704735308885574341e-01,9.672826528549194336e-02,8.859623968601226807e-02,8.158554136753082275e-02,7.868622988462448120e-02,7.844645529985427856e-02,7.963811606168746948e-02,8.651639521121978760e-02,9.522344172000885010e-02,1.120663657784461975e-01,1.443004012107849121e-01,2.088767886161804199e-01,2.426437288522720337e-01,2.446283251047134399e-01,2.476134151220321655e-01,1.968352496623992920e-01,1.405528485774993896e-01,1.203866079449653625e-01,9.929104894399642944e-02,8.887929469347000122e-02,8.273199945688247681e-02,8.150853961706161499e-02,8.158554136753082275e-02,8.519992232322692871e-02,9.362740814685821533e-02,1.080147698521614075e-01,1.311703175306320190e-01,1.728149056434631348e-01,2.577526271343231201e-01,4.952268302440643311e-01,4.729100167751312256e-01,8.827438354492187500e-01
7.274922132492065430e-01,1.000000000000000000e+00,4.420240819454193115e-01,1.466383188962936401e-01,9.609568864107131958e-02,7.547218352556228638e-02,6.429279595613479614e-02,5.648992210626602173e-02,5.462996289134025574e-02,5.301719903945922852e-02,5.301719903945922852e-02,5.553051829338073730e-02,5.523196607828140259e-02,5.278278142213821411e-02,4.819816350936889648e-02,4.680586233735084534e-02,4.600417986512184143e-02,4.600417986512184143e-02,4.600417986512184143e-02,4.600417986512184143e-02,4.680586233735084534e-02,4.819816350936889648e-02,5.278278142213821411e-02,6.112889200448989868e-02,5.927503108978271484e-02,5.530675500631332397e-02,5.462996289134025574e-02,5.462996289134025574e-02,5.648992210626602173e-02,6.173447892069816589e-02,7.142000645399093628e-02,8.577729016542434692e-02,1.209319978952407837e-01,1.791220903396606445e-01,3.583018481731414795e-01,3.940916657447814941e-01,1.000000000000000000e+00
3.377550542354583740e-01,4.910882413387298584e-01,7.805265188217163086e-01,8.357607722282409668e-01,6.691917777061462402e-01,6.775344610214233398e-01,7.389484643936157227e-01,5.040604472160339355e-01,3.198204636573791504e-01,2.726930677890777588e-01,2.564444839954376221e-01,2.635171115398406982e-01,2.941688001155853271e-01,4.146129786968231201e-01,4.854002296924591064e-01,5.311805009841918945e-01,6.107576489448547363e-01,9.907764196395874023e-01,1.000000000000000000e+00,3.945210576057434082e-01,2.367490530014038086e-01,1.592546552419662476e-01,1.281975209712982178e-01,1.159391328692436218e-01,1.038213297724723816e-01,9.120718389749526978e-02,9.064933657646179199e-02,9.064933657646179199e-02,9.408163279294967651e-02,1.013490408658981323e-01,1.179989874362945557e-01,1.392909288406372070e-01,1.849000602960586548e-01,2.245998680591583252e-01,2.716214060783386230e-01,3.717786967754364014e-01,6.662362813949584961e-01
7.014402002096176147e-02,8.705127239227294922e-02,9.157149493694305420e-02,8.057890832424163818e-02,6.574977934360504150e-02,5.570907145738601685e-02,5.073100328445434570e-02,4.782964661717414856e-02,4.640157520771026611e-02,4.436297342181205750e-02,4.436297342181205750e-02,4.585457965731620789e-02,5.073100328445434570e-02,5.950504168868064880e-02,7.250245660543441772e-02,3.269016742706298828e-01,3.454040288925170898e-01,3.786155879497528076e-01,4.906654357910156250e-01,1.000000000000000000e+00,6.048704385757446289e-01,4.248223304748535156e-01,2.098116427659988403e-01,1.015034392476081848e-01,6.893455237150192261e-02,5.252301320433616638e-02,4.938689619302749634e-02,4.585457965731620789e-02,4.426807910203933716e-02,4.426807910203933716e-02,4.530098289251327515e-02,4.721017926931381226e-02,5.228226631879806519e-02,5.978705734014511108e-02,6.333910673856735229e-02,3.349779248237609863e-01,4.399645328521728516e-01
4.321033060550689697e-01,6.543683409690856934e-01,1.000000000000000000e+00,7.730476856231689453e-01,4.670387804508209229e-01,3.463460206985473633e-01,2.896221280097961426e-01,2.400606572628021240e-01,2.232028543949127197e-01,2.149645090103149414e-01,1.851208060979843140e-01,1.122990176081657410e-01,8.672002702951431274e-02,7.467689365148544312e-02,6.887389719486236572e-02,6.604400277137756348e-02,6.471679359674453735e-02,6.462734937667846680e-02,6.462734937667846680e-02,6.471679359674453735e-02,6.604400277137756348e-02,6.887389719486236572e-02,7.467689365148544312e-02,8.672002702951431274e-02,1.122990176081657410e-01,1.851208060979843140e-01,2.245207577943801880e-01,2.062574028968811035e-01,1.996444910764694214e-01,2.009441852569580078e-01,2.140745967626571655e-01,2.313228845596313477e-01,2.585988938808441162e-01,2.926028668880462646e-01,3.444702625274658203e-01,1.000000000000000000e+00,1.000000000000000000e+00
1.000000000000000000e+00,9.258582592010498047e-01,8.796132206916809082e-01,8.745345473289489746e-01,4.996410608291625977e-01,3.623249828815460205e-01,2.884393036365509033e-01,2.375845611095428467e-01,2.202897965908050537e-01,2.139065265655517578e-01,2.187114357948303223e-01,2.247382998466491699e-01,2.377927899360656738e-01,2.784426510334014893e-01,3.549069166183471680e-01,4.378752410411834717e-01,6.081399321556091309e-01,6.622907519340515137e-01,6.622907519340515137e-01,6.723035573959350586e-01,6.984622478485107422e-01,7.453559637069702148e-01,8.025725483894348145e-01,4.910734891891479492e-01,3.359584808349609375e-01,2.606314122676849365e-01,2.238556593656539917e-01,2.039573788642883301e-01,1.980478912591934204e-01,1.972967535257339478e-01,2.041392922401428223e-01,2.278548777103424072e-01,2.558399736881256104e-01,3.036118447780609131e-01,3.737554550170898438e-01,6.722411513328552246e-01,7.126170992851257324e-01
1.377262175083160400e-01,1.291314512491226196e-01,1.272455155849456787e-01,1.347689032554626465e-01,2.394565641880035400e-01,2.091983407735824585e-01,1.836349517107009888e-01,1.603523343801498413e-01,1.415440291166305542e-01,1.377262175083160400e-01,1.383548974990844727e-01,1.385787427425384521e-01,1.457727402448654175e-01,1.695957183837890625e-01,1.914681494235992432e-01,2.367228120565414429e-01,3.082870543003082275e-01,4.702005088329315186e-01,9.451154470443725586e-01,9.612373113632202148e-01,1.000000000000000000e+00,4.118562638759613037e-01,2.146390527486801147e-01,1.605841070413589478e-01,1.401798278093338013e-01,1.367324441671371460e-01,1.342158168554306030e-01,1.380409151315689087e-01,1.459002494812011719e-01,1.660871058702468872e-01,1.942643970251083374e-01,2.345392853021621704e-01,2.629723846912384033e-01,2.493979930877685547e-01,1.871458142995834351e-01,6.217229962348937988e-01,5.157496929168701172e-01
4.741414189338684082e-01,4.764967858791351318e-01,5.572035908699035645e-01,3.599280118942260742e-01,2.074675410985946655e-01,1.425898522138595581e-01,1.120489984750747681e-01,1.019600033760070801e-01,9.400247782468795776e-02,9.389607608318328857e-02,9.217701107263565063e-02,9.217701107263565063e-02,9.568875283002853394e-02,1.043821871280670166e-01,1.216309294104576111e-01,1.580190211534500122e-01,2.039200067520141602e-01,2.972619235515594482e-01,8.596420288085937500e-01,9.014626741409301758e-01,9.360606074333190918e-01,1.000000000000000000e+00,8.742735385894775391e-01,4.637175798416137695e-01,3.219604492187500000e-01,2.624356150627136230e-01,2.280333340167999268e-01,2.168897986412048340e-01,2.150848507881164551e-01,2.270228713750839233e-01,2.530106604099273682e-01,3.103247880935668945e-01,4.379306733608245850e-01,6.252708435058593750e-01,6.167234778404235840e-01,3.427676260471343994e-01,6.345859766006469727e-01
6.566770672798156738e-01,1.000000000000000000e+00,9.353927373886108398e-01,8.676934838294982910e-01,9.285231232643127441e-01,3.376858532428741455e-01,2.679957747459411621e-01,2.470799088478088379e-01,2.448059320449829102e-01,2.498049139976501465e-01,2.556862235069274902e-01,2.547635734081268311e-01,2.626708447933197021e-01,2.848214209079742432e-01,3.191786706447601318e-01,3.939689099788665771e-01,5.685049295425415039e-01,9.615392684936523438e-01,9.615392684936523438e-01,9.768460988998413086e-01,6.992054581642150879e-01,4.987252950668334961e-01,3.925092518329620361e-01,3.245287835597991943e-01,2.863160073757171631e-01,2.618852257728576660e-01,2.549945414066314697e-01,2.489787191152572632e-01,2.470799088478088379e-01,2.467819005250930786e-01,2.609845101833343506e-01,2.712708115577697754e-01,3.057548105716705322e-01,3.551472425460815430e-01,4.620212614536285400e-01,1.000000000000000000e+00,6.283903717994689941e-01
3.565194904804229736e-01,2.004087120294570923e-01,1.482097059488296509e-01,1.396830379962921143e-01,1.414865404367446899e-01,1.590857803821563721e-01,2.344630360603332520e-01,2.030367553234100342e-01,1.743292510509490967e-01,1.574839651584625244e-01,1.482097059488296509e-01,1.374792456626892090e-01,1.405466794967651367e-01,1.412827521562576294e-01,1.421772092580795288e-01,1.595920771360397339e-01,1.795400828123092651e-01,2.256972789764404297e-01,5.675830245018005371e-01,1.000000000000000000e+00,8.165200948715209961e-01,5.823456048965454102e-01,4.390209913253784180e-01,2.534309923648834229e-01,1.989079266786575317e-01,1.638676226139068604e-01,1.459767371416091919e-01,1.425010859966278076e-01,1.406696289777755737e-01,1.450262516736984253e-01,1.537064611911773682e-01,1.649890542030334473e-01,1.913178265094757080e-01,2.222238183021545410e-01,2.690264880657196045e-01,9.192016720771789551e-01,4.074862301349639893e-01
6.197354793548583984e-01,1.000000000000000000e+00,8.688770532608032227e-01,4.240716099739074707e-01,2.716048061847686768e-01,1.916053444147109985e-01,1.475180089473724365e-01,1.284926235675811768e-01,1.223213300108909607e-01,1.189472824335098267e-01,1.208597421646118164e-01,1.317528039216995239e-01,1.496784240007400513e-01,1.799724996089935303e-01,2.264878600835800171e-01,2.762923240661621094e-01,2.677572071552276611e-01,2.642008662223815918e-01,2.642008662223815918e-01,2.677572071552276611e-01,2.773485183715820312e-01,2.340316325426101685e-01,1.847508102655410767e-01,1.544289141893386841e-01,1.348067224025726318e-01,1.248723790049552917e-01,1.218988001346588135e-01,1.223213300108909607e-01,1.284926235675811768e-01,1.428587734699249268e-01,1.676706969738006592e-01,2.058835625648498535e-01,2.725740075111389160e-01,3.866212964057922363e-01,4.659641683101654053e-01,7.729650139808654785e-01,8.335238099098205566e-01
1.000000000000000000e+00,1.000000000000000000e+00,1.000000000000000000e+00,1.000000000000000000e+00,1.000000000000000000e+00,1.000000000000000000e+00,1.000000000000000000e+00,1.000000000000000000e+00,1.000000000000000000e+00,1.000000000000000000e+00,1.000000000000000000e+00,1.000000000000000000e+00,1.000000000000000000e+00,1.000000000000000000e+00,1.000000000000000000e+00,1.000000000000000000e+00,1.000000000000000000e+00,1.000000000000000000e+00,1.000000000000000000e+00,1.000000000000000000e+00,1.000000000000000000e+00,1.000000000000000000e+00,1.000000000000000000e+00,1.000000000000000000e+00,1.000000000000000000e+00,1.000000000000000000e+00,1.000000000000000000e+00,1.000000000000000000e+00,1.000000000000000000e+00,1.000000000000000000e+00,1.000000000000000000e+00,1.000000000000000000e+00,1.000000000000000000e+00,1.000000000000000000e+00,1.000000000000000000e+00,6.476193666458129883e-01,1.000000000000000000e+00
1.000000000000000000e+00,1.000000000000000000e+00,1.000000000000000000e+00,1.000000000000000000e+00,1.000000000000000000e+00,1.000000000000000000e+00,1.000000000000000000e+00,1.000000000000000000e+00,1.000000000000000000e+00,1.000000000000000000e+00,1.000000000000000000e+00,1.000000000000000000e+00,1.000000000000000000e+00,1.000000000000000000e+00,1.000000000000000000e+00,1.000000000000000000e+00,1.000000000000000000e+00,1.000000000000000000e+00,1.000000000000000000e+00,1.000000000000000000e+00,1.000000000000000000e+00,1.000000000000000000e+00,1.000000000000000000e+00,1.000000000000000000e+00,1.000000000000000000e+00,1.000000000000000000e+00,1.000000000000000000e+00,1.000000000000000000e+00,1.000000000000000000e+00,1.000000000000000000e+00,1.000000000000000000e+00,1.000000000000000000e+00,1.000000000000000000e+00,1.000000000000000000e+00,1.000000000000000000e+00,1.000000000000000000e+00,1.000000000000000000e+00
3.923860490322113037e-01,8.861790299415588379e-01,1.000000000000000000e+00,9.571432471275329590e-01,7.058213353157043457e-01,4.861238002777099609e-01,3.813968300819396973e-01,2.662222087383270264e-01,2.384974509477615356e-01,2.199494838714599609e-01,2.104548811912536621e-01,2.185374200344085693e-01,2.328045666217803955e-01,2.411652058362960815e-01,2.833472192287445068e-01,3.425083756446838379e-01,4.316581189632415771e-01,5.747227668762207031e-01,5.913951396942138672e-01,5.999532341957092285e-01,6.217128634452819824e-01,6.637467145919799805e-01,7.350143194198608398e-01,8.730156421661376953e-01,6.179168224334716797e-01,3.833400011062622070e-01,2.826908826828002930e-01,2.400500774383544922e-01,2.212592810392379761e-01,2.227467447519302368e-01,2.226540744304656982e-01,2.287803739309310913e-01,2.415072768926620483e-01,2.662222087383270264e-01,3.011439740657806396e-01,6.351742148399353027e-01,7.664795517921447754e-01
2.713757157325744629e-01,2.966068983078002930e-01,2.800388038158416748e-01,2.770121693611145020e-01,2.617119550704956055e-01,2.327782064676284790e-01,1.975141167640686035e-01,1.729243248701095581e-01,1.603473573923110962e-01,1.471741348505020142e-01,1.423209011554718018e-01,1.471741348505020142e-01,1.625951528549194336e-01,1.780614703893661499e-01,2.026634514331817627e-01,2.687745988368988037e-01,3.145386278629302979e-01,3.698001205921173096e-01,5.666862726211547852e-01,9.015980362892150879e-01,9.365542531013488770e-01,1.000000000000000000e+00,3.018112480640411377e-01,2.071206420660018921e-01,1.774687021970748901e-01,1.632419526576995850e-01,1.548497825860977173e-01,1.443629115819931030e-01,1.423209011554718018e-01,1.518723666667938232e-01,1.748098433017730713e-01,2.032979428768157959e-01,2.186160981655120850e-01,2.311124205589294434e-01,2.410801947116851807e-01,5.824101567268371582e-01,5.763930082321166992e-01
1.000000000000000000e+00,1.000000000000000000e+00,1.000000000000000000e+00,1.000000000000000000e+00,1.000000000000000000e+00,1.000000000000000000e+00,1.000000000000000000e+00,1.000000000000000000e+00,1.000000000000000000e+00,1.000000000000000000e+00,1.000000000000000000e+00,1.000000000000000000e+00,1.000000000000000000e+00,1.000000000000000000e+00,1.000000000000000000e+00,1.000000000000000000e+00,1.000000000000000000e+00,1.000000000000000000e+00,1.000000000000000000e+00,1.000000000000000000e+00,1.000000000000000000e+00,1.000000000000000000e+00,1.000000000000000000e+00,1.000000000000000000e+00,1.000000000000000000e+00,1.000000000000000000e+00,1.000000000000000000e+00,1.000000000000000000e+00,1.000000000000000000e+00,1.000000000000000000e+00,1.000000000000000000e+00,1.000000000000000000e+00,1.000000000000000000e+00,1.000000000000000000e+00,1.000000000000000000e+00,1.000000000000000000e+00,1.000000000000000000e+00
6.221403479576110840e-01,7.269574403762817383e-01,7.906785607337951660e-01,9.722120761871337891e-01,6.535333991050720215e-01,4.663885235786437988e-01,3.502387702465057373e-01,3.080430328845977783e-01,2.781586945056915283e-01,2.532097995281219482e-01,2.575358450412750244e-01,2.781586945056915283e-01,3.090659976005554199e-01,3.740444481372833252e-01,4.761421978473663330e-01,6.625274419784545898e-01,8.107095360755920410e-01,7.986227869987487793e-01,7.986227869987487793e-01,8.107095360755920410e-01,8.422180414199829102e-01,8.990251421928405762e-01,1.000000000000000000e+00,8.605466485023498535e-01,5.254238843917846680e-01,3.747821152210235596e-01,2.952240407466888428e-01,2.650853991508483887e-01,2.556908130645751953e-01,2.475366890430450439e-01,2.576124370098114014e-01,2.638919949531555176e-01,2.922690212726593018e-01,3.257841765880584717e-01,3.893431425094604492e-01,5.644756555557250977e-01,5.976636409759521484e-01
1.423555314540863037e-01,1.503775715827941895e-01,1.619616001844406128e-01,3.152416050434112549e-01,2.812069952487945557e-01,2.360054701566696167e-01,2.024842202663421631e-01,1.543167680501937866e-01,1.423555314540863037e-01,1.340483725070953369e-01,1.293596774339675903e-01,1.305643022060394287e-01,1.401387900114059448e-01,1.652575135231018066e-01,1.967326402664184570e-01,2.223429828882217407e-01,3.176328539848327637e-01,5.154346227645874023e-01,8.853828310966491699e-01,9.005769491195678711e-01,9.351446628570556641e-01,1.000000000000000000e+00,6.253443360328674316e-01,2.286302149295806885e-01,1.716089248657226562e-01,1.497400104999542236e-01,1.376338750123977661e-01,1.335283070802688599e-01,1.358529627323150635e-01,1.402008384466171265e-01,1.452585756778717041e-01,1.361726820468902588e-01,1.347602009773254395e-01,1.346310526132583618e-01,1.366190463304519653e-01,4.507262706756591797e-01,3.298807740211486816e-01
4.383821189403533936e-01,5.292474031448364258e-01,8.986827135086059570e-01,1.000000000000000000e+00,6.132739782333374023e-01,4.422747790813446045e-01,3.392092585563659668e-01,2.988920211791992188e-01,2.811622321605682373e-01,2.749118208885192871e-01,2.784395813941955566e-01,2.868620455265045166e-01,3.229099214076995850e-01,3.306802809238433838e-01,2.975349426269531250e-01,2.797191143035888672e-01,2.704887390136718750e-01,2.670342326164245605e-01,2.670342326164245605e-01,2.665583193302154541e-01,2.759202420711517334e-01,2.922064661979675293e-01,3.251141011714935303e-01,3.832749128341674805e-01,4.883703589439392090e-01,4.213809967041015625e-01,3.387176394462585449e-01,2.899437248706817627e-01,2.690768539905548096e-01,2.669450640678405762e-01,2.733776867389678955e-01,2.885170280933380127e-01,3.100213706493377686e-01,3.389050066471099854e-01,3.837921619415283203e-01,1.000000000000000000e+00,7.677254676818847656e-01
3.583267331123352051e-01,4.623231589794158936e-01,5.339607000350952148e-01,5.872953534126281738e-01,5.015950798988342285e-01,3.094844818115234375e-01,2.526027858257293701e-01,1.915264129638671875e-01,1.733139306306838989e-01,1.562973260879516602e-01,1.534581780433654785e-01,1.602485924959182739e-01,1.830214262008666992e-01,2.129317969083786011e-01,2.403932064771652222e-01,2.832735478878021240e-01,4.503316283226013184e-01,7.808737158775329590e-01,7.967301011085510254e-01,8.098071813583374023e-01,8.360022306442260742e-01,8.937911391258239746e-01,1.000000000000000000e+00,7.120711207389831543e-01,3.994367718696594238e-01,2.691220343112945557e-01,2.077755331993103027e-01,1.737081408500671387e-01,1.621278673410415649e-01,1.601876020431518555e-01,1.596988439559936523e-01,1.698398888111114502e-01,1.937582492828369141e-01,2.153048813343048096e-01,2.522931098937988281e-01,5.400344729423522949e-01,4.153574705123901367e-01
1.316481977701187134e-01,1.488692462444305420e-01,1.843113750219345093e-01,1.946662813425064087e-01,1.830776333808898926e-01,1.710182130336761475e-01,1.534071713685989380e-01,1.354441642761230469e-01,1.178813502192497253e-01,1.079516857862472534e-01,1.072310730814933777e-01,1.097053289413452148e-01,1.105717197060585022e-01,1.148056536912918091e-01,1.369766294956207275e-01,1.700740307569503784e-01,2.002241164445877075e-01,2.742361426353454590e-01,8.751178979873657227e-01,8.934090733528137207e-01,9.251286983489990234e-01,9.887724518775939941e-01,1.000000000000000000e+00,2.162897437810897827e-01,1.498276442289352417e-01,1.239962652325630188e-01,1.139714494347572327e-01,1.038978174328804016e-01,1.026852950453758240e-01,1.083927527070045471e-01,1.173235103487968445e-01,1.160970926284790039e-01,1.174251288175582886e-01,1.212728768587112427e-01,1.239962652325630188e-01,4.733255207538604736e-01,1.978890150785446167e-01
9.641508013010025024e-02,1.283227354288101196e-01,1.701099872589111328e-01,2.831364870071411133e-01,1.000000000000000000e+00,7.716772556304931641e-01,5.851982831954956055e-01,5.062910318374633789e-01,4.625735282897949219e-01,4.455217421054840088e-01,1.280585527420043945e-01,7.915159314870834351e-02,6.186044216156005859e-02,5.341444909572601318e-02,4.972046986222267151e-02,4.972046986222267151e-02,4.946439713239669800e-02,4.946439713239669800e-02,4.946439713239669800e-02,4.946439713239669800e-02,5.022870004177093506e-02,5.245482921600341797e-02,5.341444909572601318e-02,5.891633406281471252e-02,5.245482921600341797e-02,4.980553314089775085e-02,4.954989999532699585e-02,4.954989999532699585e-02,5.081520974636077881e-02,5.466774478554725647e-02,6.186044216156005859e-02,6.596679240465164185e-02,6.786458939313888550e-02,7.297416031360626221e-02,8.680380880832672119e-02,2.584801912307739258e-01,1.000000000000000000e+00
1.000000000000000000e+00,1.000000000000000000e+00,1.000000000000000000e+00,1.000000000000000000e+00,1.000000000000000000e+00,1.000000000000000000e+00,1.000000000000000000e+00,1.000000000000000000e+00,1.000000000000000000e+00,1.000000000000000000e+00,1.000000000000000000e+00,1.000000000000000000e+00,1.000000000000000000e+00,1.000000000000000000e+00,1.000000000000000000e+00,1.000000000000000000e+00,1.000000000000000000e+00,1.000000000000000000e+00,1.000000000000000000e+00,1.000000000000000000e+00,1.000000000000000000e+00,1.000000000000000000e+00,1.000000000000000000e+00,1.000000000000000000e+00,1.000000000000000000e+00,1.000000000000000000e+00,1.000000000000000000e+00,1.000000000000000000e+00,1.000000000000000000e+00,1.000000000000000000e+00,1.000000000000000000e+00,1.000000000000000000e+00,1.000000000000000000e+00,1.000000000000000000e+00,1.000000000000000000e+00,1.000000000000000000e+00,1.000000000000000000e+00
5.494616031646728516e-01,6.935697793960571289e-01,1.000000000000000000e+00,8.284007310867309570e-01,5.446885824203491211e-01,4.172689616680145264e-01,3.096451461315155029e-01,2.735323607921600342e-01,2.587183415889739990e-01,2.460043579339981079e-01,2.408867329359054565e-01,2.534534633159637451e-01,2.874655723571777344e-01,3.479026854038238525e-01,4.248485565185546875e-01,5.977795124053955078e-01,7.780876159667968750e-01,7.661517262458801270e-01,7.661517262458801270e-01,7.780876159667968750e-01,8.073670268058776855e-01,8.623175024986267090e-01,9.593221545219421387e-01,7.794682383537292480e-01,4.808160662651062012e-01,3.429122865200042725e-01,2.745909988880157471e-01,2.465587258338928223e-01,2.378207147121429443e-01,2.350053191184997559e-01,2.478704005479812622e-01,2.629062533378601074e-01,2.952561080455780029e-01,3.270157277584075928e-01,3.804270029067993164e-01,5.645198822021484375e-01,5.878159403800964355e-01
1.742377728223800659e-01,1.787692457437515259e-01,3.488701879978179932e-01,2.967596948146820068e-01,2.521707415580749512e-01,2.229558527469635010e-01,1.692807078361511230e-01,1.482058763504028320e-01,1.374267041683197021e-01,1.255213767290115356e-01,1.268842965364456177e-01,1.318046301603317261e-01,1.427071690559387207e-01,1.643311083316802979e-01,1.956297755241394043e-01,2.249145060777664185e-01,3.410165309906005859e-01,6.330644488334655762e-01,8.845613002777099609e-01,8.996006846427917480e-01,9.351775646209716797e-01,1.000000000000000000e+00,5.952845811843872070e-01,2.480790764093399048e-01,1.613737493753433228e-01,1.439671665430068970e-01,1.327149718999862671e-01,1.237271353602409363e-01,1.219770163297653198e-01,1.244893968105316162e-01,1.290350258350372314e-01,1.327797621488571167e-01,1.466307193040847778e-01,1.509655714035034180e-01,1.651142686605453491e-01,4.188585281372070312e-01,3.301093578338623047e-01
1.000000000000000000e+00,1.000000000000000000e+00,1.000000000000000000e+00,1.000000000000000000e+00,1.000000000000000000e+00,1.000000000000000000e+00,1.000000000000000000e+00,1.000000000000000000e+00,1.000000000000000000e+00,1.000000000000000000e+00,1.000000000000000000e+00,1.000000000000000000e+00,1.000000000000000000e+00,1.000000000000000000e+00,1.000000000000000000e+00,1.000000000000000000e+00,1.000000000000000000e+00,1.000000000000000000e+00,1.000000000000000000e+00,1.000000000000000000e+00,1.000000000000000000e+00,1.000000000000000000e+00,1.000000000000000000e+00,1.000000000000000000e+00,1.000000000000000000e+00,1.000000000000000000e+00,1.000000000000000000e+00,1.000000000000000000e+00,1.000000000000000000e+00,1.000000000000000000e+00,1.000000000000000000e+00,1.000000000000000000e+00,1.000000000000000000e+00,1.000000000000000000e+00,1.000000000000000000e+00,1.000000000000000000e+00,1.000000000000000000e+00
5.000205039978027344e-01,7.279236316680908203e-01,8.265446424484252930e-01,1.000000000000000000e+00,6.895670294761657715e-01,5.028029680252075195e-01,3.714249730110168457e-01,3.141447305679321289e-01,2.702602744102478027e-01,2.629494071006774902e-01,2.688903212547302246e-01,2.922188937664031982e-01,3.241731524467468262e-01,3.904901444911956787e-01,4.800919890403747559e-01,6.209315657615661621e-01,8.078655004501342773e-01,7.952464222908020020e-01,7.949625849723815918e-01,8.078655004501342773e-01,8.386440277099609375e-01,8.938764929771423340e-01,9.928963780403137207e-01,9.407781958580017090e-01,5.501520037651062012e-01,3.759818077087402344e-01,3.074775934219360352e-01,2.688903212547302246e-01,2.578277885913848877e-01,2.551078498363494873e-01,2.627152204513549805e-01,2.691191434860229492e-01,3.037179112434387207e-01,3.261921405792236328e-01,3.781583011150360107e-01,5.688022971153259277e-01,6.094765663146972656e-01
1.462134569883346558e-01,1.587068587541580200e-01,1.963343471288681030e-01,3.040340244770050049e-01,2.594243586063385010e-01,2.242127656936645508e-01,1.909900009632110596e-01,1.490413695573806763e-01,1.340483725070953369e-01,1.257457584142684937e-01,1.214533001184463501e-01,1.231599897146224976e-01,1.343076527118682861e-01,1.534690260887145996e-01,1.839378923177719116e-01,2.130337655544281006e-01,2.802155017852783203e-01,3.942602276802062988e-01,8.853828310966491699e-01,9.005769491195678711e-01,9.351446628570556641e-01,1.000000000000000000e+00,7.679682374000549316e-01,2.494776099920272827e-01,1.753688752651214600e-01,1.406962573528289795e-01,1.334631592035293579e-01,1.284826546907424927e-01,1.212382763624191284e-01,1.237939298152923584e-01,1.297624558210372925e-01,1.302975714206695557e-01,1.345017850399017334e-01,1.425387114286422729e-01,1.433297544717788696e-01,4.299121499061584473e-01,3.316873311996459961e-01
3.795609772205352783e-01,3.517371118068695068e-01,3.440526127815246582e-01,3.326395153999328613e-01,3.326395153999328613e-01,3.361924886703491211e-01,3.451301455497741699e-01,3.658121228218078613e-01,4.286279976367950439e-01,3.947148323059082031e-01,3.553081452846527100e-01,3.386135697364807129e-01,3.370749056339263916e-01,3.534220755100250244e-01,3.853857815265655518e-01,4.962356388568878174e-01,8.187974095344543457e-01,1.000000000000000000e+00,9.665426611900329590e-01,9.015886187553405762e-01,8.673321008682250977e-01,8.829456567764282227e-01,5.435169339179992676e-01,4.094893932342529297e-01,3.217452168464660645e-01,3.083086311817169189e-01,3.205890953540802002e-01,3.664206266403198242e-01,3.937730193138122559e-01,4.225206375122070312e-01,3.635722100734710693e-01,3.635722100734710693e-01,4.474460184574127197e-01,5.473292469978332520e-01,4.272397458553314209e-01,1.000000000000000000e+00,4.925598204135894775e-01
1.000000000000000000e+00,9.347302317619323730e-01,8.744746446609497070e-01,8.446329832077026367e-01,3.711444139480590820e-01,3.071475625038146973e-01,2.632597684860229492e-01,2.425356209278106689e-01,2.334680706262588501e-01,2.332038134336471558e-01,2.355714291334152222e-01,2.537181973457336426e-01,2.802760899066925049e-01,3.220433592796325684e-01,3.237619400024414062e-01,2.963168621063232422e-01,2.785105705261230469e-01,2.665186524391174316e-01,2.575772404670715332e-01,2.505389451980590820e-01,2.384332418441772461e-01,2.310789078474044800e-01,2.289342731237411499e-01,2.355714291334152222e-01,2.376561611890792847e-01,2.785105705261230469e-01,3.886730074882507324e-01,3.478170335292816162e-01,3.429971635341644287e-01,3.485254347324371338e-01,3.854871094226837158e-01,4.509482085704803467e-01,5.115511417388916016e-01,8.990204334259033203e-01,9.018964171409606934e-01,7.727297544479370117e-01,1.000000000000000000e+00
3.025383651256561279e-01,2.943724095821380615e-01,3.062746524810791016e-01,3.821175992488861084e-01,3.624787032604217529e-01,3.606812953948974609e-01,3.356361687183380127e-01,3.160221874713897705e-01,3.129221498966217041e-01,3.062746524810791016e-01,3.034321367740631104e-01,2.891750037670135498e-01,2.915996015071868896e-01,3.018214404582977295e-01,3.291183412075042725e-01,4.195452332496643066e-01,6.033736467361450195e-01,1.000000000000000000e+00,9.611157774925231934e-01,9.314689040184020996e-01,8.989812135696411133e-01,9.308872818946838379e-01,5.825487971305847168e-01,4.454662799835205078e-01,3.540126383304595947e-01,2.960236072540283203e-01,2.930817008018493652e-01,3.129221498966217041e-01,3.521720170974731445e-01,4.248049855232238770e-01,3.998483121395111084e-01,3.998483121395111084e-01,4.842627346515655518e-01,3.919135034084320068e-01,3.228045403957366943e-01,1.000000000000000000e+00,5.748879313468933105e-01
1.000000000000000000e+00,8.952485322952270508e-01,9.670438766479492188e-01,8.769051432609558105e-01,7.086707949638366699e-01,3.983381986618041992e-01,3.130383789539337158e-01,2.854887247085571289e-01,2.649470269680023193e-01,2.628045678138732910e-01,2.665425837039947510e-01,2.868058681488037109e-01,3.261578977108001709e-01,3.709004521369934082e-01,3.479625284671783447e-01,3.107726871967315674e-01,2.926596701145172119e-01,2.816676497459411621e-01,2.745528221130371094e-01,2.547947764396667480e-01,2.523795962333679199e-01,2.480490207672119141e-01,2.474785745143890381e-01,2.474785745143890381e-01,3.069593906402587891e-01,3.674548864364624023e-01,2.912072539329528809e-01,2.733490169048309326e-01,2.733490169048309326e-01,2.830025851726531982e-01,3.095575571060180664e-01,3.533367812633514404e-01,4.299623370170593262e-01,5.126313567161560059e-01,8.993962407112121582e-01,9.124935269355773926e-01,1.000000000000000000e+00
3.331049382686614990e-01,3.456624150276184082e-01,3.800584673881530762e-01,3.703221678733825684e-01,3.603228628635406494e-01,3.577793836593627930e-01,3.534995615482330322e-01,3.474192619323730469e-01,3.412306606769561768e-01,3.454421758651733398e-01,3.482943773269653320e-01,3.356086611747741699e-01,3.315018117427825928e-01,3.315018117427825928e-01,3.356086611747741699e-01,3.586292266845703125e-01,4.136189818382263184e-01,1.000000000000000000e+00,9.635676741600036621e-01,9.664855599403381348e-01,9.403033852577209473e-01,9.655402302742004395e-01,7.346605062484741211e-01,5.453553795814514160e-01,3.920829892158508301e-01,3.238373398780822754e-01,3.245415985584259033e-01,3.709381818771362305e-01,4.564771354198455811e-01,4.723721742630004883e-01,4.361866116523742676e-01,4.490815997123718262e-01,4.996193349361419678e-01,3.752219080924987793e-01,3.333333432674407959e-01,1.000000000000000000e+00,5.398187637329101562e-01
1.000000000000000000e+00,9.030892848968505859e-01,9.379673600196838379e-01,9.089509844779968262e-01,8.263172507286071777e-01,4.279041886329650879e-01,3.448036611080169678e-01,3.093786537647247314e-01,2.974443435668945312e-01,2.966316640377044678e-01,3.016750514507293701e-01,3.246092200279235840e-01,3.999094665050506592e-01,3.505319654941558838e-01,2.958167493343353271e-01,2.824583947658538818e-01,2.755364477634429932e-01,2.636725902557373047e-01,2.456624358892440796e-01,2.294018864631652832e-01,2.264895737171173096e-01,2.264895737171173096e-01,2.317574769258499146e-01,2.490779608488082886e-01,3.231184780597686768e-01,3.253520429134368896e-01,2.748785912990570068e-01,2.611427605152130127e-01,2.555361688137054443e-01,2.604485154151916504e-01,2.875404953956604004e-01,3.122909665107727051e-01,4.033654332160949707e-01,4.412359893321990967e-01,4.826501011848449707e-01,8.369218707084655762e-01,1.000000000000000000e+00
3.588564097881317139e-01,3.590852022171020508e-01,3.769387006759643555e-01,3.672267198562622070e-01,3.643077015876770020e-01,3.629525601863861084e-01,3.743149638175964355e-01,3.840615749359130859e-01,3.921034038066864014e-01,4.005990922451019287e-01,3.736561536788940430e-01,3.627262115478515625e-01,3.624997138977050781e-01,3.629525601863861084e-01,3.696786165237426758e-01,3.956481516361236572e-01,4.824447631835937500e-01,1.000000000000000000e+00,9.876038432121276855e-01,9.703217744827270508e-01,9.376943707466125488e-01,9.571983218193054199e-01,6.535056829452514648e-01,5.306010246276855469e-01,3.786777555942535400e-01,3.327305018901824951e-01,3.519235551357269287e-01,4.119199514389038086e-01,4.742031097412109375e-01,4.448936581611633301e-01,4.349996745586395264e-01,4.463680386543273926e-01,4.742031097412109375e-01,3.771565258502960205e-01,3.590852022171020508e-01,1.000000000000000000e+00,5.390630364418029785e-01
1.000000000000000000e+00,9.689995646476745605e-01,9.706009626388549805e-01,9.198831319808959961e-01,8.321688771247863770e-01,3.214165270328521729e-01,2.754898667335510254e-01,2.538029551506042480e-01,2.443141341209411621e-01,2.440376132726669312e-01,2.465152144432067871e-01,2.655050158500671387e-01,3.094286918640136719e-01,3.288923203945159912e-01,2.870135307312011719e-01,2.621780633926391602e-01,2.567127048969268799e-01,2.440376132726669312e-01,2.370195239782333374e-01,2.315435707569122314e-01,2.315435707569122314e-01,2.232290208339691162e-01,2.232290208339691162e-01,2.232290208339691162e-01,2.486968040466308594e-01,3.540066778659820557e-01,3.836637139320373535e-01,3.495922088623046875e-01,3.388027548789978027e-01,3.417791128158569336e-01,3.705936372280120850e-01,4.301280379295349121e-01,4.990199804306030273e-01,5.550091266632080078e-01,9.323505163192749023e-01,7.195732593536376953e-01,1.000000000000000000e+00
3.460400998592376709e-01,3.590852022171020508e-01,3.570208251476287842e-01,3.498169183731079102e-01,3.498169183731079102e-01,3.535533845424652100e-01,3.629525601863861084e-01,3.725555539131164551e-01,3.855555653572082520e-01,3.897925615310668945e-01,3.690115213394165039e-01,3.519235551357269287e-01,3.443747162818908691e-01,3.443747162818908691e-01,3.519235551357269287e-01,3.725555539131164551e-01,4.419301152229309082e-01,1.000000000000000000e+00,9.770695567131042480e-01,9.636119604110717773e-01,9.257947802543640137e-01,9.400562047958374023e-01,6.535056829452514648e-01,5.126520395278930664e-01,3.500516116619110107e-01,3.327305018901824951e-01,3.519235551357269287e-01,4.119199514389038086e-01,4.336760342121124268e-01,4.545723199844360352e-01,4.629860818386077881e-01,5.390469431877136230e-01,4.052869975566864014e-01,3.498169183731079102e-01,3.462773561477661133e-01,1.000000000000000000e+00,5.425630807876586914e-01
9.082522988319396973e-01,8.900980949401855469e-01,8.924461603164672852e-01,8.558506369590759277e-01,7.831030488014221191e-01,2.870480120182037354e-01,2.445287406444549561e-01,2.355612814426422119e-01,2.299090474843978882e-01,2.296488136053085327e-01,2.445287406444549561e-01,2.599376142024993896e-01,3.063936531543731689e-01,3.245882987976074219e-01,2.700908184051513672e-01,2.467196881771087646e-01,2.415765821933746338e-01,2.306879609823226929e-01,2.306879609823226929e-01,2.214301973581314087e-01,2.103515863418579102e-01,2.103515863418579102e-01,2.123320698738098145e-01,2.170666158199310303e-01,2.340333014726638794e-01,4.032871425151824951e-01,3.173225820064544678e-01,2.944515943527221680e-01,2.887096405029296875e-01,2.984853684902191162e-01,3.333134055137634277e-01,3.808687329292297363e-01,4.451497793197631836e-01,4.774263203144073486e-01,1.000000000000000000e+00,7.681136727333068848e-01,1.000000000000000000e+00
3.312242925167083740e-01,2.964630722999572754e-01,2.899517118930816650e-01,2.734937965869903564e-01,2.643662989139556885e-01,2.628142237663269043e-01,2.748615741729736328e-01,2.794131934642791748e-01,2.736184298992156982e-01,2.647528946399688721e-01,2.643662989139556885e-01,2.808735370635986328e-01,3.187405467033386230e-01,3.860728442668914795e-01,4.857859611511230469e-01,6.517084240913391113e-01,9.593539834022521973e-01,1.000000000000000000e+00,9.785996079444885254e-01,9.073393344879150391e-01,4.326287209987640381e-01,3.274978995323181152e-01,2.744892239570617676e-01,2.592881321907043457e-01,2.565120756626129150e-01,2.775769531726837158e-01,3.073045909404754639e-01,3.656646311283111572e-01,3.943726718425750732e-01,2.659093141555786133e-01,2.982973754405975342e-01,4.475793540477752686e-01,4.109672009944915771e-01,3.789425194263458252e-01,3.394591510295867920e-01,1.000000000000000000e+00,6.090531945228576660e-01
9.552935361862182617e-01,8.721197843551635742e-01,7.896372079849243164e-01,5.113799571990966797e-01,3.879097700119018555e-01,3.072135150432586670e-01,2.594265937805175781e-01,2.288563251495361328e-01,2.103736102581024170e-01,2.027672231197357178e-01,2.058435082435607910e-01,2.234134823083877563e-01,2.490226030349731445e-01,2.609363496303558350e-01,2.366201728582382202e-01,2.246991544961929321e-01,2.109951078891754150e-01,2.027672231197357178e-01,2.027672231197357178e-01,2.037978023290634155e-01,2.083723992109298706e-01,2.087490856647491455e-01,2.049510329961776733e-01,2.046953141689300537e-01,2.087490856647491455e-01,2.107467204332351685e-01,2.027672231197357178e-01,1.931091696023941040e-01,1.922937929630279541e-01,1.948641389608383179e-01,2.098750919103622437e-01,2.260933667421340942e-01,2.818744480609893799e-01,4.737381041049957275e-01,1.000000000000000000e+00,8.774722218513488770e-01,1.000000000000000000e+00
2.906090319156646729e-01,2.907508909702301025e-01,3.135431110858917236e-01,3.136745989322662354e-01,3.035188913345336914e-01,2.953942120075225830e-01,2.928706109523773193e-01,2.785825729370117188e-01,2.819665968418121338e-01,2.906090319156646729e-01,2.974808216094970703e-01,3.046038448810577393e-01,3.035188913345336914e-01,3.152482211589813232e-01,3.427000045776367188e-01,4.269286096096038818e-01,5.815017819404602051e-01,1.000000000000000000e+00,9.578756690025329590e-01,9.339419007301330566e-01,9.334560632705688477e-01,9.158399701118469238e-01,4.826900660991668701e-01,3.505518436431884766e-01,2.886156141757965088e-01,2.757557630538940430e-01,2.762040197849273682e-01,3.190191090106964111e-01,3.763087093830108643e-01,4.256711006164550781e-01,2.907508909702301025e-01,2.907508909702301025e-01,3.537137210369110107e-01,3.704552650451660156e-01,2.998281419277191162e-01,1.000000000000000000e+00,6.186206936836242676e-01
1.000000000000000000e+00,9.138506650924682617e-01,9.300150871276855469e-01,8.334100246429443359e-01,6.547811627388000488e-01,3.869822621345520020e-01,3.063837289810180664e-01,2.702801525592803955e-01,2.569794356822967529e-01,2.564102709293365479e-01,2.531127035617828369e-01,2.675637006759643555e-01,2.871845662593841553e-01,3.386600613594055176e-01,3.289210498332977295e-01,2.923526763916015625e-01,2.661950588226318359e-01,2.649572789669036865e-01,2.515203356742858887e-01,2.432521283626556396e-01,2.380921095609664917e-01,2.408376485109329224e-01,2.513750493526458740e-01,2.720312774181365967e-01,3.200281262397766113e-01,3.050695359706878662e-01,2.649572789669036865e-01,2.406859397888183594e-01,2.351592630147933960e-01,2.448982745409011841e-01,2.605085670948028564e-01,2.923526763916015625e-01,3.670241236686706543e-01,4.594762325286865234e-01,8.768497705459594727e-01,9.364942312240600586e-01,1.000000000000000000e+00
3.301364481449127197e-01,3.301364481449127197e-01,3.376690447330474854e-01,3.376690447330474854e-01,3.454108536243438721e-01,3.461568653583526611e-01,3.476441204547882080e-01,3.448502719402313232e-01,3.454108536243438721e-01,3.454108536243438721e-01,3.376690447330474854e-01,3.248192369937896729e-01,3.248192369937896729e-01,3.376690447330474854e-01,3.591411113739013672e-01,4.267587661743164062e-01,7.052345871925354004e-01,1.000000000000000000e+00,9.809221029281616211e-01,9.475473761558532715e-01,9.302378296852111816e-01,9.904093146324157715e-01,5.470274090766906738e-01,4.383875727653503418e-01,3.252160847187042236e-01,3.124733865261077881e-01,3.454108536243438721e-01,3.989538848400115967e-01,4.561233222484588623e-01,4.595041573047637939e-01,4.263051748275756836e-01,4.363231956958770752e-01,5.030540227890014648e-01,3.809266686439514160e-01,3.409003913402557373e-01,1.000000000000000000e+00,6.168338656425476074e-01
1.000000000000000000e+00,9.552761912345886230e-01,9.596693515777587891e-01,8.798786401748657227e-01,5.029247999191284180e-01,3.503690361976623535e-01,3.014612793922424316e-01,2.761656045913696289e-01,2.743559777736663818e-01,2.735478579998016357e-01,2.785601317882537842e-01,2.970223426818847656e-01,3.388046324253082275e-01,3.502110540866851807e-01,3.067393004894256592e-01,2.807371914386749268e-01,2.638671100139617920e-01,2.630267739295959473e-01,2.476366013288497925e-01,2.428977936506271362e-01,2.352582961320877075e-01,2.309848368167877197e-01,2.309848368167877197e-01,2.385291755199432373e-01,2.947778105735778809e-01,3.652190864086151123e-01,3.052923977375030518e-01,2.862040698528289795e-01,2.862040698528289795e-01,2.977667450904846191e-01,3.206770122051239014e-01,3.664294481277465820e-01,4.660252630710601807e-01,5.223581790924072266e-01,9.495813250541687012e-01,7.988978028297424316e-01,1.000000000000000000e+00
3.177972733974456787e-01,3.177972733974456787e-01,3.205890953540802002e-01,3.315213918685913086e-01,3.464187383651733398e-01,3.464187383651733398e-01,3.635722100734710693e-01,3.762202262878417969e-01,3.785814642906188965e-01,3.688445985317230225e-01,3.440526127815246582e-01,3.315213918685913086e-01,3.274645507335662842e-01,3.274645507335662842e-01,3.414526879787445068e-01,3.652026057243347168e-01,4.587548077106475830e-01,1.000000000000000000e+00,9.761754274368286133e-01,9.547150135040283203e-01,9.403728842735290527e-01,9.810320734977722168e-01,6.042082309722900391e-01,4.704233109951019287e-01,3.328626751899719238e-01,3.083086311817169189e-01,3.346427083015441895e-01,4.038284122943878174e-01,4.239243566989898682e-01,4.415989816188812256e-01,4.051136076450347900e-01,4.168584644794464111e-01,5.068958401679992676e-01,3.967789411544799805e-01,3.292737603187561035e-01,1.000000000000000000e+00,6.344401836395263672e-01
1.000000000000000000e+00,9.003192782402038574e-01,9.063944220542907715e-01,8.940048217773437500e-01,8.170986175537109375e-01,3.464510440826416016e-01,2.925165295600891113e-01,2.611832320690155029e-01,2.501032352447509766e-01,2.498671859502792358e-01,2.536177635192871094e-01,2.824585735797882080e-01,3.346682488918304443e-01,3.466213345527648926e-01,3.066977262496948242e-01,2.793071866035461426e-01,2.724624872207641602e-01,2.607309818267822266e-01,2.519837617874145508e-01,2.301996052265167236e-01,2.283981293439865112e-01,2.283981293439865112e-01,2.350197285413742065e-01,2.616347372531890869e-01,3.435432314872741699e-01,3.217223286628723145e-01,2.824585735797882080e-01,2.611832320690155029e-01,2.611832320690155029e-01,2.683158516883850098e-01,2.851615846157073975e-01,3.393956720829010010e-01,3.988653719425201416e-01,4.603992104530334473e-01,8.650879859924316406e-01,8.564642667770385742e-01,1.000000000000000000e+00
3.381869494915008545e-01,3.381869494915008545e-01,3.397979140281677246e-01,3.397979140281677246e-01,3.631058335304260254e-01,3.631058335304260254e-01,3.902381956577301025e-01,4.084075093269348145e-01,4.152274131774902344e-01,4.028297364711761475e-01,3.641785085201263428e-01,3.499771654605865479e-01,3.445856571197509766e-01,3.537464141845703125e-01,3.673778176307678223e-01,4.362995624542236328e-01,6.606190800666809082e-01,1.000000000000000000e+00,9.794263839721679688e-01,9.391703009605407715e-01,9.210528135299682617e-01,9.608501195907592773e-01,5.394414067268371582e-01,4.022483229637145996e-01,3.184648752212524414e-01,3.201751112937927246e-01,3.429971635341644287e-01,3.878317773342132568e-01,3.950070738792419434e-01,3.983504772186279297e-01,3.799056410789489746e-01,3.823619484901428223e-01,4.865165948867797852e-01,4.189682602882385254e-01,3.624606728553771973e-01,1.000000000000000000e+00,6.292700171470642090e-01
1.000000000000000000e+00,9.672437906265258789e-01,9.521775245666503906e-01,9.250251054763793945e-01,3.589971065521240234e-01,3.016307651996612549e-01,2.569514214992523193e-01,2.399436533451080322e-01,2.399436533451080322e-01,2.413155585527420044e-01,2.569514214992523193e-01,2.731431126594543457e-01,3.059772551059722900e-01,3.094104826450347900e-01,2.838121354579925537e-01,2.592536807060241699e-01,2.538492679595947266e-01,2.424074858427047729e-01,2.424074858427047729e-01,2.326794117689132690e-01,2.326794117689132690e-01,2.298243343830108643e-01,2.298243343830108643e-01,2.357800602912902832e-01,2.551464140415191650e-01,3.138596117496490479e-01,3.449279665946960449e-01,3.235956132411956787e-01,3.201082646846771240e-01,3.252237737178802490e-01,3.502465486526489258e-01,4.253302812576293945e-01,4.934537708759307861e-01,8.795098662376403809e-01,9.332679510116577148e-01,7.646340727806091309e-01,1.000000000000000000e+00
3.545427620410919189e-01,3.453917205333709717e-01,3.442307412624359131e-01,3.442307412624359131e-01,3.625812530517578125e-01,3.758097887039184570e-01,3.898224830627441406e-01,3.971475660800933838e-01,3.930949270725250244e-01,3.689293861389160156e-01,3.407240509986877441e-01,3.369433581829071045e-01,3.369433581829071045e-01,3.490809202194213867e-01,3.721703886985778809e-01,4.472135901451110840e-01,7.857823967933654785e-01,1.000000000000000000e+00,9.783893823623657227e-01,9.238412976264953613e-01,9.005824923515319824e-01,8.008202314376831055e-01,5.380628108978271484e-01,3.721703886985778809e-01,3.282776474952697754e-01,3.340797722339630127e-01,3.973490893840789795e-01,3.973490893840789795e-01,4.162434339523315430e-01,4.131543934345245361e-01,4.116011857986450195e-01,4.683753848075866699e-01,5.243471860885620117e-01,4.119900465011596680e-01,3.671891391277313232e-01,1.000000000000000000e+00,6.398925185203552246e-01
9.035241007804870605e-01,8.722000122070312500e-01,8.604800701141357422e-01,7.986856102943420410e-01,3.281987011432647705e-01,2.757538259029388428e-01,2.349075227975845337e-01,2.165740430355072021e-01,2.165740430355072021e-01,2.206130623817443848e-01,2.228528559207916260e-01,2.400198578834533691e-01,2.651439011096954346e-01,3.118170797824859619e-01,2.594638466835021973e-01,2.370122671127319336e-01,2.320715188980102539e-01,2.216113209724426270e-01,2.216113209724426270e-01,2.127178162336349487e-01,2.020750939846038818e-01,1.982151865959167480e-01,1.982151865959167480e-01,2.018018364906311035e-01,2.186028808355331421e-01,2.538740634918212891e-01,3.046561479568481445e-01,2.857773303985595703e-01,2.857773303985595703e-01,3.010118007659912109e-01,3.201988637447357178e-01,4.036036729812622070e-01,4.511203169822692871e-01,8.172621726989746094e-01,1.000000000000000000e+00,7.348720431327819824e-01,1.000000000000000000e+00
3.861985206604003906e-01,4.041837751865386963e-01,4.018078148365020752e-01,3.609624207019805908e-01,3.297169506549835205e-01,2.974196076393127441e-01,2.811240255832672119e-01,2.841210365295410156e-01,2.914155721664428711e-01,2.938068509101867676e-01,2.884943485260009766e-01,2.917944490909576416e-01,2.953071296215057373e-01,3.400540351867675781e-01,3.784930408000946045e-01,4.766786098480224609e-01,6.452642083168029785e-01,9.308412075042724609e-01,1.000000000000000000e+00,9.513851404190063477e-01,9.283056855201721191e-01,9.538207054138183594e-01,5.110547542572021484e-01,3.914080560207366943e-01,3.224894106388092041e-01,2.979144752025604248e-01,2.929280996322631836e-01,3.185830712318420410e-01,3.908431231975555420e-01,4.516873955726623535e-01,4.021742343902587891e-01,4.050938785076141357e-01,4.644701182842254639e-01,4.477567672729492188e-01,3.870557844638824463e-01,1.000000000000000000e+00,7.123082280158996582e-01
1.000000000000000000e+00,9.591166973114013672e-01,9.313991665840148926e-01,8.035561442375183105e-01,6.155828237533569336e-01,4.198746979236602783e-01,3.295192420482635498e-01,2.889831364154815674e-01,2.588045895099639893e-01,2.500533759593963623e-01,2.469851076602935791e-01,2.482169717550277710e-01,2.733624279499053955e-01,2.984332442283630371e-01,3.618142306804656982e-01,3.658382296562194824e-01,3.148454725742340088e-01,2.889831364154815674e-01,2.751418650150299072e-01,2.576233446598052979e-01,2.544066607952117920e-01,2.518763840198516846e-01,2.515128254890441895e-01,2.706713378429412842e-01,3.271037936210632324e-01,2.956608831882476807e-01,2.578600347042083740e-01,2.406045794486999512e-01,2.340501695871353149e-01,2.426243722438812256e-01,2.600977122783660889e-01,3.000640571117401123e-01,3.808699548244476318e-01,4.865669310092926025e-01,8.859848976135253906e-01,9.287170171737670898e-01,1.000000000000000000e+00
2.813747227191925049e-01,2.753157317638397217e-01,2.753157317638397217e-01,2.846851348876953125e-01,2.768428921699523926e-01,2.807079553604125977e-01,2.739510834217071533e-01,2.725795805454254150e-01,2.725795805454254150e-01,2.903875410556793213e-01,3.056358695030212402e-01,2.981877923011779785e-01,2.943930923938751221e-01,2.943930923938751221e-01,3.006909787654876709e-01,3.292482197284698486e-01,3.829251825809478760e-01,6.435286402702331543e-01,9.890244007110595703e-01,9.796007871627807617e-01,9.551941156387329102e-01,1.000000000000000000e+00,6.519902944564819336e-01,4.762710034847259521e-01,3.637257814407348633e-01,2.866530418395996094e-01,2.808748185634613037e-01,2.910321354866027832e-01,3.275363445281982422e-01,3.950883746147155762e-01,3.582754433155059814e-01,3.409907817840576172e-01,3.770070970058441162e-01,3.853642046451568604e-01,3.098979294300079346e-01,1.000000000000000000e+00,6.583741307258605957e-01
9.299654364585876465e-01,1.000000000000000000e+00,9.529687762260437012e-01,9.294326901435852051e-01,8.240531086921691895e-01,4.162394702434539795e-01,3.401670753955841064e-01,3.000825345516204834e-01,2.758475244045257568e-01,2.751938402652740479e-01,2.790928781032562256e-01,2.929457426071166992e-01,3.321304917335510254e-01,3.964043557643890381e-01,3.401670753955841064e-01,3.130078017711639404e-01,2.955470085144042969e-01,2.846832871437072754e-01,2.777992784976959229e-01,2.672251462936401367e-01,2.546284794807434082e-01,2.546284794807434082e-01,2.658737897872924805e-01,3.020267784595489502e-01,3.777942657470703125e-01,3.387079834938049316e-01,2.846832871437072754e-01,2.581407427787780762e-01,2.581407427787780762e-01,2.636631131172180176e-01,2.886101305484771729e-01,3.038104176521301270e-01,3.696013092994689941e-01,4.711391329765319824e-01,5.415637493133544922e-01,9.900521039962768555e-01,1.000000000000000000e+00
3.049144744873046875e-01,3.051235377788543701e-01,3.082424104213714600e-01,3.182178437709808350e-01,3.182178437709808350e-01,3.194179236888885498e-01,3.137783110141754150e-01,3.084492385387420654e-01,3.123525083065032959e-01,3.162075877189636230e-01,3.188184499740600586e-01,2.944887578487396240e-01,2.955694496631622314e-01,2.955694496631622314e-01,3.007027506828308105e-01,3.131680488586425781e-01,3.645424842834472656e-01,6.597545742988586426e-01,9.652817845344543457e-01,9.728491306304931641e-01,9.609782099723815918e-01,1.000000000000000000e+00,7.288225293159484863e-01,5.398304462432861328e-01,4.243572354316711426e-01,2.990014553070068359e-01,2.990014553070068359e-01,3.282786309719085693e-01,3.928321003913879395e-01,4.569183588027954102e-01,3.836340904235839844e-01,3.862844407558441162e-01,4.679499566555023193e-01,3.434670865535736084e-01,3.051235377788543701e-01,1.000000000000000000e+00,6.871842741966247559e-01
9.425206184387207031e-01,1.000000000000000000e+00,9.825915694236755371e-01,9.846209287643432617e-01,8.944271802902221680e-01,4.259756505489349365e-01,3.561618328094482422e-01,3.195698857307434082e-01,3.072424829006195068e-01,2.952729165554046631e-01,3.004611134529113770e-01,3.353022038936614990e-01,3.813082873821258545e-01,4.343582689762115479e-01,3.561618328094482422e-01,3.275305032730102539e-01,3.195698857307434082e-01,3.066130876541137695e-01,2.985261082649230957e-01,2.870907783508300781e-01,2.846128940582275391e-01,2.846128940582275391e-01,2.899918854236602783e-01,3.374080061912536621e-01,4.415625333786010742e-01,3.583247959613800049e-01,2.952729165554046631e-01,2.728306651115417480e-01,2.728306651115417480e-01,2.899918854236602783e-01,3.053504526615142822e-01,3.545309603214263916e-01,4.166527092456817627e-01,4.954395890235900879e-01,5.653666257858276367e-01,9.924476146697998047e-01,1.000000000000000000e+00
3.294554948806762695e-01,3.235868513584136963e-01,3.235868513584136963e-01,3.244317471981048584e-01,3.244317471981048584e-01,3.416919112205505371e-01,3.565890789031982422e-01,3.767467737197875977e-01,3.760194778442382812e-01,3.540852963924407959e-01,3.302853703498840332e-01,3.115181028842926025e-01,3.070929050445556641e-01,3.143610656261444092e-01,3.182555735111236572e-01,3.400858044624328613e-01,3.810814917087554932e-01,1.000000000000000000e+00,9.728028774261474609e-01,9.619790911674499512e-01,9.582725763320922852e-01,9.940969944000244141e-01,6.966738700866699219e-01,5.007522106170654297e-01,3.456744551658630371e-01,2.894248962402343750e-01,2.945810556411743164e-01,3.167467415332794189e-01,3.410905003547668457e-01,3.147961795330047607e-01,2.996484935283660889e-01,2.996484935283660889e-01,3.150134980678558350e-01,4.405531287193298340e-01,3.745605945587158203e-01,1.000000000000000000e+00,6.950143575668334961e-01
8.205708861351013184e-01,1.000000000000000000e+00,9.542698860168457031e-01,9.485927224159240723e-01,9.131846427917480469e-01,3.846106529235839844e-01,3.174675703048706055e-01,2.908287942409515381e-01,2.772138714790344238e-01,2.769923806190490723e-01,2.805154621601104736e-01,3.127929568290710449e-01,3.657977581024169922e-01,3.841316103935241699e-01,3.230258226394653320e-01,3.090420663356781006e-01,2.889230847358703613e-01,2.769923806190490723e-01,2.607850432395935059e-01,2.593690156936645508e-01,2.593690156936645508e-01,2.593690156936645508e-01,2.736482620239257812e-01,2.981241047382354736e-01,4.163371324539184570e-01,3.151389360427856445e-01,2.772138714790344238e-01,2.607850432395935059e-01,2.633613348007202148e-01,2.736482620239257812e-01,2.908287942409515381e-01,3.305390775203704834e-01,3.820486962795257568e-01,4.660062193870544434e-01,5.084602236747741699e-01,9.474821686744689941e-01,1.000000000000000000e+00
4.028131365776062012e-01,5.126799941062927246e-01,8.799489140510559082e-01,1.000000000000000000e+00,8.341192603111267090e-01,4.735381007194519043e-01,3.498187959194183350e-01,2.990970313549041748e-01,2.609085142612457275e-01,2.547547817230224609e-01,2.572929859161376953e-01,2.535593509674072266e-01,2.803973257541656494e-01,2.770057916641235352e-01,2.499388009309768677e-01,2.365104854106903076e-01,2.283405810594558716e-01,2.260000854730606079e-01,2.260000854730606079e-01,2.283405810594558716e-01,2.338549941778182983e-01,2.462307661771774292e-01,2.712797522544860840e-01,3.225824236869812012e-01,4.276895821094512939e-01,4.385238289833068848e-01,3.410972952842712402e-01,2.860884070396423340e-01,2.609085142612457275e-01,2.507478892803192139e-01,2.527592778205871582e-01,2.632271647453308105e-01,2.811187803745269775e-01,3.066208958625793457e-01,3.458152115345001221e-01,1.000000000000000000e+00,8.696567416191101074e-01
1.374326199293136597e-01,1.549543887376785278e-01,2.477726191282272339e-01,2.152738273143768311e-01,1.805969774723052979e-01,1.639732569456100464e-01,1.597015857696533203e-01,1.522215753793716431e-01,1.447388082742691040e-01,1.440548747777938843e-01,1.435397714376449585e-01,1.355786919593811035e-01,1.377466470003128052e-01,1.392175257205963135e-01,1.530707478523254395e-01,1.762379407882690430e-01,2.104896903038024902e-01,3.038139939308166504e-01,5.205842256546020508e-01,8.089677095413208008e-01,8.400211334228515625e-01,8.943029642105102539e-01,1.000000000000000000e+00,2.721798121929168701e-01,2.042689919471740723e-01,1.627642214298248291e-01,1.510819345712661743e-01,1.346650719642639160e-01,1.344816088676452637e-01,1.404095143079757690e-01,1.440977156162261963e-01,1.446961611509323120e-01,1.357152014970779419e-01,1.330047547817230225e-01,1.330047547817230225e-01,6.551129817962646484e-01,4.525009393692016602e-01
5.167456865310668945e-01,5.290547013282775879e-01,6.883199214935302734e-01,5.725160837173461914e-01,4.920957982540130615e-01,2.877052724361419678e-01,1.991560608148574829e-01,1.734709143638610840e-01,1.560301035642623901e-01,1.474219262599945068e-01,1.417858749628067017e-01,1.452800929546356201e-01,1.599975973367691040e-01,1.780484467744827271e-01,1.991560608148574829e-01,2.275141477584838867e-01,3.060080707073211670e-01,4.321325719356536865e-01,6.727513670921325684e-01,6.877276301383972168e-01,7.141277790069580078e-01,7.585978507995605469e-01,8.420489430427551270e-01,1.000000000000000000e+00,5.195285677909851074e-01,3.448272347450256348e-01,2.697489857673645020e-01,2.330945283174514771e-01,2.146593034267425537e-01,2.206125259399414062e-01,2.263631075620651245e-01,2.487088739871978760e-01,2.923526763916015625e-01,3.455234467983245850e-01,4.216072857379913330e-01,5.043295621871948242e-01,6.202132701873779297e-01
8.661910891532897949e-02,9.982173889875411987e-02,1.369568407535552979e-01,1.993171870708465576e-01,4.649334549903869629e-01,1.000000000000000000e+00,7.042769193649291992e-01,5.768786072731018066e-01,5.152437686920166016e-01,4.791729748249053955e-01,1.763525605201721191e-01,1.059746965765953064e-01,7.799210399389266968e-02,6.784906983375549316e-02,6.527101248502731323e-02,6.277564913034439087e-02,6.201700121164321899e-02,6.192151457071304321e-02,6.192151457071304321e-02,6.201700121164321899e-02,6.277564913034439087e-02,6.527101248502731323e-02,7.552532106637954712e-02,8.770528435707092285e-02,1.087850183248519897e-01,9.784606099128723145e-02,7.599394768476486206e-02,6.201700121164321899e-02,6.007848680019378662e-02,6.017689779400825500e-02,6.086130440235137939e-02,6.086130440235137939e-02,6.201700121164321899e-02,6.463331729173660278e-02,7.183106988668441772e-02,2.967675030231475830e-01,1.000000000000000000e+00
1.779230684041976929e-01,1.780156195163726807e-01,1.812250167131423950e-01,1.814974695444107056e-01,1.793062686920166016e-01,1.749356985092163086e-01,1.703564226627349854e-01,1.694840490818023682e-01,1.768087148666381836e-01,1.894019842147827148e-01,1.854474395513534546e-01,1.752179265022277832e-01,1.745586693286895752e-01,1.787542700767517090e-01,1.862450540065765381e-01,2.028391510248184204e-01,2.325718551874160767e-01,1.000000000000000000e+00,1.000000000000000000e+00,8.715658783912658691e-01,5.073170661926269531e-01,3.966872096061706543e-01,3.212556540966033936e-01,2.456593513488769531e-01,1.952258199453353882e-01,1.755935251712799072e-01,1.745586693286895752e-01,1.901830285787582397e-01,2.029203325510025024e-01,1.989861279726028442e-01,1.948035210371017456e-01,1.951414346694946289e-01,1.887922734022140503e-01,1.812250167131423950e-01,1.780156195163726807e-01,1.000000000000000000e+00,6.621974706649780273e-01
1.000000000000000000e+00,4.528368711471557617e-01,2.909800410270690918e-01,2.225639075040817261e-01,1.909802854061126709e-01,1.661079078912734985e-01,1.569089144468307495e-01,1.554453819990158081e-01,1.554453819990158081e-01,1.658127754926681519e-01,1.927671730518341064e-01,2.606741786003112793e-01,2.384302467107772827e-01,2.060315012931823730e-01,1.868318021297454834e-01,1.774191409349441528e-01,1.722835749387741089e-01,1.714285761117935181e-01,1.714285761117935181e-01,1.722835749387741089e-01,1.774191409349441528e-01,1.868318021297454834e-01,2.060315012931823730e-01,2.205743938684463501e-01,1.891765147447586060e-01,1.748235225677490234e-01,1.714285761117935181e-01,1.718091070652008057e-01,1.807015836238861084e-01,1.920884102582931519e-01,2.344946861267089844e-01,3.534552454948425293e-01,3.782235682010650635e-01,6.289349794387817383e-01,9.423201680183410645e-01,9.492126703262329102e-01,1.000000000000000000e+00
9.937788248062133789e-01,1.000000000000000000e+00,9.592810869216918945e-01,3.794733285903930664e-01,2.676434814929962158e-01,2.369531393051147461e-01,2.030953168869018555e-01,1.871073842048645020e-01,1.871073842048645020e-01,1.884752959012985229e-01,1.915652602910995483e-01,2.227435261011123657e-01,2.639154791831970215e-01,3.394545018672943115e-01,6.611638069152832031e-01,8.019242882728576660e-01,7.732215523719787598e-01,7.629012465476989746e-01,7.629012465476989746e-01,7.732215523719787598e-01,5.028359889984130859e-01,3.587951362133026123e-01,3.031334877014160156e-01,3.028912544250488281e-01,3.516670763492584229e-01,2.084455341100692749e-01,1.886699050664901733e-01,1.886699050664901733e-01,1.953589916229248047e-01,2.146898806095123291e-01,2.611196637153625488e-01,3.599184453487396240e-01,4.828052520751953125e-01,5.933577418327331543e-01,9.197127819061279297e-01,7.187500000000000000e-01,8.356337547302246094e-01
7.414754033088684082e-01,8.395067453384399414e-01,1.000000000000000000e+00,8.614111542701721191e-01,4.499820470809936523e-01,3.617646992206573486e-01,3.054923713207244873e-01,2.775917053222656250e-01,2.663766145706176758e-01,2.727085649967193604e-01,2.791571021080017090e-01,3.089203238487243652e-01,3.528208136558532715e-01,4.345457255840301514e-01,4.231996834278106689e-01,3.535405397415161133e-01,3.002165853977203369e-01,2.728416919708251953e-01,2.654206156730651855e-01,2.625317871570587158e-01,2.643238306045532227e-01,2.674649655818939209e-01,2.836734354496002197e-01,3.194382786750793457e-01,3.202330470085144043e-01,2.958300709724426270e-01,2.812307178974151611e-01,2.823904156684875488e-01,2.943533658981323242e-01,3.171565532684326172e-01,3.617646992206573486e-01,4.261071383953094482e-01,5.450174808502197266e-01,6.090798377990722656e-01,6.921322941780090332e-01,1.000000000000000000e+00,1.000000000000000000e+00
3.009264171123504639e-01,6.465770006179809570e-01,5.083224773406982422e-01,4.225597083568572998e-01,3.687817752361297607e-01,3.537137210369110107e-01,3.546451628208160400e-01,3.592661619186401367e-01,3.190191090106964111e-01,2.493703365325927734e-01,2.277636677026748657e-01,2.277636677026748657e-01,2.292075157165527344e-01,2.505252361297607422e-01,2.821128070354461670e-01,3.697867989540100098e-01,6.563881039619445801e-01,1.000000000000000000e+00,9.208691716194152832e-01,8.924425244331359863e-01,8.988882303237915039e-01,8.550637364387512207e-01,6.570160388946533203e-01,5.233516097068786621e-01,4.467523097991943359e-01,4.097774028778076172e-01,3.361393809318542480e-01,2.844419479370117188e-01,2.805002927780151367e-01,2.571853995323181152e-01,2.397593259811401367e-01,2.275825440883636475e-01,2.275825440883636475e-01,2.277636677026748657e-01,2.533079981803894043e-01,8.466967940330505371e-01,7.056161165237426758e-01
2.175059765577316284e-01,2.146193087100982666e-01,2.128902226686477661e-01,2.127816826105117798e-01,2.127816826105117798e-01,2.259448021650314331e-01,2.262513041496276855e-01,2.214006483554840088e-01,2.184597104787826538e-01,2.107089161872863770e-01,1.999075859785079956e-01,1.999075859785079956e-01,1.975829899311065674e-01,1.960572302341461182e-01,1.960572302341461182e-01,2.027758359909057617e-01,2.012894451618194580e-01,2.067245543003082275e-01,2.311000972986221313e-01,2.394457310438156128e-01,2.969001233577728271e-01,9.576382040977478027e-01,1.000000000000000000e+00,5.265420079231262207e-01,3.647685945034027100e-01,2.934567928314208984e-01,2.515830993652343750e-01,2.308000326156616211e-01,2.159070372581481934e-01,2.071710526943206787e-01,2.020911723375320435e-01,2.027758359909057617e-01,2.036851495504379272e-01,2.108185142278671265e-01,2.176121473312377930e-01,1.000000000000000000e+00,6.650063991546630859e-01
4.283861517906188965e-01,6.095113754272460938e-01,8.682097792625427246e-01,1.000000000000000000e+00,4.435487389564514160e-01,3.228634595870971680e-01,2.556192576885223389e-01,2.165247052907943726e-01,2.001728117465972900e-01,1.996641159057617188e-01,2.028225511312484741e-01,2.172280848026275635e-01,2.495801448822021484e-01,2.472260445356369019e-01,2.172280848026275635e-01,2.058090567588806152e-01,2.008068710565567017e-01,1.996641159057617188e-01,1.996641159057617188e-01,2.008068710565567017e-01,2.058090567588806152e-01,2.172280848026275635e-01,2.373623698949813843e-01,2.773712575435638428e-01,3.252954781055450439e-01,2.545228004455566406e-01,2.211716771125793457e-01,2.008068710565567017e-01,1.913410872220993042e-01,1.920043081045150757e-01,2.072861790657043457e-01,2.182789146900177002e-01,2.458854913711547852e-01,2.729359865188598633e-01,3.132713139057159424e-01,9.321745038032531738e-01,1.000000000000000000e+00
4.892694652080535889e-01,6.347864866256713867e-01,7.749937772750854492e-01,9.208691716194152832e-01,9.703290462493896484e-01,9.884253144264221191e-01,8.799999952316284180e-01,3.613649308681488037e-01,2.332380712032318115e-01,2.229867130517959595e-01,2.210464626550674438e-01,2.287087440490722656e-01,2.463268637657165527e-01,2.667179405689239502e-01,3.017895221710205078e-01,3.572544753551483154e-01,4.739360511302947998e-01,8.900129795074462891e-01,8.881441354751586914e-01,8.991619944572448730e-01,9.332160949707031250e-01,9.922778606414794922e-01,1.000000000000000000e+00,5.059643983840942383e-01,3.525729477405548096e-01,2.808777391910552979e-01,2.443200945854187012e-01,2.371627092361450195e-01,2.340282648801803589e-01,2.340282648801803589e-01,2.433104962110519409e-01,2.599408328533172607e-01,2.740016877651214600e-01,3.234430253505706787e-01,3.874968886375427246e-01,6.452373862266540527e-01,8.178176879882812500e-01
6.074941158294677734e-01,8.244628310203552246e-01,1.000000000000000000e+00,4.090341031551361084e-01,3.312030434608459473e-01,2.736626267433166504e-01,2.366379350423812866e-01,2.144558131694793701e-01,2.055779099464416504e-01,2.049723714590072632e-01,2.164749503135681152e-01,2.329319715499877930e-01,2.932851016521453857e-01,2.908379137516021729e-01,2.474230080842971802e-01,2.198931872844696045e-01,2.055779099464416504e-01,2.049723714590072632e-01,2.049723714590072632e-01,2.026855200529098511e-01,2.026855200529098511e-01,2.049723714590072632e-01,2.231198698282241821e-01,2.732080519199371338e-01,3.067502379417419434e-01,2.411903291940689087e-01,2.128559201955795288e-01,2.026855200529098511e-01,1.994398683309555054e-01,2.082810103893280029e-01,2.286230325698852539e-01,2.462900578975677490e-01,2.787256836891174316e-01,3.266684114933013916e-01,4.407039880752563477e-01,1.000000000000000000e+00,1.000000000000000000e+00
2.348782867193222046e-01,2.731095254421234131e-01,2.662455439567565918e-01,2.406218796968460083e-01,2.214453667402267456e-01,2.149083316326141357e-01,2.031493186950683594e-01,2.021009922027587891e-01,2.002910971641540527e-01,1.972377002239227295e-01,1.953827589750289917e-01,1.916190236806869507e-01,1.928817629814147949e-01,1.924092024564743042e-01,1.924092024564743042e-01,1.986175477504730225e-01,2.097635120153427124e-01,2.139176428318023682e-01,2.492934763431549072e-01,9.107131958007812500e-01,9.239124059677124023e-01,1.000000000000000000e+00,5.247414112091064453e-01,3.833172023296356201e-01,3.031264841556549072e-01,2.459849268198013306e-01,2.182708531618118286e-01,2.044892758131027222e-01,1.986175477504730225e-01,1.876181811094284058e-01,1.876181811094284058e-01,1.858305335044860840e-01,1.884251534938812256e-01,1.996841579675674438e-01,2.078743577003479004e-01,9.558747410774230957e-01,7.983406782150268555e-01
5.050686597824096680e-01,6.530046463012695312e-01,7.928929328918457031e-01,1.000000000000000000e+00,9.240599274635314941e-01,8.601009249687194824e-01,7.123704552650451660e-01,3.071475625038146973e-01,2.705689370632171631e-01,2.469435781240463257e-01,2.484669983386993408e-01,2.806999385356903076e-01,3.271373808383941650e-01,3.910315334796905518e-01,4.872719645500183105e-01,7.211102843284606934e-01,9.715189337730407715e-01,9.217702150344848633e-01,9.094887375831604004e-01,9.011523127555847168e-01,9.132153391838073730e-01,7.944144606590270996e-01,4.347195923328399658e-01,2.999370992183685303e-01,2.214872539043426514e-01,1.981042176485061646e-01,1.965744346380233765e-01,1.879381686449050903e-01,1.879381686449050903e-01,1.923047900199890137e-01,2.187442779541015625e-01,2.347218394279479980e-01,2.760913074016571045e-01,3.081288635730743408e-01,3.665237128734588623e-01,5.925925970077514648e-01,8.552923202514648438e-01
3.534534573554992676e-01,5.520459413528442383e-01,1.000000000000000000e+00,9.014117717742919922e-01,3.889449536800384521e-01,2.933425903320312500e-01,2.441450506448745728e-01,2.126576900482177734e-01,1.912770122289657593e-01,1.849327236413955688e-01,1.835691481828689575e-01,1.980528235435485840e-01,2.241608798503875732e-01,2.699254453182220459e-01,2.458115965127944946e-01,2.147883474826812744e-01,1.918508112430572510e-01,1.849327236413955688e-01,1.796786189079284668e-01,1.807242780923843384e-01,1.848478019237518311e-01,1.883818507194519043e-01,2.020558863878250122e-01,2.456838041543960571e-01,3.082721531391143799e-01,2.352354526519775391e-01,1.961407661437988281e-01,1.755231171846389771e-01,1.754336357116699219e-01,1.740858554840087891e-01,1.824537366628646851e-01,1.872950941324234009e-01,2.057523429393768311e-01,2.269455939531326294e-01,2.791905403137207031e-01,1.000000000000000000e+00,1.000000000000000000e+00
3.016832470893859863e-01,2.023048102855682373e-01,1.667644828557968140e-01,1.635141968727111816e-01,1.683661043643951416e-01,3.276433050632476807e-01,3.100733160972595215e-01,2.766234278678894043e-01,2.385982275009155273e-01,2.105124145746231079e-01,1.871442794799804688e-01,1.703469455242156982e-01,1.703469455242156982e-01,1.683661043643951416e-01,1.703469455242156982e-01,1.817792952060699463e-01,1.886618137359619141e-01,2.171023190021514893e-01,2.664306163787841797e-01,9.373154044151306152e-01,9.359543919563293457e-01,1.000000000000000000e+00,3.901312053203582764e-01,2.722842097282409668e-01,2.124160975217819214e-01,1.897256970405578613e-01,1.737591028213500977e-01,1.658567786216735840e-01,1.683661043643951416e-01,1.688634902238845825e-01,1.761558800935745239e-01,1.854335069656372070e-01,1.997180134057998657e-01,2.216894924640655518e-01,2.658002972602844238e-01,9.114198088645935059e-01,6.636485457420349121e-01
5.558221936225891113e-01,7.726159691810607910e-01,9.401654005050659180e-01,7.885074019432067871e-01,1.000000000000000000e+00,8.214561343193054199e-01,2.564028799533843994e-01,2.053640335798263550e-01,1.881184279918670654e-01,1.812035590410232544e-01,1.812035590410232544e-01,1.910053342580795288e-01,2.015988677740097046e-01,2.295245081186294556e-01,2.701223194599151611e-01,3.478185534477233887e-01,4.930749833583831787e-01,8.839647173881530762e-01,8.499630093574523926e-01,8.246476650238037109e-01,8.401195406913757324e-01,8.900930285453796387e-01,8.126148581504821777e-01,4.083227515220642090e-01,2.714695632457733154e-01,2.162666171789169312e-01,1.966520249843597412e-01,1.729626804590225220e-01,1.729626804590225220e-01,1.801940649747848511e-01,1.994154155254364014e-01,2.121793180704116821e-01,2.300008684396743774e-01,2.760010361671447754e-01,3.585613071918487549e-01,6.791146397590637207e-01,8.052578568458557129e-01
6.515189409255981445e-01,1.000000000000000000e+00,7.285488247871398926e-01,4.850151538848876953e-01,4.102962315082550049e-01,3.414019942283630371e-01,3.177678883075714111e-01,2.910706400871276855e-01,2.863664329051971436e-01,2.951533198356628418e-01,3.132302761077880859e-01,3.685372173786163330e-01,4.338310658931732178e-01,3.648332357406616211e-01,3.290278315544128418e-01,3.138624727725982666e-01,2.992293536663055420e-01,2.951533198356628418e-01,2.951533198356628418e-01,3.030084371566772461e-01,3.138624727725982666e-01,3.341643512248992920e-01,3.701869845390319824e-01,4.189898073673248291e-01,3.685372173786163330e-01,3.327332139015197754e-01,2.989839017391204834e-01,2.788852155208587646e-01,2.839204370975494385e-01,2.922788262367248535e-01,3.143065869808197021e-01,3.519065082073211670e-01,3.958896100521087646e-01,4.606217443943023682e-01,5.354752540588378906e-01,1.000000000000000000e+00,1.000000000000000000e+00
5.398221015930175781e-01,5.746927261352539062e-01,5.592058300971984863e-01,4.204266667366027832e-01,2.896866500377655029e-01,2.290836423635482788e-01,1.959553807973861694e-01,1.763954013586044312e-01,1.669681668281555176e-01,1.664220243692398071e-01,1.746665537357330322e-01,1.891255527734756470e-01,2.339336574077606201e-01,3.093098402023315430e-01,4.597541689872741699e-01,8.144291639328002930e-01,9.571215510368347168e-01,9.418763518333435059e-01,9.413607120513916016e-01,9.615396261215209961e-01,1.000000000000000000e+00,9.305747747421264648e-01,6.104719042778015137e-01,4.123613536357879639e-01,2.836526632308959961e-01,2.269096523523330688e-01,1.889114975929260254e-01,1.756483167409896851e-01,1.629826724529266357e-01,1.659350544214248657e-01,1.685959994792938232e-01,1.763380467891693115e-01,1.931477040052413940e-01,2.275773733854293823e-01,2.928815484046936035e-01,4.871794879436492920e-01,4.535714387893676758e-01
1.133066937327384949e-01,1.197208687663078308e-01,1.221760958433151245e-01,1.210365220904350281e-01,1.145232096314430237e-01,1.045843511819839478e-01,9.949140995740890503e-02,9.253235906362533569e-02,8.831788599491119385e-02,8.809344470500946045e-02,8.701944351196289062e-02,9.009329974651336670e-02,9.692117571830749512e-02,1.090327799320220947e-01,1.387539505958557129e-01,1.846631318330764771e-01,3.044664561748504639e-01,9.392747282981872559e-01,9.422314167022705078e-01,9.619383811950683594e-01,1.000000000000000000e+00,4.468261003494262695e-01,1.246623769402503967e-01,9.692117571830749512e-02,8.593201637268066406e-02,8.471388369798660278e-02,8.547000586986541748e-02,9.145636111497879028e-02,9.354308992624282837e-02,9.879250824451446533e-02,1.001360118389129639e-01,1.032028570771217346e-01,1.069706156849861145e-01,1.084866970777511597e-01,1.092141941189765930e-01,3.717948794364929199e-01,1.237196847796440125e-01
6.796759366989135742e-01,1.000000000000000000e+00,8.221527934074401855e-01,5.164536237716674805e-01,4.102731645107269287e-01,3.631407916545867920e-01,3.202031850814819336e-01,3.011762499809265137e-01,2.959831655025482178e-01,3.012752532958984375e-01,3.352832198143005371e-01,5.920166969299316406e-01,4.288751780986785889e-01,3.730239868164062500e-01,3.367252945899963379e-01,3.162678480148315430e-01,3.053306043148040771e-01,3.012752532958984375e-01,3.012752532958984375e-01,3.091399669647216797e-01,3.199470043182373047e-01,3.419100344181060791e-01,3.784206509590148926e-01,3.920436203479766846e-01,3.402490019798278809e-01,3.119007349014282227e-01,3.012752532958984375e-01,2.877590954303741455e-01,2.896955013275146484e-01,3.009286522865295410e-01,3.330971896648406982e-01,3.599863052368164062e-01,4.075568616390228271e-01,4.689770340919494629e-01,5.395789742469787598e-01,1.000000000000000000e+00,7.688032984733581543e-01
4.924446344375610352e-01,5.490047931671142578e-01,5.344094634056091309e-01,4.442794322967529297e-01,3.175776004791259766e-01,2.446798384189605713e-01,1.969878375530242920e-01,1.739218086004257202e-01,1.650443822145462036e-01,1.685231178998947144e-01,1.722172051668167114e-01,2.023074626922607422e-01,2.368791103363037109e-01,2.924627661705017090e-01,4.472355842590332031e-01,9.859769940376281738e-01,9.533932209014892578e-01,9.416865110397338867e-01,9.422293901443481445e-01,9.619570374488830566e-01,1.000000000000000000e+00,8.619649410247802734e-01,6.143944859504699707e-01,4.128194451332092285e-01,3.094219863414764404e-01,2.237277030944824219e-01,1.818816363811492920e-01,1.656984984874725342e-01,1.567317843437194824e-01,1.589744836091995239e-01,1.694541871547698975e-01,1.800885945558547974e-01,2.063501626253128052e-01,2.258276641368865967e-01,3.201066851615905762e-01,4.972345232963562012e-01,3.399375081062316895e-01
1.467068493366241455e-01,1.531989127397537231e-01,1.546425968408584595e-01,1.368166059255599976e-01,1.301172524690628052e-01,1.175114437937736511e-01,1.049038842320442200e-01,9.567157924175262451e-02,9.131413698196411133e-02,8.836963772773742676e-02,8.932244032621383667e-02,9.611297398805618286e-02,1.047524735331535339e-01,1.196972653269767761e-01,1.434612870216369629e-01,1.806768476963043213e-01,3.479420244693756104e-01,9.417222142219543457e-01,9.417222142219543457e-01,9.613994359970092773e-01,1.000000000000000000e+00,6.875315308570861816e-01,2.191085368394851685e-01,1.210160404443740845e-01,1.076911911368370056e-01,9.633291512727737427e-02,9.114015102386474609e-02,8.848930150270462036e-02,8.728531002998352051e-02,8.878774940967559814e-02,9.914772957563400269e-02,1.132935807108879089e-01,1.266973912715911865e-01,1.317336857318878174e-01,1.429070234298706055e-01,3.697384893894195557e-01,1.184427812695503235e-01
6.989911943674087524e-02,6.787607818841934204e-02,6.702531129121780396e-02,6.529053300619125366e-02,6.298995018005371094e-02,6.298995018005371094e-02,6.298995018005371094e-02,6.402263790369033813e-02,7.299704104661941528e-02,1.255235671997070312e-01,1.532804071903228760e-01,1.336831897497177124e-01,9.751638025045394897e-02,8.337704092264175415e-02,7.299704104661941528e-02,6.591533869504928589e-02,6.478635221719741821e-02,6.127471476793289185e-02,6.127471476793289185e-02,6.019490212202072144e-02,6.019490212202072144e-02,6.019490212202072144e-02,6.883550435304641724e-02,7.778158038854598999e-02,1.012286767363548279e-01,1.909978836774826050e-01,7.010756731033325195e-01,7.096180915832519531e-01,7.466258406639099121e-01,7.795423269271850586e-01,8.333082199096679688e-01,9.040576815605163574e-01,1.000000000000000000e+00,1.105202063918113708e-01,8.098294585943222046e-02,2.138355076313018799e-01,1.000000000000000000e+00
5.748950839042663574e-01,1.000000000000000000e+00,8.632509708404541016e-01,5.518953800201416016e-01,4.071528315544128418e-01,3.359829187393188477e-01,2.848240435123443604e-01,2.753884196281433105e-01,2.628393173217773438e-01,2.720896005630493164e-01,2.927556931972503662e-01,3.428397476673126221e-01,3.171203434467315674e-01,2.690505981445312500e-01,2.433462291955947876e-01,2.279236614704132080e-01,2.211223393678665161e-01,2.184500694274902344e-01,2.184500694274902344e-01,2.211223393678665161e-01,2.279236614704132080e-01,2.433462291955947876e-01,2.637037634849548340e-01,3.171203434467315674e-01,3.257087469100952148e-01,2.974329292774200439e-01,2.644266486167907715e-01,2.495131492614746094e-01,2.440692186355590820e-01,2.476821541786193848e-01,2.655348777770996094e-01,2.913227677345275879e-01,3.290278315544128418e-01,3.769474923610687256e-01,4.466386437416076660e-01,1.000000000000000000e+00,1.000000000000000000e+00
6.840046048164367676e-01,6.772032380104064941e-01,5.949645042419433594e-01,4.926033318042755127e-01,3.309512734413146973e-01,2.703765630722045898e-01,2.303134649991989136e-01,2.084036171436309814e-01,1.971773654222488403e-01,1.927662491798400879e-01,1.953083425760269165e-01,2.114760726690292358e-01,2.404159158468246460e-01,2.924007475376129150e-01,3.769400715827941895e-01,6.164097785949707031e-01,9.163671731948852539e-01,9.014080166816711426e-01,9.014080166816711426e-01,9.163671731948852539e-01,9.496600031852722168e-01,1.000000000000000000e+00,6.826164126396179199e-01,4.076644182205200195e-01,2.924007475376129150e-01,2.269389331340789795e-01,1.961483806371688843e-01,1.795166879892349243e-01,1.777466088533401489e-01,1.785984337329864502e-01,1.885203719139099121e-01,2.011778205633163452e-01,2.452596127986907959e-01,3.658035695552825928e-01,6.565497517585754395e-01,5.576669573783874512e-01,5.780409574508666992e-01
1.815947294235229492e-01,1.780696511268615723e-01,1.554513573646545410e-01,1.481003612279891968e-01,1.346012800931930542e-01,1.284315437078475952e-01,1.196939721703529358e-01,1.150491237640380859e-01,1.139974147081375122e-01,1.177180707454681396e-01,1.166360825300216675e-01,1.194288730621337891e-01,1.274902820587158203e-01,1.537703126668930054e-01,1.936237961053848267e-01,2.697906196117401123e-01,4.318270981311798096e-01,9.450908899307250977e-01,9.450908899307250977e-01,9.615750908851623535e-01,1.000000000000000000e+00,2.381667047739028931e-01,1.715051084756851196e-01,1.474139094352722168e-01,1.305852681398391724e-01,1.201169192790985107e-01,1.177180707454681396e-01,1.215335056185722351e-01,1.396404504776000977e-01,1.581599861383438110e-01,1.763166338205337524e-01,1.866897344589233398e-01,1.838153004646301270e-01,1.814550459384918213e-01,1.815598160028457642e-01,4.981089234352111816e-01,3.247274458408355713e-01
7.003418803215026855e-01,1.000000000000000000e+00,6.183569431304931641e-01,4.656046926975250244e-01,3.761102259159088135e-01,3.336323499679565430e-01,2.991279363632202148e-01,2.844464480876922607e-01,2.739751935005187988e-01,2.884362041950225830e-01,3.061017692089080811e-01,4.154381155967712402e-01,4.239579141139984131e-01,3.535087704658508301e-01,3.215397894382476807e-01,3.031557500362396240e-01,2.924194931983947754e-01,2.884362041950225830e-01,2.884362041950225830e-01,2.924194931983947754e-01,3.067195713520050049e-01,3.265594244003295898e-01,3.617622256278991699e-01,3.749339580535888672e-01,3.266667425632476807e-01,2.979066073894500732e-01,2.884362041950225830e-01,2.725383341312408447e-01,2.774589657783508301e-01,2.887277603149414062e-01,3.230408430099487305e-01,3.521774411201477051e-01,3.986262381076812744e-01,4.666575789451599121e-01,5.491901040077209473e-01,1.000000000000000000e+00,1.000000000000000000e+00
5.041549801826477051e-01,5.792134404182434082e-01,5.967875719070434570e-01,4.368273615837097168e-01,2.711797952651977539e-01,2.208476811647415161e-01,1.881666332483291626e-01,1.707070320844650269e-01,1.655606776475906372e-01,1.650191396474838257e-01,1.785105317831039429e-01,2.074728310108184814e-01,2.444864809513092041e-01,3.226632177829742432e-01,5.117325186729431152e-01,9.915702939033508301e-01,9.516591429710388184e-01,9.378791451454162598e-01,9.378791451454162598e-01,9.578157067298889160e-01,1.000000000000000000e+00,8.010222911834716797e-01,5.544918775558471680e-01,3.803290724754333496e-01,2.852293848991394043e-01,2.152834087610244751e-01,1.828590482473373413e-01,1.644758135080337524e-01,1.576839983463287354e-01,1.546268165111541748e-01,1.611156910657882690e-01,1.783990710973739624e-01,1.975523084402084351e-01,2.313176393508911133e-01,2.904126346111297607e-01,4.877210557460784912e-01,4.481931626796722412e-01
1.127797663211822510e-01,1.192039102315902710e-01,1.272660046815872192e-01,1.294829994440078735e-01,1.286812424659729004e-01,1.138301789760589600e-01,1.009655818343162537e-01,9.059241414070129395e-02,8.709780871868133545e-02,8.419775962829589844e-02,8.517541736364364624e-02,8.921100199222564697e-02,9.461572021245956421e-02,1.023905724287033081e-01,1.159917041659355164e-01,1.512346714735031128e-01,2.488992512226104736e-01,9.796902537345886230e-01,9.796902537345886230e-01,1.000000000000000000e+00,9.752008914947509766e-01,4.856118559837341309e-01,1.389295607805252075e-01,1.125960871577262878e-01,9.931199252605438232e-02,9.150177240371704102e-02,9.007687121629714966e-02,8.739436417818069458e-02,8.751270174980163574e-02,8.751270174980163574e-02,8.874575048685073853e-02,8.780785650014877319e-02,8.780785650014877319e-02,9.262591600418090820e-02,1.022388413548469543e-01,3.595846295356750488e-01,1.046679019927978516e-01
5.185926556587219238e-01,6.281690001487731934e-01,8.193248510360717773e-01,1.000000000000000000e+00,9.110504388809204102e-01,4.812763929367065430e-01,3.792957365512847900e-01,3.120764493942260742e-01,2.889170050621032715e-01,2.809812128543853760e-01,2.745242416858673096e-01,2.848398983478546143e-01,3.159872591495513916e-01,3.186901509761810303e-01,2.821581959724426270e-01,2.667449414730072021e-01,2.649116218090057373e-01,2.622491419315338135e-01,2.622491419315338135e-01,2.649116218090057373e-01,2.667449414730072021e-01,2.848398983478546143e-01,3.100082576274871826e-01,3.753174543380737305e-01,4.990536570549011230e-01,4.255568981170654297e-01,3.309334516525268555e-01,2.892541885375976562e-01,2.792413830757141113e-01,2.750208675861358643e-01,2.781922519207000732e-01,2.897255420684814453e-01,3.211275935173034668e-01,3.494982421398162842e-01,3.870289623737335205e-01,1.000000000000000000e+00,1.000000000000000000e+00
2.040915638208389282e-01,2.435244917869567871e-01,2.770046293735504150e-01,2.728834450244903564e-01,2.621451318264007568e-01,2.478120028972625732e-01,2.209863811731338501e-01,2.037002146244049072e-01,2.016529142856597900e-01,1.934120804071426392e-01,1.918379217386245728e-01,1.865232884883880615e-01,1.798144280910491943e-01,1.740415394306182861e-01,1.755025684833526611e-01,1.870359480381011963e-01,2.002232968807220459e-01,2.620842456817626953e-01,4.974560141563415527e-01,8.100273013114929199e-01,8.468412756919860840e-01,8.970284461975097656e-01,1.000000000000000000e+00,5.656685233116149902e-01,3.562850356101989746e-01,2.959994971752166748e-01,2.091125398874282837e-01,1.754115968942642212e-01,1.693003922700881958e-01,1.755025684833526611e-01,1.759566366672515869e-01,1.765000075101852417e-01,1.752295494079589844e-01,1.752295494079589844e-01,1.795479655265808105e-01,7.169060707092285156e-01,6.358553767204284668e-01
4.101934134960174561e-01,5.516585111618041992e-01,7.555291652679443359e-01,1.000000000000000000e+00,9.405655264854431152e-01,3.970321118831634521e-01,3.028286993503570557e-01,2.467091828584671021e-01,2.244112938642501831e-01,2.187653779983520508e-01,2.204833477735519409e-01,2.291832715272903442e-01,2.533411681652069092e-01,3.001611530780792236e-01,3.798287808895111084e-01,4.551711082458496094e-01,4.388450086116790771e-01,4.326241314411163330e-01,4.326241314411163330e-01,4.388450086116790771e-01,4.551711082458496094e-01,4.493973851203918457e-01,3.509142100811004639e-01,2.916039526462554932e-01,2.550987303256988525e-01,2.334754616022109985e-01,2.272690236568450928e-01,2.288364171981811523e-01,2.391477674245834351e-01,2.380241155624389648e-01,2.395625859498977661e-01,2.522807419300079346e-01,2.750271558761596680e-01,3.100221753120422363e-01,3.531424403190612793e-01,1.000000000000000000e+00,7.898957729339599609e-01
2.086229771375656128e-01,2.479587048292160034e-01,2.512967586517333984e-01,2.328884601593017578e-01,2.183801829814910889e-01,2.100446224212646484e-01,2.011794745922088623e-01,1.842306405305862427e-01,1.746530383825302124e-01,1.712981462478637695e-01,1.684072017669677734e-01,1.583431065082550049e-01,1.500440090894699097e-01,1.497958898544311523e-01,1.431936621665954590e-01,1.433494538068771362e-01,1.600256711244583130e-01,1.674768924713134766e-01,1.812996864318847656e-01,2.657157480716705322e-01,9.759399890899658203e-01,1.000000000000000000e+00,7.789546251296997070e-01,5.284693241119384766e-01,3.174605369567871094e-01,2.385694980621337891e-01,1.812996864318847656e-01,1.627912968397140503e-01,1.549231708049774170e-01,1.506378501653671265e-01,1.502422243356704712e-01,1.512293666601181030e-01,1.570219844579696655e-01,1.684072017669677734e-01,1.732415854930877686e-01,7.982926964759826660e-01,3.674667179584503174e-01
0.000000000000000000e+00,0.000000000000000000e+00,0.000000000000000000e+00,0.000000000000000000e+00,0.000000000000000000e+00,0.000000000000000000e+00,0.000000000000000000e+00,0.000000000000000000e+00,0.000000000000000000e+00,0.000000000000000000e+00,0.000000000000000000e+00,0.000000000000000000e+00,0.000000000000000000e+00,0.000000000000000000e+00,0.000000000000000000e+00,0.000000000000000000e+00,0.000000000000000000e+00,0.000000000000000000e+00,0.000000000000000000e+00,0.000000000000000000e+00,0.000000000000000000e+00,0.000000000000000000e+00,0.000000000000000000e+00,0.000000000000000000e+00,0.000000000000000000e+00,0.000000000000000000e+00,0.000000000000000000e+00,0.000000000000000000e+00,0.000000000000000000e+00,0.000000000000000000e+00,0.000000000000000000e+00,0.000000000000000000e+00,0.000000000000000000e+00,0.000000000000000000e+00,0.000000000000000000e+00,6.862745285034179688e-01,1.000000000000000000e+00
2.278701812028884888e-01,2.797755002975463867e-01,4.035456180572509766e-01,5.536515116691589355e-01,7.094436883926391602e-01,6.795958876609802246e-01,6.104785799980163574e-01,5.056412220001220703e-01,2.704599797725677490e-01,2.345668822526931763e-01,2.238514125347137451e-01,2.310695499181747437e-01,2.542290091514587402e-01,2.819143235683441162e-01,3.269858658313751221e-01,3.847498595714569092e-01,5.464440584182739258e-01,9.469482302665710449e-01,9.466803669929504395e-01,9.626757502555847168e-01,1.000000000000000000e+00,7.684060931205749512e-01,5.980417132377624512e-01,4.188035726547241211e-01,2.772834599018096924e-01,1.955918669700622559e-01,1.602563560009002686e-01,1.356242448091506958e-01,1.340402513742446899e-01,1.347355395555496216e-01,1.388341486454010010e-01,1.429086178541183472e-01,1.666266173124313354e-01,1.814300566911697388e-01,2.107678502798080444e-01,5.379179120063781738e-01,5.767677426338195801e-01
3.439342379570007324e-01,4.329976737499237061e-01,5.620921254158020020e-01,7.940761446952819824e-01,1.000000000000000000e+00,9.293487668037414551e-01,3.705697655677795410e-01,2.897846400737762451e-01,2.523198127746582031e-01,2.313552051782608032e-01,2.262212783098220825e-01,2.292894870042800903e-01,2.334026396274566650e-01,2.667561173439025879e-01,2.965300381183624268e-01,3.716515004634857178e-01,4.721573889255523682e-01,7.752797007560729980e-01,7.752797007560729980e-01,7.872123122215270996e-01,6.734074950218200684e-01,4.769509732723236084e-01,3.749969005584716797e-01,3.142515718936920166e-01,2.731450498104095459e-01,2.526142597198486328e-01,2.453892529010772705e-01,2.468993514776229858e-01,2.487591505050659180e-01,2.334026396274566650e-01,2.359999567270278931e-01,2.301309257745742798e-01,2.463567852973937988e-01,2.655830681324005127e-01,3.039091229438781738e-01,1.000000000000000000e+00,7.505510449409484863e-01
2.052196711301803589e-01,2.338484674692153931e-01,2.413527965545654297e-01,2.335377484560012817e-01,2.153111696243286133e-01,2.016903758049011230e-01,1.950197219848632812e-01,1.791497170925140381e-01,1.694762110710144043e-01,1.659159958362579346e-01,1.686171293258666992e-01,1.682339012622833252e-01,1.656239777803421021e-01,1.593173593282699585e-01,1.545359790325164795e-01,1.545881778001785278e-01,1.666437983512878418e-01,1.744031906127929688e-01,1.807637065649032593e-01,1.988299340009689331e-01,2.389338314533233643e-01,1.000000000000000000e+00,7.766790986061096191e-01,6.413708329200744629e-01,4.042997360229492188e-01,2.776654362678527832e-01,2.088825106620788574e-01,1.821863651275634766e-01,1.706621944904327393e-01,1.599743366241455078e-01,1.599743366241455078e-01,1.559909582138061523e-01,1.599743366241455078e-01,1.727764755487442017e-01,1.764726489782333374e-01,9.454192519187927246e-01,3.958283364772796631e-01
5.471913218498229980e-01,6.741256117820739746e-01,8.756889700889587402e-01,1.000000000000000000e+00,2.368399649858474731e-01,1.884023547172546387e-01,1.388859748840332031e-01,1.251998245716094971e-01,1.192647814750671387e-01,1.156807765364646912e-01,1.178992092609405518e-01,1.272015124559402466e-01,1.439696848392486572e-01,1.627637594938278198e-01,1.498339772224426270e-01,1.423863023519515991e-01,1.379500776529312134e-01,1.367711871862411499e-01,1.367711871862411499e-01,1.379500776529312134e-01,1.423863023519515991e-01,1.498339772224426270e-01,1.657215505838394165e-01,1.490103602409362793e-01,1.319994628429412842e-01,1.214177459478378296e-01,1.187749803066253662e-01,1.192647814750671387e-01,1.251998245716094971e-01,1.388859748840332031e-01,1.629626154899597168e-01,1.979583054780960083e-01,2.655889391899108887e-01,3.961455821990966797e-01,4.810747504234313965e-01,7.555555701255798340e-01,1.000000000000000000e+00
1.090016663074493408e-01,1.316669583320617676e-01,1.576225161552429199e-01,2.618200182914733887e-01,4.070067107677459717e-01,5.557420253753662109e-01,5.448259711265563965e-01,5.061404109001159668e-01,4.605647325515747070e-01,3.259226381778717041e-01,2.497320771217346191e-01,2.232583761215209961e-01,2.275206446647644043e-01,2.396230995655059814e-01,2.740194797515869141e-01,3.202837109565734863e-01,3.966467976570129395e-01,5.195117592811584473e-01,9.835330843925476074e-01,1.000000000000000000e+00,8.404563665390014648e-01,5.980615615844726562e-01,4.669222533702850342e-01,3.772710263729095459e-01,1.598485410213470459e-01,1.050816774368286133e-01,8.471955358982086182e-02,7.877622544765472412e-02,7.778883725404739380e-02,7.650061696767807007e-02,7.650061696767807007e-02,7.650061696767807007e-02,8.085145801305770874e-02,8.829362690448760986e-02,9.812625497579574585e-02,3.504874110221862793e-01,5.877124071121215820e-01
5.102697014808654785e-01,8.107281923294067383e-01,1.000000000000000000e+00,6.356449723243713379e-01,4.302865862846374512e-01,3.583209514617919922e-01,3.228863179683685303e-01,2.937608361244201660e-01,2.941397130489349365e-01,2.979610264301300049e-01,3.330381512641906738e-01,3.921414315700531006e-01,4.385444223880767822e-01,3.745884895324707031e-01,3.384157419204711914e-01,3.172456324100494385e-01,3.056521117687225342e-01,2.980593740940093994e-01,2.980593740940093994e-01,3.022774159908294678e-01,3.129296600818634033e-01,3.338117003440856934e-01,3.698008060455322266e-01,4.385444223880767822e-01,3.921414315700531006e-01,3.438455760478973389e-01,3.048071265220642090e-01,2.900862991809844971e-01,2.848458588123321533e-01,2.867941260337829590e-01,2.978036105632781982e-01,3.172456324100494385e-01,3.460884988307952881e-01,3.823938965797424316e-01,4.266750216484069824e-01,1.000000000000000000e+00,1.000000000000000000e+00
3.944445252418518066e-01,4.852879941463470459e-01,5.180739760398864746e-01,5.753629803657531738e-01,4.841997623443603516e-01,3.058757483959197998e-01,1.890860497951507568e-01,1.707190424203872681e-01,1.576904952526092529e-01,1.494856476783752441e-01,1.449064314365386963e-01,1.473133563995361328e-01,1.692103296518325806e-01,2.034575492143630981e-01,2.560428082942962646e-01,4.364517629146575928e-01,9.008750915527343750e-01,8.856521844863891602e-01,8.856521844863891602e-01,8.963909745216369629e-01,9.321631193161010742e-01,1.000000000000000000e+00,8.058690428733825684e-01,4.945301115512847900e-01,2.979156970977783203e-01,2.088944613933563232e-01,1.684291511774063110e-01,1.467153280973434448e-01,1.452599316835403442e-01,1.424074172973632812e-01,1.462651938199996948e-01,1.584783643484115601e-01,1.695563644170761108e-01,2.094198912382125854e-01,2.763016223907470703e-01,4.577172100543975830e-01,4.348649978637695312e-01
1.328223794698715210e-01,1.360288411378860474e-01,1.753974705934524536e-01,1.972680240869522095e-01,1.924417167901992798e-01,1.857179701328277588e-01,1.604638397693634033e-01,1.381566524505615234e-01,1.156880334019660950e-01,1.101749613881111145e-01,1.046626791357994080e-01,1.055738851428031921e-01,1.133690997958183289e-01,1.232676804065704346e-01,1.301401555538177490e-01,1.507261395454406738e-01,1.710746884346008301e-01,2.786511778831481934e-01,9.251514077186584473e-01,9.381060004234313965e-01,9.752423167228698730e-01,1.000000000000000000e+00,3.415507972240447998e-01,1.723677515983581543e-01,1.346131712198257446e-01,1.209860742092132568e-01,1.150843128561973572e-01,1.088230684399604797e-01,1.046626791357994080e-01,1.072919741272926331e-01,1.106088012456893921e-01,1.180351898074150085e-01,1.241124719381332397e-01,1.316039413213729858e-01,1.330843567848205566e-01,4.463535845279693604e-01,1.524641364812850952e-01
4.014164507389068604e-01,4.944707453250885010e-01,7.213134169578552246e-01,1.000000000000000000e+00,6.418011188507080078e-01,4.428432583808898926e-01,3.432298302650451660e-01,2.813561260700225830e-01,2.646665275096893311e-01,1.628157645463943481e-01,3.750082105398178101e-02,2.704222686588764191e-02,2.371760085225105286e-02,2.281085774302482605e-02,2.250049263238906860e-02,2.250049263238906860e-02,2.250049263238906860e-02,2.250049263238906860e-02,2.250049263238906860e-02,2.250049263238906860e-02,2.250049263238906860e-02,2.250049263238906860e-02,2.281085774302482605e-02,2.371760085225105286e-02,2.704222686588764191e-02,3.750082105398178101e-02,1.628157645463943481e-01,2.646665275096893311e-01,2.549228370189666748e-01,2.485826462507247925e-01,2.519262433052062988e-01,2.602729797363281250e-01,2.767194509506225586e-01,2.988794147968292236e-01,3.347670435905456543e-01,1.000000000000000000e+00,1.000000000000000000e+00
4.360885322093963623e-01,5.278547406196594238e-01,7.536409497261047363e-01,9.200223684310913086e-01,8.707876205444335938e-01,7.837578058242797852e-01,3.714859485626220703e-01,2.917748987674713135e-01,2.639273703098297119e-01,2.448048144578933716e-01,2.425306439399719238e-01,2.550692856311798096e-01,2.742245197296142578e-01,2.947840392589569092e-01,3.341396152973175049e-01,4.485242068767547607e-01,5.671768188476562500e-01,7.630860209465026855e-01,7.630860209465026855e-01,7.741938233375549316e-01,8.043321371078491211e-01,8.567450046539306641e-01,9.520565271377563477e-01,1.000000000000000000e+00,5.445809364318847656e-01,3.822685182094573975e-01,3.075280785560607910e-01,2.641605734825134277e-01,2.464758604764938354e-01,2.417678385972976685e-01,2.492085844278335571e-01,2.511773407459259033e-01,2.694681584835052490e-01,2.999603152275085449e-01,3.719276487827301025e-01,5.785735845565795898e-01,6.520758867263793945e-01
1.862556934356689453e-01,1.777259856462478638e-01,1.690764725208282471e-01,1.542315930128097534e-01,1.487869769334793091e-01,1.451643258333206177e-01,1.354916244745254517e-01,1.351036280393600464e-01,1.382313221693038940e-01,1.394197344779968262e-01,1.428207159042358398e-01,1.418195664882659912e-01,1.369231045246124268e-01,1.342684477567672729e-01,1.335404068231582642e-01,1.368683278560638428e-01,1.457829326391220093e-01,1.566438674926757812e-01,1.936385184526443481e-01,8.081572651863098145e-01,8.401858806610107422e-01,8.973552584648132324e-01,1.000000000000000000e+00,4.428018033504486084e-01,2.788663506507873535e-01,1.869389116764068604e-01,1.472162157297134399e-01,1.413428485393524170e-01,1.369231045246124268e-01,1.354916244745254517e-01,1.344359070062637329e-01,1.348814219236373901e-01,1.421892195940017700e-01,1.482315212488174438e-01,1.625641137361526489e-01,5.309950113296508789e-01,3.702454268932342529e-01
6.088894605636596680e-01,3.680086433887481689e-01,2.786102592945098877e-01,2.367446720600128174e-01,2.079696059226989746e-01,1.925848722457885742e-01,1.824827939271926880e-01,1.793213188648223877e-01,1.862057298421859741e-01,1.979303807020187378e-01,6.428151577711105347e-02,4.278013855218887329e-02,3.382066637277603149e-02,3.118111565709114075e-02,3.048553876578807831e-02,3.025012463331222534e-02,3.025012463331222534e-02,3.025012463331222534e-02,3.025012463331222534e-02,3.025012463331222534e-02,3.025012463331222534e-02,3.048553876578807831e-02,3.118111565709114075e-02,3.382066637277603149e-02,4.278013855218887329e-02,6.428151577711105347e-02,1.979303807020187378e-01,2.133987694978713989e-01,2.296943813562393188e-01,2.621919810771942139e-01,3.261985480785369873e-01,4.237717390060424805e-01,6.190660595893859863e-01,9.910090565681457520e-01,1.000000000000000000e+00,1.000000000000000000e+00,1.000000000000000000e+00
1.796569973230361938e-01,1.883795410394668579e-01,3.077642619609832764e-01,3.056024909019470215e-01,3.049452602863311768e-01,2.983224391937255859e-01,2.687886357307434082e-01,2.219681292772293091e-01,1.891190111637115479e-01,1.758784502744674683e-01,1.681704819202423096e-01,1.756302863359451294e-01,1.996647417545318604e-01,2.487296909093856812e-01,3.502906858921051025e-01,1.000000000000000000e+00,9.617127180099487305e-01,9.455489516258239746e-01,9.011839628219604492e-01,4.934096336364746094e-01,3.560213744640350342e-01,2.736454010009765625e-01,2.279017716646194458e-01,1.963606327772140503e-01,1.812041252851486206e-01,1.773109883069992065e-01,1.772125661373138428e-01,1.932709664106369019e-01,2.141267657279968262e-01,2.409627586603164673e-01,2.008409202098846436e-01,1.870318055152893066e-01,1.867984533309936523e-01,1.835003644227981567e-01,1.800450235605239868e-01,8.389233350753784180e-01,4.436733722686767578e-01
1.000000000000000000e+00,9.245870113372802734e-01,4.157309234142303467e-01,3.245974183082580566e-01,2.608854174613952637e-01,2.261328548192977905e-01,2.071671634912490845e-01,1.960504502058029175e-01,1.932713240385055542e-01,2.030221521854400635e-01,2.191322892904281616e-01,2.655829191207885742e-01,3.360997736454010010e-01,5.406834483146667480e-01,6.288158297538757324e-01,5.890485644340515137e-01,5.674641728401184082e-01,5.588873624801635742e-01,5.586799383163452148e-01,5.664872527122497559e-01,4.326146543025970459e-01,3.281885981559753418e-01,2.769317924976348877e-01,2.426199615001678467e-01,2.134148031473159790e-01,2.031489908695220947e-01,1.985313743352890015e-01,2.090857028961181641e-01,2.311467528343200684e-01,2.647084891796112061e-01,3.194374740123748779e-01,4.183253943920135498e-01,7.083262205123901367e-01,8.011822104454040527e-01,8.127544522285461426e-01,7.817240357398986816e-01,7.192422151565551758e-01
4.237671494483947754e-01,3.855033516883850098e-01,3.493589460849761963e-01,3.300502598285675049e-01,3.245742619037628174e-01,3.087684810161590576e-01,2.967391908168792725e-01,2.870716750621795654e-01,2.865398228168487549e-01,2.803168892860412598e-01,2.637757658958435059e-01,2.592184543609619141e-01,2.666873335838317871e-01,2.756526172161102295e-01,2.823501527309417725e-01,3.113819360733032227e-01,3.378440737724304199e-01,3.945476412773132324e-01,4.631938934326171875e-01,7.862145304679870605e-01,8.451236486434936523e-01,9.023755192756652832e-01,1.000000000000000000e+00,7.436129450798034668e-01,3.847855031490325928e-01,3.336128890514373779e-01,2.925978600978851318e-01,2.775483429431915283e-01,2.696028053760528564e-01,2.665085196495056152e-01,2.748212814331054688e-01,2.873372435569763184e-01,3.124517202377319336e-01,3.576653301715850830e-01,4.206736683845520020e-01,1.000000000000000000e+00,4.044927060604095459e-01
4.359227716922760010e-01,6.840652823448181152e-01,1.000000000000000000e+00,9.670087695121765137e-01,9.253877401351928711e-01,8.398396372795104980e-01,5.438757538795471191e-01,3.395291268825531006e-01,2.712911963462829590e-01,2.321024835109710693e-01,2.202000319957733154e-01,2.292544841766357422e-01,2.461818605661392212e-01,2.636495828628540039e-01,2.617391943931579590e-01,2.459222674369812012e-01,2.374272495508193970e-01,2.349936217069625854e-01,2.349936217069625854e-01,2.374272495508193970e-01,2.459222674369812012e-01,2.598849534988403320e-01,2.880290746688842773e-01,3.354193866252899170e-01,4.483669400215148926e-01,4.424877166748046875e-01,3.375886380672454834e-01,2.808107435703277588e-01,2.426351904869079590e-01,2.334352880716323853e-01,2.326129823923110962e-01,2.349547892808914185e-01,2.502986490726470947e-01,2.742350101470947266e-01,3.083475232124328613e-01,8.666666746139526367e-01,8.059896230697631836e-01
8.916822075843811035e-02,1.056701540946960449e-01,1.356373876333236694e-01,1.822316199541091919e-01,2.979857623577117920e-01,1.000000000000000000e+00,8.884022831916809082e-01,5.744715332984924316e-01,4.514809250831604004e-01,4.204365909099578857e-01,2.069559842348098755e-01,1.200191900134086609e-01,9.167144447565078735e-02,7.946287095546722412e-02,7.219181954860687256e-02,6.948826462030410767e-02,6.822396814823150635e-02,6.813885271549224854e-02,6.813885271549224854e-02,6.822396814823150635e-02,6.948826462030410767e-02,7.472008466720581055e-02,7.946287095546722412e-02,7.843370735645294189e-02,7.338778674602508545e-02,6.890114396810531616e-02,6.813885271549224854e-02,6.813885271549224854e-02,6.898532807826995850e-02,7.015323638916015625e-02,7.227216660976409912e-02,7.186952978372573853e-02,7.186952978372573853e-02,7.338778674602508545e-02,7.769024372100830078e-02,3.193177282810211182e-01,1.000000000000000000e+00
9.995374083518981934e-01,9.294937252998352051e-01,3.161550760269165039e-01,2.208468765020370483e-01,1.836306005716323853e-01,1.694915294647216797e-01,1.695254147052764893e-01,1.779741793870925903e-01,1.895427554845809937e-01,1.918176859617233276e-01,1.982543766498565674e-01,1.989631205797195435e-01,2.017589956521987915e-01,1.956140697002410889e-01,1.843799799680709839e-01,1.758796125650405884e-01,1.725986450910568237e-01,1.702525317668914795e-01,1.702525317668914795e-01,1.725986450910568237e-01,1.781677603721618652e-01,1.897396892309188843e-01,2.109471708536148071e-01,2.044042497873306274e-01,1.865485012531280518e-01,1.751758605241775513e-01,1.702018976211547852e-01,1.711109131574630737e-01,1.784899532794952393e-01,1.901329308748245239e-01,2.135593146085739136e-01,2.493887990713119507e-01,3.237953484058380127e-01,4.952228069305419922e-01,1.000000000000000000e+00,1.000000000000000000e+00,1.000000000000000000e+00
2.420514672994613647e-01,2.248266935348510742e-01,2.119839340448379517e-01,2.106950879096984863e-01,1.914220154285430908e-01,1.782830357551574707e-01,1.813665926456451416e-01,1.777000576257705688e-01,1.825960874557495117e-01,1.789184957742691040e-01,1.739562451839447021e-01,1.662938743829727173e-01,1.718369275331497192e-01,1.897717267274856567e-01,2.135688811540603638e-01,2.525286674499511719e-01,3.292659521102905273e-01,9.908527135848999023e-01,1.000000000000000000e+00,9.665197730064392090e-01,5.093917846679687500e-01,3.673611879348754883e-01,2.875900566577911377e-01,2.350923120975494385e-01,2.038903534412384033e-01,1.871737539768218994e-01,1.808294206857681274e-01,1.792986989021301270e-01,1.910659521818161011e-01,2.203690409660339355e-01,2.629090547561645508e-01,2.904621958732604980e-01,2.648506164550781250e-01,2.520016431808471680e-01,2.458003014326095581e-01,9.915162324905395508e-01,3.952557444572448730e-01
9.396922588348388672e-01,9.302764534950256348e-01,8.556386828422546387e-01,7.751241922378540039e-01,6.301770210266113281e-01,3.476513922214508057e-01,2.606330215930938721e-01,2.195091098546981812e-01,1.957334578037261963e-01,1.906887739896774292e-01,1.961747109889984131e-01,2.074693888425827026e-01,2.371687591075897217e-01,2.924399971961975098e-01,3.733160495758056641e-01,9.323021173477172852e-01,1.000000000000000000e+00,9.967483878135681152e-01,9.967483878135681152e-01,9.985998868942260742e-01,6.752293109893798828e-01,3.998506367206573486e-01,3.010488450527191162e-01,2.483082264661788940e-01,2.181080877780914307e-01,2.000235766172409058e-01,1.957334578037261963e-01,1.996695846319198608e-01,2.107024788856506348e-01,2.353722453117370605e-01,2.775745689868927002e-01,3.410775661468505859e-01,4.450994431972503662e-01,6.421989202499389648e-01,9.506366848945617676e-01,6.944444179534912109e-01,4.419093430042266846e-01
9.951426982879638672e-01,1.000000000000000000e+00,9.707537889480590820e-01,8.622891902923583984e-01,4.907219409942626953e-01,3.507262468338012695e-01,2.891472578048706055e-01,2.581267356872558594e-01,2.457267791032791138e-01,2.433391511440277100e-01,2.582426965236663818e-01,2.967783212661743164e-01,4.866065084934234619e-01,5.728235840797424316e-01,6.006187796592712402e-01,5.784757137298583984e-01,5.594965815544128418e-01,5.504326820373535156e-01,5.504326820373535156e-01,4.475348293781280518e-01,2.692728936672210693e-01,1.463489681482315063e-01,1.073192730545997620e-01,8.411973714828491211e-02,7.509292662143707275e-02,6.701639294624328613e-02,6.634284555912017822e-02,6.641802191734313965e-02,6.899759918451309204e-02,7.489330321550369263e-02,8.714994788169860840e-02,9.869603812694549561e-02,1.328736096620559692e-01,1.968097537755966187e-01,4.160177707672119141e-01,3.055555522441864014e-01,7.249949574470520020e-01
9.858529567718505859e-01,8.771347999572753906e-01,1.725497543811798096e-01,1.171376109123229980e-01,9.068951755762100220e-02,7.924903184175491333e-02,6.850177794694900513e-02,6.268231570720672607e-02,6.061847507953643799e-02,6.061847507953643799e-02,6.136945635080337524e-02,6.460160762071609497e-02,7.788871228694915771e-02,9.252293407917022705e-02,1.265364885330200195e-01,4.947763681411743164e-01,5.433133840560913086e-01,5.601118803024291992e-01,5.654385089874267578e-01,5.744397640228271484e-01,5.973039865493774414e-01,5.615366101264953613e-01,4.579373896121978760e-01,3.647867441177368164e-01,2.997151911258697510e-01,2.638828754425048828e-01,2.521260082721710205e-01,2.540364563465118408e-01,2.677884995937347412e-01,2.990862429141998291e-01,3.587088584899902344e-01,4.425069391727447510e-01,5.851663947105407715e-01,8.944749832153320312e-01,1.000000000000000000e+00,2.662369608879089355e-01,5.943772196769714355e-01
2.526800036430358887e-01,2.539094090461730957e-01,2.387594282627105713e-01,2.236492186784744263e-01,1.990870684385299683e-01,1.853417158126831055e-01,1.822176128625869751e-01,1.828041225671768188e-01,1.822443157434463501e-01,1.811732202768325806e-01,1.825644075870513916e-01,1.743856966495513916e-01,1.841565817594528198e-01,1.993069052696228027e-01,2.156073004007339478e-01,2.490921169519424438e-01,3.367044031620025635e-01,9.981737136840820312e-01,1.000000000000000000e+00,9.734708666801452637e-01,5.045987963676452637e-01,3.648888766765594482e-01,2.811884880065917969e-01,2.328790128231048584e-01,2.037016004323959351e-01,1.899059414863586426e-01,1.840772926807403564e-01,1.822443157434463501e-01,1.964298337697982788e-01,2.344823032617568970e-01,2.867571115493774414e-01,3.340203166007995605e-01,2.757368087768554688e-01,2.632981538772583008e-01,2.570139765739440918e-01,1.000000000000000000e+00,8.036918938159942627e-02
9.756086468696594238e-01,9.065675735473632812e-01,3.299114108085632324e-01,2.263255864381790161e-01,1.748821586370468140e-01,1.551202386617660522e-01,1.451153159141540527e-01,1.596902310848236084e-01,1.841942220926284790e-01,1.912062168121337891e-01,1.977702677249908447e-01,1.841942220926284790e-01,1.829454302787780762e-01,1.835924237966537476e-01,1.722635030746459961e-01,1.645418703556060791e-01,1.594673097133636475e-01,1.546609252691268921e-01,1.546609252691268921e-01,1.562626212835311890e-01,1.618536114692687988e-01,1.710431575775146484e-01,1.934870928525924683e-01,1.980299055576324463e-01,1.773062050342559814e-01,1.622925698757171631e-01,1.574469208717346191e-01,1.582731604576110840e-01,1.576726883649826050e-01,1.630215495824813843e-01,1.849009841680526733e-01,2.278051376342773438e-01,3.030482828617095947e-01,4.669632017612457275e-01,1.000000000000000000e+00,9.333333373069763184e-01,1.000000000000000000e+00
9.829615354537963867e-01,9.855818748474121094e-01,8.853901028633117676e-01,7.927573919296264648e-01,5.668654441833496094e-01,3.184443414211273193e-01,2.566352784633636475e-01,2.159523218870162964e-01,2.042915821075439453e-01,1.990599185228347778e-01,2.032560259103775024e-01,2.208902388811111450e-01,2.518396675586700439e-01,3.020057976245880127e-01,3.844882249832153320e-01,9.097363352775573730e-01,9.800829887390136719e-01,9.698986411094665527e-01,9.648087024688720703e-01,9.763678908348083496e-01,5.565974116325378418e-01,3.736954629421234131e-01,3.020057976245880127e-01,2.518396675586700439e-01,2.208902388811111450e-01,2.082698196172714233e-01,2.033713459968566895e-01,2.042915821075439453e-01,2.159523218870162964e-01,2.391857951879501343e-01,2.808461487293243408e-01,3.360692858695983887e-01,4.526073932647705078e-01,6.785440444946289062e-01,1.000000000000000000e+00,7.166666388511657715e-01,4.696691036224365234e-01
9.994269609451293945e-01,1.000000000000000000e+00,9.686649441719055176e-01,8.511237502098083496e-01,4.565608203411102295e-01,3.467805385589599609e-01,2.895564138889312744e-01,2.587418258190155029e-01,2.437994927167892456e-01,2.415241301059722900e-01,2.532145380973815918e-01,2.891509234905242920e-01,4.799809157848358154e-01,5.269073247909545898e-01,5.474641919136047363e-01,5.298854112625122070e-01,5.064427256584167480e-01,4.983512163162231445e-01,5.020628571510314941e-01,4.163309931755065918e-01,1.629664897918701172e-01,1.092707291245460510e-01,8.932226151227951050e-02,7.522942125797271729e-02,6.697881966829299927e-02,5.990767478942871094e-02,5.944506078958511353e-02,5.944506078958511353e-02,6.127456575632095337e-02,6.646160036325454712e-02,7.659320533275604248e-02,9.752263128757476807e-02,1.281110942363739014e-01,1.891895085573196411e-01,4.067889750003814697e-01,2.811270654201507568e-01,7.320315241813659668e-01
8.193994760513305664e-01,7.198036909103393555e-01,3.706000149250030518e-01,2.814949452877044678e-01,2.398254871368408203e-01,2.113128155469894409e-01,1.944843232631683350e-01,1.895016431808471680e-01,1.908173710107803345e-01,2.008136957883834839e-01,2.171522378921508789e-01,2.353655248880386353e-01,2.301809042692184448e-01,2.076595276594161987e-01,1.989730149507522583e-01,1.990469694137573242e-01,1.989730149507522583e-01,2.010334432125091553e-01,2.061658054590225220e-01,2.079428285360336304e-01,2.198465317487716675e-01,2.622222006320953369e-01,3.040170073509216309e-01,2.669503092765808105e-01,2.426319867372512817e-01,2.171522378921508789e-01,2.061658054590225220e-01,2.073048502206802368e-01,2.178964912891387939e-01,2.484461516141891479e-01,2.916634380817413330e-01,3.689681887626647949e-01,5.435172915458679199e-01,8.153481483459472656e-01,1.000000000000000000e+00,1.000000000000000000e+00,1.000000000000000000e+00
2.965131103992462158e-01,2.575454115867614746e-01,2.222940027713775635e-01,2.210078239440917969e-01,2.108866125345230103e-01,2.094396948814392090e-01,2.086213827133178711e-01,2.123236805200576782e-01,2.140176594257354736e-01,2.110667824745178223e-01,2.086213827133178711e-01,2.178900092840194702e-01,2.379847913980484009e-01,2.882578670978546143e-01,3.764384984970092773e-01,8.472334146499633789e-01,9.443420767784118652e-01,9.589807987213134766e-01,1.000000000000000000e+00,7.222911119461059570e-01,4.533925950527191162e-01,3.627077937126159668e-01,3.056659102439880371e-01,2.552475035190582275e-01,2.178900092840194702e-01,2.033623456954956055e-01,2.057778686285018921e-01,2.227210849523544312e-01,2.417877316474914551e-01,2.496766895055770874e-01,2.534541785717010498e-01,2.326543033123016357e-01,2.371848523616790771e-01,4.172883331775665283e-01,3.589152097702026367e-01,9.326502084732055664e-01,5.504921078681945801e-01
1.000000000000000000e+00,8.624910116195678711e-01,7.890894412994384766e-01,7.427464723587036133e-01,6.646613478660583496e-01,5.025532245635986328e-01,4.194909930229187012e-01,3.868133425712585449e-01,3.668889701366424561e-01,3.800484836101531982e-01,3.988036811351776123e-01,4.618555903434753418e-01,5.819233655929565430e-01,7.976073622703552246e-01,8.424326777458190918e-01,8.256138563156127930e-01,8.136212229728698730e-01,8.205966353416442871e-01,8.681312799453735352e-01,4.789778590202331543e-01,3.179499208927154541e-01,2.247486263513565063e-01,1.811981350183486938e-01,1.558856666088104248e-01,1.442883014678955078e-01,1.414213627576828003e-01,1.406954973936080933e-01,1.487146317958831787e-01,1.623210459947586060e-01,1.773910224437713623e-01,2.168656587600708008e-01,2.761262953281402588e-01,3.474922478199005127e-01,6.584706902503967285e-01,7.538298368453979492e-01,4.423188567161560059e-01,7.825741171836853027e-01
4.384260475635528564e-01,1.000000000000000000e+00,9.512334465980529785e-01,8.055942654609680176e-01,5.673356652259826660e-01,5.217195153236389160e-01,4.285164773464202881e-01,2.936954796314239502e-01,2.541509866714477539e-01,2.486054003238677979e-01,2.471793293952941895e-01,2.499166131019592285e-01,2.749757170677185059e-01,2.747087478637695312e-01,2.482832372188568115e-01,2.333543598651885986e-01,2.257708907127380371e-01,2.228268980979919434e-01,2.228268980979919434e-01,2.257708907127380371e-01,2.333543598651885986e-01,2.433995753526687622e-01,2.696111202239990234e-01,3.204143345355987549e-01,4.228127002716064453e-01,4.359850585460662842e-01,3.214949965476989746e-01,2.721963822841644287e-01,2.466931343078613281e-01,2.431528121232986450e-01,2.505297064781188965e-01,2.666508853435516357e-01,2.923980951309204102e-01,3.141921162605285645e-01,3.404586017131805420e-01,1.000000000000000000e+00,8.891370296478271484e-01
2.054834812879562378e-01,1.980919390916824341e-01,1.773224771022796631e-01,1.728904396295547485e-01,1.643690764904022217e-01,1.631844192743301392e-01,1.642583757638931274e-01,1.604114025831222534e-01,1.632215678691864014e-01,1.636667251586914062e-01,1.680894643068313599e-01,1.790916621685028076e-01,1.957829147577285767e-01,2.247346490621566772e-01,2.765063345432281494e-01,5.225263237953186035e-01,5.854462385177612305e-01,8.071209788322448730e-01,9.486168026924133301e-01,9.649912118911743164e-01,1.000000000000000000e+00,2.997990548610687256e-01,2.171887606382369995e-01,1.860001981258392334e-01,1.666403859853744507e-01,1.597675532102584839e-01,1.605247557163238525e-01,1.719057112932205200e-01,1.927870064973831177e-01,2.443799972534179688e-01,2.954804599285125732e-01,2.842693328857421875e-01,2.392652034759521484e-01,2.213365882635116577e-01,2.096604704856872559e-01,6.857143044471740723e-01,4.053601622581481934e-01
6.873565316200256348e-01,6.140935420989990234e-01,5.407004952430725098e-01,3.831784427165985107e-01,2.454379051923751831e-01,2.020486146211624146e-01,1.769877821207046509e-01,1.676858067512512207e-01,1.710369139909744263e-01,1.785560697317123413e-01,2.110629230737686157e-01,2.394832670688629150e-01,2.669310569763183594e-01,2.846226096153259277e-01,3.061293065547943115e-01,3.223524391651153564e-01,3.896717131137847900e-01,5.781487822532653809e-01,7.730577588081359863e-01,7.859335541725158691e-01,8.156750798225402832e-01,8.662782907485961914e-01,9.585669040679931641e-01,1.000000000000000000e+00,4.811650812625885010e-01,3.139017820358276367e-01,2.677876353263854980e-01,2.522007524967193604e-01,2.527922689914703369e-01,2.710766494274139404e-01,3.124073743820190430e-01,3.838793933391571045e-01,7.106463909149169922e-01,7.749873399734497070e-01,7.190178036689758301e-01,5.857142806053161621e-01,6.312662959098815918e-01
9.119814634323120117e-02,1.056435331702232361e-01,1.227611675858497620e-01,2.016819417476654053e-01,5.775390267372131348e-01,1.000000000000000000e+00,9.100151062011718750e-01,7.051084041595458984e-01,6.260978579521179199e-01,5.786703228950500488e-01,2.171277552843093872e-01,1.328293234109878540e-01,9.613128751516342163e-02,8.680525422096252441e-02,7.989714294672012329e-02,7.690502703189849854e-02,7.550579309463500977e-02,7.541158795356750488e-02,7.541158795356750488e-02,7.550579309463500977e-02,7.690502703189849854e-02,8.473323285579681396e-02,9.312643855810165405e-02,1.014559119939804077e-01,1.079729571938514709e-01,9.546343982219696045e-02,8.705057948827743530e-02,7.512825727462768555e-02,7.427179813385009766e-02,7.203681766986846924e-02,7.013683021068572998e-02,7.013683021068572998e-02,7.114315032958984375e-02,7.427179813385009766e-02,7.873200625181198120e-02,2.867624163627624512e-01,1.000000000000000000e+00
0.000000000000000000e+00,0.000000000000000000e+00,0.000000000000000000e+00,0.000000000000000000e+00,0.000000000000000000e+00,0.000000000000000000e+00,0.000000000000000000e+00,0.000000000000000000e+00,0.000000000000000000e+00,0.000000000000000000e+00,0.000000000000000000e+00,0.000000000000000000e+00,0.000000000000000000e+00,0.000000000000000000e+00,0.000000000000000000e+00,0.000000000000000000e+00,0.000000000000000000e+00,0.000000000000000000e+00,0.000000000000000000e+00,0.000000000000000000e+00,0.000000000000000000e+00,0.000000000000000000e+00,0.000000000000000000e+00,0.000000000000000000e+00,0.000000000000000000e+00,0.000000000000000000e+00,0.000000000000000000e+00,0.000000000000000000e+00,0.000000000000000000e+00,0.000000000000000000e+00,0.000000000000000000e+00,0.000000000000000000e+00,0.000000000000000000e+00,0.000000000000000000e+00,0.000000000000000000e+00,1.000000000000000000e+00,1.000000000000000000e+00
7.504624128341674805e-01,9.424915909767150879e-01,1.000000000000000000e+00,8.805148005485534668e-01,6.582014560699462891e-01,4.670281410217285156e-01,3.949042260646820068e-01,3.204767704010009766e-01,2.513838112354278564e-01,2.203562110662460327e-01,2.225839644670486450e-01,2.351589500904083252e-01,2.423909902572631836e-01,2.635989785194396973e-01,3.024581968784332275e-01,3.561458885669708252e-01,4.370118677616119385e-01,5.544521212577819824e-01,5.710011124610900879e-01,5.787253975868225098e-01,6.002082824707031250e-01,6.394764780998229980e-01,7.104712128639221191e-01,8.441111445426940918e-01,4.990328550338745117e-01,3.499151170253753662e-01,2.757203578948974609e-01,2.379399240016937256e-01,2.236895263195037842e-01,2.223067134618759155e-01,2.267020046710968018e-01,2.373343706130981445e-01,2.497428953647613525e-01,3.002068698406219482e-01,3.911381661891937256e-01,7.002515792846679688e-01,7.438422441482543945e-01
2.575730681419372559e-01,2.631519138813018799e-01,2.888659834861755371e-01,2.738828361034393311e-01,2.401090115308761597e-01,2.200399339199066162e-01,1.927475780248641968e-01,1.736680865287780762e-01,1.658775210380554199e-01,1.610370278358459473e-01,1.639440655708312988e-01,1.717535704374313354e-01,1.769019067287445068e-01,1.925636827945709229e-01,2.359415143728256226e-01,3.267335891723632812e-01,3.948774635791778564e-01,4.642383456230163574e-01,7.540475130081176758e-01,8.997979164123535156e-01,9.359886050224304199e-01,1.000000000000000000e+00,3.136404454708099365e-01,2.284655421972274780e-01,1.934814006090164185e-01,1.687011718750000000e-01,1.652355492115020752e-01,1.687011718750000000e-01,1.717535704374313354e-01,1.742112189531326294e-01,1.855681091547012329e-01,1.905291825532913208e-01,2.130042463541030884e-01,2.458920925855636597e-01,2.573437094688415527e-01,6.651812791824340820e-01,5.045611858367919922e-01
5.529422163963317871e-01,6.080974936485290527e-01,7.885971069335937500e-01,1.000000000000000000e+00,8.574847579002380371e-01,8.314558267593383789e-01,3.635948896408081055e-01,3.183286488056182861e-01,2.951762676239013672e-01,2.850560247898101807e-01,2.938290238380432129e-01,3.148193955421447754e-01,3.563200533390045166e-01,4.290661513805389404e-01,4.821854233741760254e-01,4.087015688419342041e-01,3.679338693618774414e-01,3.385040462017059326e-01,3.138095438480377197e-01,2.875505089759826660e-01,2.795750200748443604e-01,2.719494700431823730e-01,2.726779878139495850e-01,2.835208475589752197e-01,3.286316096782684326e-01,3.092244267463684082e-01,2.850560247898101807e-01,2.709262669086456299e-01,2.704865932464599609e-01,2.872743904590606689e-01,3.092244267463684082e-01,3.563200533390045166e-01,4.144853651523590088e-01,4.901829361915588379e-01,5.171245932579040527e-01,1.000000000000000000e+00,1.000000000000000000e+00
6.078975796699523926e-01,6.262812614440917969e-01,4.016980528831481934e-01,2.682549357414245605e-01,2.485991865396499634e-01,2.408150136470794678e-01,2.408150136470794678e-01,2.761853635311126709e-01,2.957252860069274902e-01,2.798395752906799316e-01,2.679391801357269287e-01,2.322244793176651001e-01,2.278077602386474609e-01,2.227342873811721802e-01,2.246267199516296387e-01,2.386963665485382080e-01,2.591044604778289795e-01,2.889194190502166748e-01,4.600534439086914062e-01,1.000000000000000000e+00,9.671194553375244141e-01,9.392754435539245605e-01,9.606198072433471680e-01,7.457975745201110840e-01,6.008234620094299316e-01,5.110529065132141113e-01,2.945779263973236084e-01,2.415170967578887939e-01,2.305781245231628418e-01,2.272496372461318970e-01,2.278077602386474609e-01,2.399345189332962036e-01,2.430893778800964355e-01,2.682549357414245605e-01,3.013964593410491943e-01,7.997775077819824219e-01,3.848617374897003174e-01
5.083645582199096680e-01,6.169080138206481934e-01,7.766548395156860352e-01,1.000000000000000000e+00,8.132315278053283691e-01,8.352037072181701660e-01,3.342821896076202393e-01,2.667678296566009521e-01,2.544130682945251465e-01,2.538852393627166748e-01,2.585968971252441406e-01,2.785751819610595703e-01,3.161323070526123047e-01,3.652524352073669434e-01,3.775332570075988770e-01,3.397552371025085449e-01,3.138966262340545654e-01,2.867615818977355957e-01,2.803751826286315918e-01,2.722431123256683350e-01,2.602773904800415039e-01,2.430880963802337646e-01,2.430880963802337646e-01,2.490844428539276123e-01,2.885105013847351074e-01,3.180361092090606689e-01,2.620750665664672852e-01,2.565135061740875244e-01,2.490844428539276123e-01,2.570359408855438232e-01,2.666420638561248779e-01,3.031349480152130127e-01,3.589545190334320068e-01,4.170393049716949463e-01,4.658863544464111328e-01,1.000000000000000000e+00,1.000000000000000000e+00
4.661052823066711426e-01,6.575977802276611328e-01,5.134975910186767578e-01,3.273907601833343506e-01,2.773000895977020264e-01,2.685471177101135254e-01,2.688825726509094238e-01,3.144696950912475586e-01,4.306184649467468262e-01,4.028206765651702881e-01,3.191646039485931396e-01,2.792437970638275146e-01,2.619194984436035156e-01,2.565292716026306152e-01,2.582803368568420410e-01,2.680431008338928223e-01,2.702203094959259033e-01,3.075128197669982910e-01,3.419365286827087402e-01,1.000000000000000000e+00,9.908078312873840332e-01,9.656966924667358398e-01,9.779872298240661621e-01,7.695878148078918457e-01,6.072075366973876953e-01,4.789822101593017578e-01,3.419365286827087402e-01,2.973788082599639893e-01,2.803714275360107422e-01,2.688825726509094238e-01,2.685471177101135254e-01,2.698864936828613281e-01,2.849954366683959961e-01,3.067790865898132324e-01,3.408803343772888184e-01,9.138259291648864746e-01,3.008719682693481445e-01
5.745469331741333008e-01,6.887577176094055176e-01,8.913531899452209473e-01,1.000000000000000000e+00,9.100527763366699219e-01,9.825275540351867676e-01,3.614313304424285889e-01,2.979946732521057129e-01,2.838683426380157471e-01,2.741358280181884766e-01,2.806181013584136963e-01,3.027589619159698486e-01,3.306807577610015869e-01,3.820614218711853027e-01,3.949074149131774902e-01,3.553908467292785645e-01,3.198506236076354980e-01,3.084028065204620361e-01,3.003251850605010986e-01,2.953974306583404541e-01,2.913952767848968506e-01,2.709042429924011230e-01,2.668097317218780518e-01,2.726594209671020508e-01,3.207671046257019043e-01,3.512365221977233887e-01,2.742696404457092285e-01,2.555705606937408447e-01,2.519555091857910156e-01,2.615313529968261719e-01,2.726594209671020508e-01,2.983638644218444824e-01,3.336634337902069092e-01,4.253282845020294189e-01,5.141474008560180664e-01,1.000000000000000000e+00,1.000000000000000000e+00
6.124348044395446777e-01,5.777692198753356934e-01,3.457964360713958740e-01,2.623769938945770264e-01,2.417653650045394897e-01,2.411324679851531982e-01,2.417653650045394897e-01,2.971955239772796631e-01,4.029422700405120850e-01,3.350227177143096924e-01,2.824318110942840576e-01,2.500000000000000000e-01,2.351974695920944214e-01,2.411324679851531982e-01,2.385841012001037598e-01,2.423966079950332642e-01,2.654170393943786621e-01,2.831073105335235596e-01,3.496417999267578125e-01,9.926764369010925293e-01,9.840568900108337402e-01,9.714758396148681641e-01,1.000000000000000000e+00,6.771348714828491211e-01,5.316970348358154297e-01,3.944139182567596436e-01,3.060614168643951416e-01,2.692752778530120850e-01,2.428689599037170410e-01,2.417653650045394897e-01,2.411324679851531982e-01,2.484671771526336670e-01,2.581199705600738525e-01,2.824318110942840576e-01,3.651413917541503906e-01,8.715041875839233398e-01,3.001866638660430908e-01
4.374873340129852295e-01,4.744137227535247803e-01,5.508240461349487305e-01,1.000000000000000000e+00,7.297289371490478516e-01,7.092664837837219238e-01,3.132647275924682617e-01,2.520248889923095703e-01,2.407193034887313843e-01,2.331621497869491577e-01,2.297236174345016479e-01,2.398913800716400146e-01,2.722332179546356201e-01,3.297410607337951660e-01,3.816872537136077881e-01,3.458641171455383301e-01,3.061988949775695801e-01,2.891557514667510986e-01,2.713181376457214355e-01,2.548704743385314941e-01,2.334819138050079346e-01,2.288559228181838989e-01,2.288559228181838989e-01,2.344385832548141479e-01,2.699397206306457520e-01,2.738726437091827393e-01,2.328419387340545654e-01,2.189709395170211792e-01,2.230221331119537354e-01,2.250203788280487061e-01,2.395801693201065063e-01,2.567177414894104004e-01,3.028505742549896240e-01,3.591279685497283936e-01,4.094142019748687744e-01,1.000000000000000000e+00,1.000000000000000000e+00
3.325966596603393555e-01,6.659772992134094238e-01,6.148336529731750488e-01,3.968649804592132568e-01,2.799098491668701172e-01,2.598311901092529297e-01,2.510314285755157471e-01,2.645766437053680420e-01,3.512612283229827881e-01,3.167730867862701416e-01,2.862899601459503174e-01,2.385703027248382568e-01,2.284283190965652466e-01,2.212881594896316528e-01,2.167061269283294678e-01,2.203793823719024658e-01,2.351813465356826782e-01,2.636648416519165039e-01,3.047613799571990967e-01,1.000000000000000000e+00,9.803397655487060547e-01,9.512901902198791504e-01,9.479510784149169922e-01,8.214140534400939941e-01,6.171793341636657715e-01,5.171847939491271973e-01,3.584998250007629395e-01,2.609102725982666016e-01,2.289548516273498535e-01,2.225542217493057251e-01,2.225542217493057251e-01,2.225542217493057251e-01,2.289548516273498535e-01,2.579707801342010498e-01,2.847435772418975830e-01,7.845875024795532227e-01,4.805749356746673584e-01
6.454541683197021484e-01,1.000000000000000000e+00,8.391897678375244141e-01,8.126778602600097656e-01,4.196544289588928223e-01,3.179934620857238770e-01,2.744508981704711914e-01,2.581816911697387695e-01,2.471002340316772461e-01,2.530970573425292969e-01,2.674393355846405029e-01,2.959532439708709717e-01,3.265768587589263916e-01,3.011996746063232422e-01,2.744508981704711914e-01,2.613890171051025391e-01,2.542794644832611084e-01,2.530970573425292969e-01,2.530970573425292969e-01,2.542794644832611084e-01,2.693021893501281738e-01,2.851709723472595215e-01,3.124958276748657227e-01,4.131713509559631348e-01,3.432942628860473633e-01,2.834124565124511719e-01,2.612614929676055908e-01,2.483111917972564697e-01,2.504495382308959961e-01,2.562380135059356689e-01,2.949379682540893555e-01,3.430028855800628662e-01,4.601142406463623047e-01,5.318793058395385742e-01,5.557206869125366211e-01,1.000000000000000000e+00,1.000000000000000000e+00
3.448749184608459473e-01,2.830019295215606689e-01,2.336948364973068237e-01,2.143753468990325928e-01,2.097288817167282104e-01,2.097288817167282104e-01,2.375775724649429321e-01,2.852312922477722168e-01,2.696301043033599854e-01,2.468750476837158203e-01,2.181180417537689209e-01,1.979911774396896362e-01,1.965641975402832031e-01,2.016889750957489014e-01,2.048053890466690063e-01,2.402288466691970825e-01,2.973124384880065918e-01,8.514476418495178223e-01,8.731172680854797363e-01,8.854434490203857422e-01,9.285093545913696289e-01,1.000000000000000000e+00,6.069251298904418945e-01,4.900301098823547363e-01,4.314506053924560547e-01,2.912136614322662354e-01,2.182793170213699341e-01,1.994079500436782837e-01,1.963851004838943481e-01,1.979911774396896362e-01,2.020376175642013550e-01,2.148672193288803101e-01,2.518144547939300537e-01,5.514553785324096680e-01,4.458897411823272705e-01,7.929626703262329102e-01,1.527044177055358887e-01
2.955460548400878906e-01,3.175451755523681641e-01,3.912990689277648926e-01,4.613515138626098633e-01,4.035806357860565186e-01,3.614358007907867432e-01,3.247448503971099854e-01,3.051684796810150146e-01,2.955460548400878906e-01,2.853746116161346436e-01,2.869457006454467773e-01,2.946754992008209229e-01,3.333333432674407959e-01,4.170422255992889404e-01,5.502378940582275391e-01,1.000000000000000000e+00,9.539829492568969727e-01,9.299829602241516113e-01,9.413091540336608887e-01,5.994002819061279297e-01,4.005455374717712402e-01,3.175451755523681641e-01,2.885082364082336426e-01,2.815226018428802490e-01,2.799210846424102783e-01,2.842470705509185791e-01,3.093490898609161377e-01,3.755535483360290527e-01,5.474293231964111328e-01,3.934270441532135010e-01,3.310131132602691650e-01,2.889530956745147705e-01,2.724799811840057373e-01,2.693983316421508789e-01,2.693983316421508789e-01,1.000000000000000000e+00,2.332649081945419312e-01
1.000000000000000000e+00,9.376905560493469238e-01,5.086296200752258301e-01,3.746039271354675293e-01,3.004775941371917725e-01,2.698509693145751953e-01,2.429217547178268433e-01,2.372687757015228271e-01,2.345170080661773682e-01,2.508100867271423340e-01,3.089979887008666992e-01,3.558616936206817627e-01,3.650298416614532471e-01,3.074663877487182617e-01,2.824585735797882080e-01,2.687553465366363525e-01,2.508100867271423340e-01,2.498671859502792358e-01,2.498671859502792358e-01,2.508100867271423340e-01,2.557032704353332520e-01,2.683158516883850098e-01,3.074663877487182617e-01,3.457690477371215820e-01,3.452566862106323242e-01,2.750492095947265625e-01,2.501032352447509766e-01,2.477325499057769775e-01,2.477325499057769775e-01,2.722458243370056152e-01,3.311229348182678223e-01,4.173732101917266846e-01,9.602632522583007812e-01,9.169451594352722168e-01,9.037211537361145020e-01,9.021582007408142090e-01,1.000000000000000000e+00
8.985965847969055176e-01,9.028397798538208008e-01,1.000000000000000000e+00,4.345436990261077881e-01,3.392310440540313721e-01,2.922777533531188965e-01,2.672051191329956055e-01,2.493165731430053711e-01,2.445542961359024048e-01,2.566216588020324707e-01,2.714157700538635254e-01,3.034174740314483643e-01,3.409599363803863525e-01,3.050739765167236328e-01,2.791960537433624268e-01,2.645195722579956055e-01,2.580904364585876465e-01,2.474566102027893066e-01,2.474566102027893066e-01,2.489794343709945679e-01,2.645195722579956055e-01,2.876427471637725830e-01,2.951377034187316895e-01,3.046607077121734619e-01,3.228651583194732666e-01,2.714157700538635254e-01,2.476262748241424561e-01,2.379387915134429932e-01,2.405719012022018433e-01,2.501574456691741943e-01,2.793464362621307373e-01,3.392310440540313721e-01,4.469317793846130371e-01,5.419798493385314941e-01,9.675976634025573730e-01,1.000000000000000000e+00,1.000000000000000000e+00
2.582880556583404541e-01,2.584790289402008057e-01,2.711496949195861816e-01,2.921722829341888428e-01,3.734238445758819580e-01,3.869222998619079590e-01,3.339413404464721680e-01,2.921722829341888428e-01,2.590510845184326172e-01,2.402751743793487549e-01,2.361321896314620972e-01,2.355044633150100708e-01,2.425236552953720093e-01,2.528823316097259521e-01,3.141455948352813721e-01,4.357461035251617432e-01,9.903312325477600098e-01,9.842838644981384277e-01,9.743579030036926270e-01,1.000000000000000000e+00,9.629471898078918457e-01,5.181021690368652344e-01,4.076636731624603271e-01,3.060300648212432861e-01,2.622692584991455078e-01,2.515127360820770264e-01,2.483538985252380371e-01,2.590510845184326172e-01,2.921722829341888428e-01,4.191225171089172363e-01,4.935186207294464111e-01,3.821746110916137695e-01,3.141455948352813721e-01,2.825564444065093994e-01,2.684061229228973389e-01,9.285714030265808105e-01,3.403485119342803955e-01
2.999713420867919922e-01,3.104292452335357666e-01,3.716242611408233643e-01,4.979703426361083984e-01,4.499229192733764648e-01,3.846106529235839844e-01,3.477329909801483154e-01,3.190105557441711426e-01,3.110218644142150879e-01,2.899833619594573975e-01,2.839948534965515137e-01,2.880720794200897217e-01,3.104292452335357666e-01,3.369757533073425293e-01,4.087491333484649658e-01,5.804956555366516113e-01,1.000000000000000000e+00,9.866529107093811035e-01,9.649517536163330078e-01,9.890760779380798340e-01,6.153970360755920410e-01,4.394324719905853271e-01,3.369757533073425293e-01,2.859334051609039307e-01,2.776563465595245361e-01,2.778773307800292969e-01,2.914612591266632080e-01,3.110218644142150879e-01,5.291641950607299805e-01,4.795089066028594971e-01,4.326759278774261475e-01,3.617482185363769531e-01,3.153336346149444580e-01,2.914612591266632080e-01,2.914612591266632080e-01,1.000000000000000000e+00,2.626128792762756348e-01
9.039849638938903809e-01,1.000000000000000000e+00,8.860231637954711914e-01,4.723387360572814941e-01,3.535533845424652100e-01,2.950889468193054199e-01,2.681960165500640869e-01,2.472019791603088379e-01,2.488638609647750854e-01,2.537842094898223877e-01,2.687717378139495850e-01,2.999381721019744873e-01,3.410920202732086182e-01,3.153466880321502686e-01,2.865852117538452148e-01,2.708722949028015137e-01,2.545950412750244141e-01,2.537842094898223877e-01,2.455288618803024292e-01,2.455288618803024292e-01,2.488638609647750854e-01,2.733339667320251465e-01,3.013093173503875732e-01,3.230943381786346436e-01,3.226155340671539307e-01,2.787470519542694092e-01,2.444773316383361816e-01,2.343625426292419434e-01,2.343625426292419434e-01,2.455288618803024292e-01,2.807729840278625488e-01,3.392744660377502441e-01,4.269613027572631836e-01,9.733145833015441895e-01,9.282814860343933105e-01,9.238437414169311523e-01,1.000000000000000000e+00
3.262559771537780762e-01,3.593431711196899414e-01,4.362746477127075195e-01,5.390770435333251953e-01,4.451076388359069824e-01,3.935725092887878418e-01,3.536957204341888428e-01,3.377779722213745117e-01,3.252258002758026123e-01,3.130280673503875732e-01,3.119542300701141357e-01,3.270777761936187744e-01,3.569069206714630127e-01,4.015072286128997803e-01,4.852177202701568604e-01,6.800118684768676758e-01,1.000000000000000000e+00,9.738183617591857910e-01,9.622400999069213867e-01,9.866219162940979004e-01,6.435013413429260254e-01,4.434459209442138672e-01,3.359849750995635986e-01,2.989915907382965088e-01,2.953782677650451660e-01,2.969644963741302490e-01,3.181321322917938232e-01,3.483421802520751953e-01,5.336967706680297852e-01,4.613956212997436523e-01,3.962915241718292236e-01,3.367830514907836914e-01,3.119542300701141357e-01,3.067473769187927246e-01,3.067473769187927246e-01,1.000000000000000000e+00,2.913331687450408936e-01
8.582698106765747070e-01,1.000000000000000000e+00,8.199414610862731934e-01,5.493248105049133301e-01,3.607856333255767822e-01,2.833461463451385498e-01,2.442692369222640991e-01,2.343434691429138184e-01,2.275554239749908447e-01,2.339376807212829590e-01,2.467845529317855835e-01,2.751807868480682373e-01,3.138906061649322510e-01,2.893189787864685059e-01,2.534324824810028076e-01,2.411374449729919434e-01,2.347485572099685669e-01,2.339376807212829590e-01,2.250362932682037354e-01,2.250362932682037354e-01,2.294266372919082642e-01,2.407431155443191528e-01,2.758704721927642822e-01,3.032680153846740723e-01,3.009091615676879883e-01,2.467845529317855835e-01,2.250362932682037354e-01,2.222750037908554077e-01,2.222750037908554077e-01,2.442692369222640991e-01,2.695998549461364746e-01,3.257733285427093506e-01,4.099707305431365967e-01,8.723790049552917480e-01,8.342433571815490723e-01,8.745793104171752930e-01,1.000000000000000000e+00
3.306798338890075684e-01,3.524791896343231201e-01,4.054237902164459229e-01,5.567615628242492676e-01,4.768496155738830566e-01,4.155021309852600098e-01,3.685438930988311768e-01,3.453656733036041260e-01,3.179238438606262207e-01,3.073380887508392334e-01,3.048604130744934082e-01,3.053123950958251953e-01,3.290075957775115967e-01,3.571428656578063965e-01,4.233921170234680176e-01,5.782650709152221680e-01,1.000000000000000000e+00,9.752876162528991699e-01,9.557934403419494629e-01,9.652683138847351074e-01,9.376597404479980469e-01,4.917970299720764160e-01,3.737453818321228027e-01,3.126757740974426270e-01,2.945075333118438721e-01,2.935696244239807129e-01,3.073380887508392334e-01,3.296356797218322754e-01,4.344830513000488281e-01,5.172160267829895020e-01,4.676519036293029785e-01,4.096532464027404785e-01,3.602184057235717773e-01,3.339991569519042969e-01,3.306798338890075684e-01,1.000000000000000000e+00,3.380389213562011719e-01
9.194312095642089844e-01,1.000000000000000000e+00,9.974822402000427246e-01,7.076319456100463867e-01,3.957136869430541992e-01,3.107771873474121094e-01,2.824544906616210938e-01,2.672765254974365234e-01,2.585822641849517822e-01,2.672765254974365234e-01,2.830608487129211426e-01,3.256827592849731445e-01,3.891604840755462646e-01,3.321118950843811035e-01,2.878656089305877686e-01,2.748663127422332764e-01,2.681304216384887695e-01,2.565854489803314209e-01,2.516376674175262451e-01,2.516376674175262451e-01,2.516376674175262451e-01,2.640497088432312012e-01,3.025777935981750488e-01,3.251559138298034668e-01,3.300405144691467285e-01,2.830608487129211426e-01,2.568081021308898926e-01,2.468222975730895996e-01,2.468222975730895996e-01,2.534480392932891846e-01,2.806276082992553711e-01,3.339994251728057861e-01,4.164027571678161621e-01,9.801434874534606934e-01,9.457208514213562012e-01,8.928571343421936035e-01,1.000000000000000000e+00
5.520398616790771484e-01,6.248417496681213379e-01,1.000000000000000000e+00,8.578046560287475586e-01,8.040798902511596680e-01,4.336819946765899658e-01,3.259387910366058350e-01,2.963561415672302246e-01,2.814889252185821533e-01,2.802600264549255371e-01,2.868871092796325684e-01,3.095226287841796875e-01,3.503250181674957275e-01,4.218471944332122803e-01,4.349183142185211182e-01,3.825607001781463623e-01,3.356773853302001953e-01,2.979050278663635254e-01,2.750107347965240479e-01,2.634725868701934814e-01,2.587726116180419922e-01,2.587726116180419922e-01,2.720663547515869141e-01,2.911335825920104980e-01,3.279330432415008545e-01,3.229837119579315186e-01,2.891508042812347412e-01,2.719253301620483398e-01,2.769562602043151855e-01,2.944085299968719482e-01,3.159001469612121582e-01,3.556489348411560059e-01,4.152497053146362305e-01,5.068374872207641602e-01,5.400291681289672852e-01,1.000000000000000000e+00,1.000000000000000000e+00
4.382365345954895020e-01,3.613503575325012207e-01,3.006616532802581787e-01,2.505514025688171387e-01,2.311374843120574951e-01,2.240999788045883179e-01,2.240999788045883179e-01,2.377849668264389038e-01,3.925887048244476318e-01,3.289901018142700195e-01,2.834665477275848389e-01,2.271699756383895874e-01,2.252561300992965698e-01,2.170337438583374023e-01,2.170337438583374023e-01,2.205951511859893799e-01,2.531300187110900879e-01,2.921906113624572754e-01,1.000000000000000000e+00,9.729655981063842773e-01,9.313616156578063965e-01,9.365533590316772461e-01,9.714961051940917969e-01,7.208412289619445801e-01,5.660159587860107422e-01,4.875273406505584717e-01,2.886126339435577393e-01,2.326311171054840088e-01,2.205951511859893799e-01,2.196116596460342407e-01,2.240999788045883179e-01,2.311374843120574951e-01,2.505514025688171387e-01,2.712921798229217529e-01,5.787981748580932617e-01,7.820793390274047852e-01,6.044235229492187500e-01
1.000000000000000000e+00,9.256961941719055176e-01,8.685296177864074707e-01,9.267208576202392578e-01,3.964545726776123047e-01,3.207206428050994873e-01,2.872173190116882324e-01,2.650079727172851562e-01,2.568949759006500244e-01,2.563260197639465332e-01,2.614022493362426758e-01,2.906284332275390625e-01,3.298105597496032715e-01,3.152103722095489502e-01,2.872173190116882324e-01,2.652833163738250732e-01,2.614022493362426758e-01,2.563260197639465332e-01,2.563260197639465332e-01,2.652833163738250732e-01,2.602827548980712891e-01,2.598617076873779297e-01,2.654208838939666748e-01,2.779164612293243408e-01,3.388720750808715820e-01,3.150945305824279785e-01,2.564683854579925537e-01,2.383203953504562378e-01,2.380138784646987915e-01,2.564683854579925537e-01,2.845359742641448975e-01,3.162508606910705566e-01,3.975578844547271729e-01,5.052649974822998047e-01,5.647580623626708984e-01,1.000000000000000000e+00,1.000000000000000000e+00
2.469242364168167114e-01,2.248595058917999268e-01,2.213415205478668213e-01,2.196554392576217651e-01,2.196554392576217651e-01,2.654666900634765625e-01,4.131432771682739258e-01,3.650503158569335938e-01,3.102405071258544922e-01,2.674819529056549072e-01,2.482589781284332275e-01,2.345701009035110474e-01,2.250431478023529053e-01,2.313785254955291748e-01,2.472586035728454590e-01,2.723790705204010010e-01,3.508558273315429688e-01,9.732458591461181641e-01,9.669437408447265625e-01,9.877805709838867188e-01,9.723541140556335449e-01,1.000000000000000000e+00,5.540812015533447266e-01,4.472320675849914551e-01,3.212305009365081787e-01,2.406548112630844116e-01,2.272351682186126709e-01,2.274168878793716431e-01,2.299458235502243042e-01,2.401393055915832520e-01,2.770406007766723633e-01,4.802786111831665039e-01,4.085180163383483887e-01,3.333471119403839111e-01,2.910030186176300049e-01,8.387096524238586426e-01,3.736608028411865234e-01
2.825250923633575439e-01,2.827188074588775635e-01,2.856086790561676025e-01,3.308973312377929688e-01,4.776855707168579102e-01,4.885640740394592285e-01,3.894199132919311523e-01,3.408403098583221436e-01,3.146136105060577393e-01,2.856086790561676025e-01,2.720611989498138428e-01,2.673929035663604736e-01,2.700414359569549561e-01,2.811653912067413330e-01,3.077523112297058105e-01,3.931973874568939209e-01,1.000000000000000000e+00,9.736481904983520508e-01,9.635875821113586426e-01,9.796461462974548340e-01,9.482388496398925781e-01,5.312937498092651367e-01,3.998247683048248291e-01,3.223490417003631592e-01,2.858003079891204834e-01,2.780325412750244141e-01,2.825250923633575439e-01,2.937354743480682373e-01,3.077523112297058105e-01,5.168781876564025879e-01,4.314373433589935303e-01,3.791627287864685059e-01,3.441968560218811035e-01,2.856086790561676025e-01,2.827188074588775635e-01,1.000000000000000000e+00,3.198083639144897461e-01
8.690423369407653809e-01,8.738966584205627441e-01,1.000000000000000000e+00,4.301475584506988525e-01,3.219726085662841797e-01,2.687304317951202393e-01,2.442396730184555054e-01,2.283249795436859131e-01,2.235972434282302856e-01,2.311152070760726929e-01,2.538482546806335449e-01,3.060509860515594482e-01,3.439193069934844971e-01,2.949595153331756592e-01,2.609862685203552246e-01,2.466769069433212280e-01,2.318535894155502319e-01,2.311152070760726929e-01,2.311152070760726929e-01,2.410698831081390381e-01,2.466769069433212280e-01,2.609862685203552246e-01,2.644022703170776367e-01,2.680936455726623535e-01,2.981296479701995850e-01,2.629437148571014404e-01,2.313000261783599854e-01,2.175922393798828125e-01,2.164107263088226318e-01,2.316692173480987549e-01,2.556932270526885986e-01,3.089691400527954102e-01,4.051839113235473633e-01,5.379377007484436035e-01,9.198733568191528320e-01,9.285714030265808105e-01,1.000000000000000000e+00
3.292669653892517090e-01,3.400025665760040283e-01,3.799234032630920410e-01,5.303225517272949219e-01,5.822187662124633789e-01,4.648264646530151367e-01,3.962876200675964355e-01,3.832856416702270508e-01,3.405681252479553223e-01,3.110322952270507812e-01,3.110322952270507812e-01,3.141108751296997070e-01,3.331408202648162842e-01,3.527813851833343506e-01,3.581952452659606934e-01,4.105986058712005615e-01,9.917545914649963379e-01,9.747254848480224609e-01,9.747254848480224609e-01,1.000000000000000000e+00,9.654673933982849121e-01,5.499200820922851562e-01,4.007946848869323730e-01,3.331408202648162842e-01,3.091704249382019043e-01,3.081311881542205811e-01,3.203795552253723145e-01,3.405681252479553223e-01,3.689584732055664062e-01,5.077030658721923828e-01,4.351740479469299316e-01,3.851223587989807129e-01,3.581952452659606934e-01,3.333333432674407959e-01,3.292669653892517090e-01,1.000000000000000000e+00,3.398611843585968018e-01
7.949190139770507812e-01,8.170726895332336426e-01,1.000000000000000000e+00,7.462484240531921387e-01,2.919497191905975342e-01,2.539275586605072021e-01,2.232225537300109863e-01,2.100126296281814575e-01,2.076374590396881104e-01,2.103756517171859741e-01,2.312812805175781250e-01,2.661064863204956055e-01,3.027282655239105225e-01,2.592802643775939941e-01,2.352071404457092285e-01,2.161012142896652222e-01,2.103756517171859741e-01,2.096489667892456055e-01,2.096489667892456055e-01,2.103756517171859741e-01,2.141503244638442993e-01,2.352071404457092285e-01,2.472280561923980713e-01,2.597213387489318848e-01,2.696670889854431152e-01,2.312812805175781250e-01,2.096489667892456055e-01,2.039293497800827026e-01,2.044898569583892822e-01,2.070854753255844116e-01,2.416085004806518555e-01,2.729018032550811768e-01,3.360565304756164551e-01,8.199161291122436523e-01,8.074907064437866211e-01,8.333333134651184082e-01,1.000000000000000000e+00
3.292669653892517090e-01,3.513236045837402344e-01,3.910730779170989990e-01,5.952941775321960449e-01,5.255836248397827148e-01,4.251824021339416504e-01,3.866186141967773438e-01,3.689584732055664062e-01,3.405681252479553223e-01,3.302396833896636963e-01,3.243595659732818604e-01,3.346778154373168945e-01,3.489417135715484619e-01,3.605159819126129150e-01,3.770419657230377197e-01,4.612241685390472412e-01,1.000000000000000000e+00,9.634053707122802734e-01,9.634053707122802734e-01,9.888394474983215332e-01,9.507367610931396484e-01,5.499200820922851562e-01,3.765311837196350098e-01,3.173617720603942871e-01,3.039387464523315430e-01,3.049922585487365723e-01,3.221766352653503418e-01,3.518709838390350342e-01,4.298342764377593994e-01,4.582939743995666504e-01,4.263877570629119873e-01,3.698268234729766846e-01,3.474678397178649902e-01,3.333333432674407959e-01,3.292669653892517090e-01,1.000000000000000000e+00,3.397499918937683105e-01
8.494725227355957031e-01,9.016194343566894531e-01,1.000000000000000000e+00,7.386860251426696777e-01,3.154520988464355469e-01,2.610583305358886719e-01,2.237561494112014771e-01,2.179066240787506104e-01,2.179066240787506104e-01,2.265260070562362671e-01,2.498997598886489868e-01,2.664624452590942383e-01,3.171420395374298096e-01,2.932043969631195068e-01,2.541416287422180176e-01,2.334976643323898315e-01,2.273111939430236816e-01,2.265260070562362671e-01,2.265260070562362671e-01,2.273111939430236816e-01,2.313897162675857544e-01,2.541416287422180176e-01,2.775970697402954102e-01,2.806292772293090820e-01,3.011485040187835693e-01,2.684609293937683105e-01,2.454031705856323242e-01,2.334976643323898315e-01,2.359645962715148926e-01,2.493644505739212036e-01,2.743690907955169678e-01,3.287284076213836670e-01,3.925815522670745850e-01,8.597922921180725098e-01,8.537093400955200195e-01,8.313002586364746094e-01,1.000000000000000000e+00
3.302396833896636963e-01,3.513236045837402344e-01,3.910730779170989990e-01,5.952941775321960449e-01,5.255836248397827148e-01,4.251824021339416504e-01,3.962876200675964355e-01,3.689584732055664062e-01,3.518709838390350342e-01,3.315967023372650146e-01,3.269205987453460693e-01,3.496763408184051514e-01,3.647616505622863770e-01,3.772120773792266846e-01,3.832856416702270508e-01,4.612241685390472412e-01,1.000000000000000000e+00,9.634053707122802734e-01,9.569244384765625000e-01,9.757779836654663086e-01,9.297219514846801758e-01,5.499200820922851562e-01,4.007946848869323730e-01,3.331408202648162842e-01,3.093778491020202637e-01,3.093778491020202637e-01,3.315967023372650146e-01,3.518709838390350342e-01,4.442198574542999268e-01,4.423384666442871094e-01,4.192567765712738037e-01,3.698268234729766846e-01,3.474678397178649902e-01,3.333333432674407959e-01,3.302396833896636963e-01,1.000000000000000000e+00,3.275174498558044434e-01
8.936182260513305664e-01,9.575865864753723145e-01,1.000000000000000000e+00,7.465769052505493164e-01,3.067860007286071777e-01,2.577627897262573242e-01,2.327977567911148071e-01,2.173745334148406982e-01,2.173745334148406982e-01,2.258595526218414307e-01,2.389304339885711670e-01,2.682131230831146240e-01,3.162277638912200928e-01,2.779245376586914062e-01,2.425356209278106689e-01,2.311348915100097656e-01,2.267118543386459351e-01,2.258595526218414307e-01,2.258595526218414307e-01,2.239300012588500977e-01,2.239300012588500977e-01,2.298798412084579468e-01,2.644110620021820068e-01,2.777509987354278564e-01,3.031496405601501465e-01,2.793089747428894043e-01,2.651394605636596680e-01,2.524709105491638184e-01,2.577627897262573242e-01,2.680332958698272705e-01,3.058415651321411133e-01,3.420117497444152832e-01,4.349708259105682373e-01,8.945350050926208496e-01,8.979780077934265137e-01,7.799314856529235840e-01,1.000000000000000000e+00
2.998470664024353027e-01,3.107404708862304688e-01,3.486540317535400391e-01,4.437382817268371582e-01,4.968940317630767822e-01,4.170945882797241211e-01,3.746558129787445068e-01,3.460126817226409912e-01,3.112935423851013184e-01,2.922939956188201904e-01,2.784294188022613525e-01,2.778109014034271240e-01,2.851444184780120850e-01,3.032696545124053955e-01,3.237537741661071777e-01,3.784626126289367676e-01,9.817719459533691406e-01,9.964386224746704102e-01,9.889295697212219238e-01,1.000000000000000000e+00,9.803692698478698730e-01,5.585039258003234863e-01,4.091835618019104004e-01,3.298943340778350830e-01,2.924900949001312256e-01,2.883439064025878906e-01,2.940542399883270264e-01,3.219778239727020264e-01,4.063712656497955322e-01,5.018315315246582031e-01,4.402355551719665527e-01,3.880378901958465576e-01,3.285008966922760010e-01,3.045902550220489502e-01,3.000382184982299805e-01,1.000000000000000000e+00,3.097919225692749023e-01
8.302021026611328125e-01,8.524535298347473145e-01,1.000000000000000000e+00,7.662946581840515137e-01,3.269010186195373535e-01,2.816543579101562500e-01,2.410649806261062622e-01,2.296303808689117432e-01,2.236067950725555420e-01,2.296303808689117432e-01,2.512061297893524170e-01,2.923891544342041016e-01,3.285670578479766846e-01,2.939854562282562256e-01,2.574930191040039062e-01,2.463461607694625854e-01,2.399297803640365601e-01,2.296303808689117432e-01,2.296303808689117432e-01,2.303087562322616577e-01,2.356654852628707886e-01,2.493360936641693115e-01,2.597550749778747559e-01,2.686128914356231689e-01,2.915877103805541992e-01,2.788711488246917725e-01,2.384623140096664429e-01,2.123341858386993408e-01,2.123341858386993408e-01,2.213277220726013184e-01,2.442793250083923340e-01,2.759185433387756348e-01,3.439923524856567383e-01,4.497355818748474121e-01,8.700243234634399414e-01,9.310345053672790527e-01,1.000000000000000000e+00
4.892013967037200928e-01,8.179628849029541016e-01,7.298371791839599609e-01,5.582355856895446777e-01,4.477644562721252441e-01,3.762134611606597900e-01,3.539888858795166016e-01,3.525351285934448242e-01,4.036094248294830322e-01,5.333958268165588379e-01,4.631001949310302734e-01,4.099221229553222656e-01,3.751198053359985352e-01,3.617382347583770752e-01,3.525351285934448242e-01,3.445788621902465820e-01,3.445788621902465820e-01,3.513678014278411865e-01,3.729228973388671875e-01,4.178632497787475586e-01,5.179600715637207031e-01,5.646386146545410156e-01,5.883349776268005371e-01,7.094270586967468262e-01,1.000000000000000000e+00,8.725240826606750488e-01,6.449666023254394531e-01,4.489099383354187012e-01,3.982294499874114990e-01,3.751198053359985352e-01,3.648481965065002441e-01,3.617382347583770752e-01,3.662531077861785889e-01,3.726473748683929443e-01,4.104229509830474854e-01,1.000000000000000000e+00,5.701811909675598145e-01
2.292366176843643188e-01,2.509088516235351562e-01,2.645357847213745117e-01,3.102481365203857422e-01,4.387571215629577637e-01,1.000000000000000000e+00,8.730560541152954102e-01,8.365356326103210449e-01,8.629409074783325195e-01,4.951639175415039062e-01,4.299226701259613037e-01,2.351190298795700073e-01,2.030593305826187134e-01,1.898161619901657104e-01,1.887854784727096558e-01,1.856591105461120605e-01,1.856591105461120605e-01,1.856591105461120605e-01,1.938841193914413452e-01,1.938841193914413452e-01,1.968799233436584473e-01,2.163936793804168701e-01,2.503899037837982178e-01,2.467267513275146484e-01,2.202661335468292236e-01,1.952212601900100708e-01,1.838992685079574585e-01,1.770524084568023682e-01,1.770524084568023682e-01,1.838992685079574585e-01,1.870550513267517090e-01,1.935483813285827637e-01,2.056056261062622070e-01,2.142795175313949585e-01,2.240716814994812012e-01,6.467368602752685547e-01,1.000000000000000000e+00
4.665863811969757080e-01,8.284966945648193359e-01,7.392360568046569824e-01,6.105845570564270020e-01,5.056060552597045898e-01,3.810583651065826416e-01,3.585475981235504150e-01,3.570751249790191650e-01,3.810583651065826416e-01,5.547001957893371582e-01,4.825730025768280029e-01,4.152011573314666748e-01,3.900771439075469971e-01,3.585475981235504150e-01,3.585475981235504150e-01,3.591348826885223389e-01,3.558927476406097412e-01,3.558927476406097412e-01,3.922322690486907959e-01,4.376871883869171143e-01,5.246304273605346680e-01,5.584865808486938477e-01,5.757663249969482422e-01,7.185631394386291504e-01,1.000000000000000000e+00,8.696982860565185547e-01,6.677896976470947266e-01,4.546910524368286133e-01,4.033578634262084961e-01,3.701165914535522461e-01,3.629291951656341553e-01,3.629291951656341553e-01,3.709697425365447998e-01,3.774463534355163574e-01,4.049223065376281738e-01,1.000000000000000000e+00,5.500905513763427734e-01
2.269896715879440308e-01,2.469261735677719116e-01,2.603368163108825684e-01,3.053235709667205811e-01,3.915522694587707520e-01,1.000000000000000000e+00,8.591980338096618652e-01,8.232573270797729492e-01,8.603701591491699219e-01,5.095460414886474609e-01,4.230985045433044434e-01,2.156044095754623413e-01,1.911364197731018066e-01,1.868032068014144897e-01,1.774657070636749268e-01,1.774657070636749268e-01,1.774657070636749268e-01,1.795826703310012817e-01,1.795826703310012817e-01,1.795826703310012817e-01,1.937548518180847168e-01,2.129588574171066284e-01,2.311145961284637451e-01,2.272669970989227295e-01,2.063492089509963989e-01,1.921225190162658691e-01,1.698486804962158203e-01,1.634227037429809570e-01,1.634227037429809570e-01,1.709576100111007690e-01,1.774657070636749268e-01,1.827121376991271973e-01,1.931035667657852173e-01,2.007795274257659912e-01,2.179290503263473511e-01,6.242488026618957520e-01,1.000000000000000000e+00
5.350804924964904785e-01,4.982150495052337646e-01,4.862321615219116211e-01,4.570519924163818359e-01,4.335975944995880127e-01,4.324625432491302490e-01,4.439594745635986328e-01,4.705638289451599121e-01,5.506982803344726562e-01,4.922600686550140381e-01,4.281792044639587402e-01,4.141749739646911621e-01,4.174257814884185791e-01,4.661034047603607178e-01,5.652334094047546387e-01,7.719905972480773926e-01,1.000000000000000000e+00,9.720851778984069824e-01,8.847302198410034180e-01,8.250799775123596191e-01,8.080754876136779785e-01,8.135313987731933594e-01,7.108331918716430664e-01,5.486863851547241211e-01,4.631943702697753906e-01,4.069922268390655518e-01,4.123910367488861084e-01,4.557057619094848633e-01,5.106388330459594727e-01,5.435110926628112793e-01,5.362275242805480957e-01,5.087100863456726074e-01,5.192296504974365234e-01,6.791853308677673340e-01,5.965411663055419922e-01,1.000000000000000000e+00,1.000000000000000000e+00
8.905349969863891602e-01,1.000000000000000000e+00,8.950612545013427734e-01,8.160840272903442383e-01,7.583336830139160156e-01,4.365205764770507812e-01,3.401667177677154541e-01,2.982958555221557617e-01,2.738471031188964844e-01,2.732789516448974609e-01,2.737051546573638916e-01,2.878213822841644287e-01,3.139092326164245605e-01,3.682495057582855225e-01,3.866758048534393311e-01,3.293723762035369873e-01,3.105491697788238525e-01,2.910433709621429443e-01,2.768107354640960693e-01,2.651970982551574707e-01,2.604663372039794922e-01,2.570123076438903809e-01,2.616570293903350830e-01,2.930391132831573486e-01,4.009818434715270996e-01,3.614334464073181152e-01,2.820943892002105713e-01,2.567097842693328857e-01,2.592701613903045654e-01,2.616570293903350830e-01,2.805751562118530273e-01,3.015347719192504883e-01,3.588440418243408203e-01,4.376761913299560547e-01,5.117518305778503418e-01,1.000000000000000000e+00,1.000000000000000000e+00
3.998459577560424805e-01,3.460255861282348633e-01,3.313567638397216797e-01,3.166359961032867432e-01,2.973785698413848877e-01,2.822941541671752930e-01,2.769640088081359863e-01,2.769640088081359863e-01,2.973785698413848877e-01,3.189809024333953857e-01,3.220808804035186768e-01,3.013615012168884277e-01,2.960390448570251465e-01,3.031695187091827393e-01,3.152206540107727051e-01,3.522864282131195068e-01,4.764943718910217285e-01,8.024827241897583008e-01,1.000000000000000000e+00,9.840238094329833984e-01,9.533014893531799316e-01,9.807365536689758301e-01,7.352146506309509277e-01,5.044515728950500488e-01,3.968526721000671387e-01,3.147474825382232666e-01,2.890764176845550537e-01,2.897630631923675537e-01,3.152206540107727051e-01,3.983521163463592529e-01,4.935997426509857178e-01,4.327831566333770752e-01,4.058886766433715820e-01,4.130473434925079346e-01,4.966101348400115967e-01,9.375000000000000000e-01,5.913921594619750977e-01
8.173235654830932617e-01,9.248783588409423828e-01,1.000000000000000000e+00,5.439690947532653809e-01,3.940501511096954346e-01,3.226540386676788330e-01,2.759943604469299316e-01,2.484450191259384155e-01,2.351671904325485229e-01,2.343979775905609131e-01,2.460100203752517700e-01,2.663748860359191895e-01,3.028274476528167725e-01,3.461760580539703369e-01,2.778783142566680908e-01,2.428080141544342041e-01,2.365285158157348633e-01,2.343979775905609131e-01,2.343979775905609131e-01,2.428080141544342041e-01,2.628104090690612793e-01,3.230269849300384521e-01,4.359713792800903320e-01,4.234564006328582764e-01,3.116447329521179199e-01,2.597382962703704834e-01,2.281508594751358032e-01,2.239789068698883057e-01,2.210026085376739502e-01,2.270929664373397827e-01,2.553752362728118896e-01,2.800363600254058838e-01,3.258104026317596436e-01,4.127050638198852539e-01,5.332391858100891113e-01,1.000000000000000000e+00,1.000000000000000000e+00
2.049141675233840942e-01,2.519526481628417969e-01,3.417291939258575439e-01,5.280411243438720703e-01,3.004432618618011475e-01,2.854567170143127441e-01,3.048460185527801514e-01,2.661953270435333252e-01,1.815765351057052612e-01,1.605024784803390503e-01,1.573856174945831299e-01,1.595416963100433350e-01,1.625121384859085083e-01,1.860376149415969849e-01,2.318250834941864014e-01,3.062437474727630615e-01,5.061040520668029785e-01,8.777275085449218750e-01,8.368580341339111328e-01,8.678628802299499512e-01,1.000000000000000000e+00,4.901921749114990234e-01,2.980456054210662842e-01,2.174523472785949707e-01,1.935090720653533936e-01,1.788273602724075317e-01,1.695095002651214600e-01,1.646010726690292358e-01,1.646010726690292358e-01,1.654292494058609009e-01,1.655324846506118774e-01,1.674818098545074463e-01,1.650156825780868530e-01,1.682958155870437622e-01,1.857619434595108032e-01,8.014144897460937500e-01,4.433045387268066406e-01
3.929356932640075684e-01,7.798679471015930176e-01,9.456742405891418457e-01,1.000000000000000000e+00,4.691934585571289062e-01,3.516784310340881348e-01,2.657997310161590576e-01,2.268011271953582764e-01,2.156522423028945923e-01,2.096598446369171143e-01,2.070952951908111572e-01,2.107029259204864502e-01,2.355730384588241577e-01,2.856291234493255615e-01,3.067702353000640869e-01,2.682627737522125244e-01,2.272839397192001343e-01,2.198681682348251343e-01,2.198681682348251343e-01,2.221003919839859009e-01,2.286663502454757690e-01,2.413195669651031494e-01,2.671879827976226807e-01,3.220668435096740723e-01,4.027855992317199707e-01,3.021799027919769287e-01,2.355730384588241577e-01,2.107679545879364014e-01,2.036929577589035034e-01,2.003696262836456299e-01,2.110278457403182983e-01,2.199304848909378052e-01,2.411491572856903076e-01,2.764632105827331543e-01,3.244828581809997559e-01,1.000000000000000000e+00,1.000000000000000000e+00
1.466387212276458740e-01,1.316803544759750366e-01,1.298497170209884644e-01,1.298497170209884644e-01,1.428274065256118774e-01,2.073784619569778442e-01,2.080799192190170288e-01,1.933533400297164917e-01,1.693647801876068115e-01,1.522793769836425781e-01,1.431912928819656372e-01,1.304893791675567627e-01,1.292068958282470703e-01,1.323111653327941895e-01,1.379340887069702148e-01,1.469223499298095703e-01,1.949081271886825562e-01,2.710727453231811523e-01,7.263478636741638184e-01,8.760030269622802734e-01,9.017630219459533691e-01,1.000000000000000000e+00,2.944462299346923828e-01,2.180929332971572876e-01,1.775257885456085205e-01,1.440608799457550049e-01,1.323111653327941895e-01,1.261912435293197632e-01,1.255296915769577026e-01,1.307284384965896606e-01,1.387616246938705444e-01,1.524842828512191772e-01,1.777015775442123413e-01,2.654862105846405029e-01,3.069077134132385254e-01,7.214911580085754395e-01,4.506023526191711426e-01
6.010630726814270020e-01,8.158780932426452637e-01,6.996204257011413574e-01,7.619198560714721680e-01,7.253240942955017090e-01,3.090737164020538330e-01,2.294691801071166992e-01,2.007673978805541992e-01,1.916232705116271973e-01,1.911363005638122559e-01,1.888060271739959717e-01,2.016936689615249634e-01,2.185481190681457520e-01,2.415390163660049438e-01,2.858906388282775879e-01,3.397411406040191650e-01,4.586336612701416016e-01,8.157923817634582520e-01,8.361864686012268066e-01,8.072654604911804199e-01,8.354059457778930664e-01,8.975735902786254883e-01,1.000000000000000000e+00,4.275027811527252197e-01,2.870293259620666504e-01,2.236067950725555420e-01,1.844363659620285034e-01,1.772209554910659790e-01,1.770894378423690796e-01,1.780080348253250122e-01,1.888060271739959717e-01,2.185481190681457520e-01,2.658752501010894775e-01,3.324623703956604004e-01,4.096915423870086670e-01,6.838247776031494141e-01,6.823013424873352051e-01
3.634138107299804688e-01,8.865054249763488770e-01,8.374767303466796875e-01,1.000000000000000000e+00,4.509502351284027100e-01,3.457996249198913574e-01,2.758117020130157471e-01,2.393797636032104492e-01,2.291660755872726440e-01,2.164749503135681152e-01,2.144558131694793701e-01,2.153234779834747314e-01,2.365065813064575195e-01,2.789485752582550049e-01,3.301693499088287354e-01,3.270486891269683838e-01,2.777204513549804688e-01,2.523968517780303955e-01,2.319962233304977417e-01,2.198931872844696045e-01,2.081317603588104248e-01,2.045170515775680542e-01,2.055779099464416504e-01,2.232590913772583008e-01,2.951861619949340820e-01,3.557220995426177979e-01,2.760369479656219482e-01,2.371626347303390503e-01,2.221428006887435913e-01,2.191854566335678101e-01,2.232590913772583008e-01,2.302483320236206055e-01,2.504191696643829346e-01,2.694284021854400635e-01,3.061418235301971436e-01,1.000000000000000000e+00,1.000000000000000000e+00
1.998266130685806274e-01,1.998266130685806274e-01,2.025829702615737915e-01,2.081527262926101685e-01,2.830877006053924561e-01,4.240597784519195557e-01,3.627355992794036865e-01,2.896241545677185059e-01,2.420306950807571411e-01,2.108002454042434692e-01,1.902292668819427490e-01,1.898645013570785522e-01,1.887659430503845215e-01,1.943749636411666870e-01,2.101414948701858521e-01,2.234129458665847778e-01,2.791420519351959229e-01,4.286126792430877686e-01,1.000000000000000000e+00,9.492129087448120117e-01,9.014527201652526855e-01,9.346405267715454102e-01,3.181401789188385010e-01,2.448782175779342651e-01,2.088177502155303955e-01,1.943749636411666870e-01,1.943749636411666870e-01,2.000000029802322388e-01,2.081527262926101685e-01,2.199732214212417603e-01,2.420306950807571411e-01,2.782714664936065674e-01,3.501918315887451172e-01,2.272585481405258179e-01,1.998266130685806274e-01,8.405105471611022949e-01,6.971106529235839844e-01
5.206079483032226562e-01,9.693168401718139648e-01,8.893874883651733398e-01,1.000000000000000000e+00,4.797532558441162109e-01,3.915971517562866211e-01,3.006511330604553223e-01,2.652230560779571533e-01,2.438033372163772583e-01,2.361826002597808838e-01,2.319754362106323242e-01,2.401697039604187012e-01,2.700851261615753174e-01,3.204702436923980713e-01,3.885314166545867920e-01,3.479378819465637207e-01,3.131429851055145264e-01,2.685178816318511963e-01,2.612144351005554199e-01,2.466717064380645752e-01,2.367775142192840576e-01,2.367775142192840576e-01,2.583713829517364502e-01,2.906583547592163086e-01,4.313443601131439209e-01,3.256956636905670166e-01,2.601350247859954834e-01,2.361826002597808838e-01,2.290765941143035889e-01,2.330343574285507202e-01,2.432256042957305908e-01,2.620210647583007812e-01,2.892026305198669434e-01,3.210185468196868896e-01,3.684596717357635498e-01,1.000000000000000000e+00,1.000000000000000000e+00
1.783608943223953247e-01,1.717253029346466064e-01,1.717253029346466064e-01,1.754427254199981689e-01,1.941255033016204834e-01,3.086166679859161377e-01,3.074645102024078369e-01,2.794273197650909424e-01,2.415240556001663208e-01,2.033785730600357056e-01,1.761768013238906860e-01,1.694557070732116699e-01,1.719130873680114746e-01,1.761768013238906860e-01,1.849328726530075073e-01,2.048013657331466675e-01,2.439167648553848267e-01,4.772693514823913574e-01,1.000000000000000000e+00,9.314436316490173340e-01,9.068722128868103027e-01,9.664301276206970215e-01,4.096027314662933350e-01,2.924045622348785400e-01,2.088572382926940918e-01,1.796226799488067627e-01,1.767253577709197998e-01,1.769078224897384644e-01,1.831799149513244629e-01,2.013056725263595581e-01,2.221809923648834229e-01,2.684743404388427734e-01,3.737705945968627930e-01,2.615345716476440430e-01,1.927912980318069458e-01,7.646998167037963867e-01,6.311187744140625000e-01
5.860124230384826660e-01,9.386320114135742188e-01,9.569147825241088867e-01,8.635863661766052246e-01,1.000000000000000000e+00,3.389903903007507324e-01,2.822465002536773682e-01,2.661637365818023682e-01,2.570025622844696045e-01,2.511988878250122070e-01,2.343783527612686157e-01,2.358258962631225586e-01,2.461812347173690796e-01,2.795711159706115723e-01,3.297023773193359375e-01,4.203023910522460938e-01,6.729846596717834473e-01,8.531293272972106934e-01,8.531293272972106934e-01,8.669131994247436523e-01,7.031350731849670410e-01,5.014089345932006836e-01,3.927825093269348145e-01,3.260261714458465576e-01,2.857912480831146240e-01,2.634865045547485352e-01,2.556194663047790527e-01,2.496132999658584595e-01,2.406470626592636108e-01,2.438663691282272339e-01,2.598557770252227783e-01,2.822967171669006348e-01,3.120251297950744629e-01,3.486005663871765137e-01,4.325068593025207520e-01,1.000000000000000000e+00,6.840997338294982910e-01
3.498494923114776611e-01,2.358537614345550537e-01,1.737837344408035278e-01,1.500775367021560669e-01,1.475104540586471558e-01,1.544260829687118530e-01,1.850321441888809204e-01,2.438951730728149414e-01,1.978352665901184082e-01,1.726075261831283569e-01,1.534750014543533325e-01,1.385646462440490723e-01,1.377351880073547363e-01,1.490560173988342285e-01,1.494399011135101318e-01,1.663342416286468506e-01,1.877983063459396362e-01,2.368234694004058838e-01,6.323910951614379883e-01,1.000000000000000000e+00,8.807798624038696289e-01,6.280272006988525391e-01,4.614470303058624268e-01,2.563413679599761963e-01,1.994696408510208130e-01,1.610054820775985718e-01,1.462970823049545288e-01,1.367611289024353027e-01,1.378276050090789795e-01,1.395717412233352661e-01,1.513868123292922974e-01,1.577299088239669800e-01,1.835120618343353271e-01,2.143904268741607666e-01,2.827688753604888916e-01,8.513381481170654297e-01,4.286513924598693848e-01
6.389815211296081543e-01,1.000000000000000000e+00,5.239416956901550293e-01,2.468895465135574341e-01,1.804825663566589355e-01,1.466868370771408081e-01,1.244742199778556824e-01,1.125467717647552490e-01,1.070760414004325867e-01,1.092900112271308899e-01,1.088219583034515381e-01,9.251861274242401123e-02,7.144511491060256958e-02,6.152326613664627075e-02,5.674241483211517334e-02,5.441097915172576904e-02,5.331754684448242188e-02,5.324385315179824829e-02,5.324385315179824829e-02,5.331754684448242188e-02,5.441097915172576904e-02,5.674241483211517334e-02,6.152326613664627075e-02,7.144511491060256958e-02,9.251861274242401123e-02,1.121623590588569641e-01,1.092900112271308899e-01,1.098633408546447754e-01,1.161183938384056091e-01,1.283261328935623169e-01,1.506484895944595337e-01,1.843995302915573120e-01,2.468895465135574341e-01,3.696179389953613281e-01,4.957868158817291260e-01,8.185378313064575195e-01,1.000000000000000000e+00
4.224683046340942383e-01,6.161950826644897461e-01,1.000000000000000000e+00,8.703724741935729980e-01,4.577030539512634277e-01,3.846807181835174561e-01,2.690271139144897461e-01,2.333276867866516113e-01,2.090932279825210571e-01,2.040391415357589722e-01,2.100711613893508911e-01,2.288935035467147827e-01,2.621541023254394531e-01,3.226142227649688721e-01,3.409346938133239746e-01,3.203029632568359375e-01,3.089227974414825439e-01,3.044115006923675537e-01,3.044115006923675537e-01,2.951387763023376465e-01,1.762494146823883057e-01,1.290456801652908325e-01,1.012317687273025513e-01,8.737656474113464355e-02,7.709581404924392700e-02,7.238247990608215332e-02,7.158166915178298950e-02,7.158166915178298950e-02,7.378469407558441162e-02,8.003073930740356445e-02,9.394668042659759521e-02,1.118141412734985352e-01,1.505343914031982422e-01,2.229685634374618530e-01,3.265607059001922607e-01,4.297323822975158691e-01,8.862197995185852051e-01
8.990834355354309082e-01,1.000000000000000000e+00,4.141220748424530029e-01,1.643989831209182739e-01,9.413458406925201416e-02,8.058045059442520142e-02,6.992141902446746826e-02,5.979200825095176697e-02,5.863088741898536682e-02,5.863088741898536682e-02,5.876103416085243225e-02,6.180238351225852966e-02,6.837477535009384155e-02,8.020035177469253540e-02,9.771814942359924316e-02,1.381390392780303955e-01,2.266049981117248535e-01,3.088882863521575928e-01,3.088882863521575928e-01,3.129422664642333984e-01,3.238822221755981445e-01,3.461154103279113770e-01,3.773489892482757568e-01,3.137954771518707275e-01,2.727159261703491211e-01,2.502805888652801514e-01,2.423725277185440063e-01,2.443500906229019165e-01,2.598641514778137207e-01,2.905369400978088379e-01,3.427219390869140625e-01,4.153193831443786621e-01,4.685256481170654297e-01,5.466070771217346191e-01,6.644834280014038086e-01,3.274151384830474854e-01,8.255601525306701660e-01
1.000000000000000000e+00,5.333338379859924316e-01,3.995722532272338867e-01,3.191780745983123779e-01,2.733029127120971680e-01,2.455968856811523438e-01,2.254669815301895142e-01,2.135218977928161621e-01,2.103258371353149414e-01,2.175429910421371460e-01,2.564194798469543457e-01,2.884963750839233398e-01,2.591317892074584961e-01,2.191772907972335815e-01,1.980561912059783936e-01,1.871663480997085571e-01,1.813561171293258667e-01,1.793775558471679688e-01,1.793775558471679688e-01,1.813561171293258667e-01,1.871663480997085571e-01,1.980561912059783936e-01,2.138627022504806519e-01,2.591317892074584961e-01,2.440798282623291016e-01,2.277168929576873779e-01,2.175429910421371460e-01,2.191772907972335815e-01,2.318373620510101318e-01,2.540797889232635498e-01,2.860626280307769775e-01,3.367437422275543213e-01,4.199065268039703369e-01,5.264064073562622070e-01,9.332132339477539062e-01,1.000000000000000000e+00,1.000000000000000000e+00
1.000000000000000000e+00,7.363324761390686035e-01,4.465560615062713623e-01,3.415515720844268799e-01,2.897071242332458496e-01,2.528805434703826904e-01,2.255490124225616455e-01,2.228457778692245483e-01,2.175917923450469971e-01,2.242424190044403076e-01,2.484848499298095703e-01,2.900238931179046631e-01,3.540140986442565918e-01,5.075011253356933594e-01,9.013203382492065430e-01,9.927931427955627441e-01,9.556943774223327637e-01,9.406443238258361816e-01,9.403514266014099121e-01,9.497377872467041016e-01,8.306568861007690430e-01,5.841493606567382812e-01,4.167740941047668457e-01,3.237180709838867188e-01,2.764725983142852783e-01,2.484848499298095703e-01,2.242424190044403076e-01,2.202761471271514893e-01,2.262806594371795654e-01,2.338640093803405762e-01,2.658389210700988770e-01,3.115175068378448486e-01,3.930058777332305908e-01,8.225696086883544922e-01,8.400008678436279297e-01,6.558839678764343262e-01,7.209919691085815430e-01
1.774444282054901123e-01,1.997820734977722168e-01,1.866785883903503418e-01,1.699602007865905762e-01,1.475823819637298584e-01,1.280760914087295532e-01,1.157957613468170166e-01,1.085132062435150146e-01,1.085759103298187256e-01,1.106867864727973938e-01,1.128788217902183533e-01,1.221461594104766846e-01,1.424189209938049316e-01,1.725041717290878296e-01,2.467871457338333130e-01,5.419760942459106445e-01,1.000000000000000000e+00,9.829820394515991211e-01,9.792983531951904297e-01,5.226688385009765625e-01,1.734485477209091187e-01,1.330289691686630249e-01,1.174300536513328552e-01,1.055239886045455933e-01,1.039644330739974976e-01,1.062311306595802307e-01,1.085759103298187256e-01,1.185836195945739746e-01,1.248467639088630676e-01,1.204628497362136841e-01,1.077578812837600708e-01,1.039644330739974976e-01,1.039644330739974976e-01,1.062311306595802307e-01,1.288707852363586426e-01,5.369336605072021484e-01,5.086913704872131348e-01
3.893291354179382324e-01,2.484677582979202271e-01,1.461856067180633545e-01,1.016716957092285156e-01,8.342454582452774048e-02,7.153595238924026489e-02,6.891255825757980347e-02,6.587525457143783569e-02,6.587525457143783569e-02,6.786496937274932861e-02,6.801561266183853149e-02,7.731180638074874878e-02,8.536490797996520996e-02,1.056215763092041016e-01,1.631270796060562134e-01,3.570783734321594238e-01,1.000000000000000000e+00,9.832798838615417480e-01,9.832798838615417480e-01,9.947048425674438477e-01,7.461306452751159668e-01,4.562625885009765625e-01,3.209406137466430664e-01,2.416602820158004761e-01,2.063908427953720093e-01,1.854975819587707520e-01,1.719841063022613525e-01,1.728744506835937500e-01,1.817069649696350098e-01,2.196515053510665894e-01,3.167355060577392578e-01,3.740721642971038818e-01,3.643421232700347900e-01,3.991937041282653809e-01,4.678473472595214844e-01,2.771270573139190674e-01,6.266564726829528809e-01
4.561929404735565186e-01,7.086473703384399414e-01,1.000000000000000000e+00,6.674463748931884766e-01,4.393750429153442383e-01,3.349895179271697998e-01,2.833857536315917969e-01,2.495167553424835205e-01,2.319949120283126831e-01,2.135641574859619141e-01,7.114902138710021973e-02,4.756425693631172180e-02,3.824144974350929260e-02,3.353997319936752319e-02,3.201461955904960632e-02,3.181881085038185120e-02,3.181881085038185120e-02,3.181881085038185120e-02,3.181881085038185120e-02,3.181881085038185120e-02,3.181881085038185120e-02,3.201461955904960632e-02,3.353997319936752319e-02,3.824144974350929260e-02,4.756425693631172180e-02,7.114902138710021973e-02,2.202202677726745605e-01,2.143819630146026611e-01,2.087097913026809692e-01,2.093078196048736572e-01,2.150514125823974609e-01,2.305627465248107910e-01,2.561413645744323730e-01,2.973961532115936279e-01,3.580390810966491699e-01,1.000000000000000000e+00,1.000000000000000000e+00
6.131021380424499512e-01,9.740448594093322754e-01,9.527395963668823242e-01,1.000000000000000000e+00,5.231246948242187500e-01,3.838481009006500244e-01,3.093443810939788818e-01,2.528706789016723633e-01,2.404403090476989746e-01,2.393041402101516724e-01,2.381625473499298096e-01,2.427668571472167969e-01,2.661938667297363281e-01,3.102241456508636475e-01,3.904040753841400146e-01,5.343357920646667480e-01,7.249013781547546387e-01,7.185053229331970215e-01,7.185053229331970215e-01,7.293055653572082520e-01,7.567461133003234863e-01,8.092813491821289062e-01,8.751332163810729980e-01,4.977293908596038818e-01,3.602233231067657471e-01,2.817372679710388184e-01,2.451408207416534424e-01,2.293453812599182129e-01,2.218708693981170654e-01,2.252234965562820435e-01,2.435374408960342407e-01,2.580052912235260010e-01,2.949692904949188232e-01,3.396329581737518311e-01,4.212939441204071045e-01,6.676807999610900879e-01,6.846105456352233887e-01
1.434091180562973022e-01,1.435579061508178711e-01,1.538932174444198608e-01,2.844263911247253418e-01,2.429753392934799194e-01,1.974777281284332275e-01,1.643580347299575806e-01,1.479520499706268311e-01,1.400449424982070923e-01,1.395868659019470215e-01,1.373253762722015381e-01,1.329011470079421997e-01,1.309593021869659424e-01,1.388200372457504272e-01,1.443981528282165527e-01,1.689273715019226074e-01,2.104566395282745361e-01,3.487376868724822998e-01,9.142898917198181152e-01,9.300326108932495117e-01,9.664089679718017578e-01,1.000000000000000000e+00,3.159103095531463623e-01,2.068069279193878174e-01,1.720992028713226318e-01,1.428124010562896729e-01,1.358142495155334473e-01,1.325258016586303711e-01,1.395868659019470215e-01,1.539856791496276855e-01,1.813997775316238403e-01,1.939140409231185913e-01,1.912534981966018677e-01,1.775937676429748535e-01,1.473254412412643433e-01,5.878401398658752441e-01,4.657312929630279541e-01
2.281143218278884888e-01,4.874706566333770752e-01,4.773437976837158203e-01,4.769588708877563477e-01,6.149885654449462891e-01,4.898759424686431885e-01,4.144936501979827881e-01,2.896032035350799561e-01,2.491998076438903809e-01,2.330525517463684082e-01,2.340486198663711548e-01,2.478696852922439575e-01,2.782180607318878174e-01,3.054067194461822510e-01,3.751076161861419678e-01,4.640516340732574463e-01,7.214117646217346191e-01,9.464569687843322754e-01,9.464569687843322754e-01,9.618045091629028320e-01,1.000000000000000000e+00,5.677844882011413574e-01,2.137039303779602051e-01,1.317638307809829712e-01,9.557130187749862671e-02,8.470457792282104492e-02,7.917591184377670288e-02,7.569740712642669678e-02,7.569740712642669678e-02,7.745619118213653564e-02,7.824257016181945801e-02,8.397873491048812866e-02,9.759956598281860352e-02,1.241076067090034485e-01,1.669337749481201172e-01,2.666261494159698486e-01,5.008360743522644043e-01
1.000000000000000000e+00,7.686927914619445801e-01,4.761421978473663330e-01,3.735059797763824463e-01,3.152472376823425293e-01,2.786709070205688477e-01,2.593840360641479492e-01,2.492508441209793091e-01,2.446282058954238892e-01,2.429254353046417236e-01,7.668455690145492554e-02,5.422417074441909790e-02,4.479169100522994995e-02,4.281751066446304321e-02,4.117006063461303711e-02,4.117006063461303711e-02,4.117006063461303711e-02,4.117006063461303711e-02,4.117006063461303711e-02,4.117006063461303711e-02,4.117006063461303711e-02,4.117006063461303711e-02,4.281751066446304321e-02,4.479169100522994995e-02,5.422417074441909790e-02,7.668455690145492554e-02,2.487646341323852539e-01,2.468802928924560547e-01,2.479289174079895020e-01,2.562309503555297852e-01,2.829209864139556885e-01,3.282031714916229248e-01,4.155891835689544678e-01,6.045305132865905762e-01,9.593235254287719727e-01,1.000000000000000000e+00,1.000000000000000000e+00
1.944528222084045410e-01,2.217752486467361450e-01,4.030831158161163330e-01,3.284348845481872559e-01,2.661302983760833740e-01,2.404610067605972290e-01,2.233920991420745850e-01,2.103374451398849487e-01,1.944528222084045410e-01,1.890728920698165894e-01,1.902115195989608765e-01,2.046719193458557129e-01,2.327545136213302612e-01,2.991510629653930664e-01,3.921005129814147949e-01,7.525070309638977051e-01,1.000000000000000000e+00,9.848419427871704102e-01,9.848419427871704102e-01,1.000000000000000000e+00,4.657151401042938232e-01,3.208972513675689697e-01,2.302673012018203735e-01,2.037319689989089966e-01,1.891997456550598145e-01,1.834045648574829102e-01,1.834045648574829102e-01,2.013629227876663208e-01,2.497599571943283081e-01,2.922544479370117188e-01,3.051068782806396484e-01,2.106793671846389771e-01,1.971485763788223267e-01,1.902115195989608765e-01,1.902115195989608765e-01,6.744186282157897949e-01,6.596458554267883301e-01
8.207162022590637207e-01,1.000000000000000000e+00,7.461216449737548828e-01,4.781827926635742188e-01,3.742542564868927002e-01,3.199262917041778564e-01,2.892507910728454590e-01,2.595332562923431396e-01,2.495217472314834595e-01,2.580562829971313477e-01,2.621384263038635254e-01,3.051137030124664307e-01,3.815591037273406982e-01,5.158656835556030273e-01,8.140134215354919434e-01,8.044089674949645996e-01,7.757581472396850586e-01,7.654520869255065918e-01,7.654520869255065918e-01,7.757581472396850586e-01,8.044089674949645996e-01,6.164593100547790527e-01,4.309049844741821289e-01,3.428660333156585693e-01,2.928984761238098145e-01,2.729330956935882568e-01,2.672725915908813477e-01,2.659983336925506592e-01,2.710593938827514648e-01,2.972166240215301514e-01,3.454574644565582275e-01,4.018347561359405518e-01,8.119760751724243164e-01,8.248456716537475586e-01,7.969298958778381348e-01,5.581395626068115234e-01,8.035089969635009766e-01
5.910872817039489746e-01,4.456990659236907959e-01,3.253738582134246826e-01,2.828939259052276611e-01,2.474696934223175049e-01,2.314345240592956543e-01,2.237957119941711426e-01,2.208630591630935669e-01,2.292328327894210815e-01,2.433367073535919189e-01,2.849352955818176270e-01,3.791855573654174805e-01,3.341614007949829102e-01,2.852740883827209473e-01,2.582612335681915283e-01,2.444259077310562134e-01,2.379173934459686279e-01,2.362878024578094482e-01,2.362878024578094482e-01,2.379173934459686279e-01,2.444259077310562134e-01,2.582612335681915283e-01,2.852740883827209473e-01,3.267070651054382324e-01,2.859505116939544678e-01,2.562901079654693604e-01,2.432374358177185059e-01,2.441293299198150635e-01,2.571367323398590088e-01,2.836611568927764893e-01,3.343059122562408447e-01,4.225587546825408936e-01,8.673976063728332520e-01,8.295729160308837891e-01,1.000000000000000000e+00,1.000000000000000000e+00,1.000000000000000000e+00
1.846020221710205078e-01,3.527345657348632812e-01,2.989126741886138916e-01,2.589620351791381836e-01,2.357315719127655029e-01,2.097091078758239746e-01,1.996215581893920898e-01,1.851402223110198975e-01,1.798240840435028076e-01,1.833852976560592651e-01,1.936764568090438843e-01,2.399152517318725586e-01,3.315792083740234375e-01,4.399121701717376709e-01,1.000000000000000000e+00,9.367861151695251465e-01,9.033983349800109863e-01,8.897203803062438965e-01,8.780413866043090820e-01,2.994115650653839111e-01,2.271331548690795898e-01,1.918699741363525391e-01,1.795472204685211182e-01,1.751998513936996460e-01,1.763320118188858032e-01,1.768953800201416016e-01,1.916105151176452637e-01,2.120681256055831909e-01,2.230443209409713745e-01,2.407432496547698975e-01,2.115984261035919189e-01,1.892593801021575928e-01,1.695723682641983032e-01,1.695723682641983032e-01,1.729132980108261108e-01,7.659605145454406738e-01,7.069098353385925293e-01
5.841420292854309082e-01,4.444511532783508301e-01,3.253738582134246826e-01,2.767667770385742188e-01,2.529707551002502441e-01,2.360833138227462769e-01,2.294434309005737305e-01,2.330980449914932251e-01,2.427405267953872681e-01,2.710359990596771240e-01,3.286967277526855469e-01,4.195764958858489990e-01,3.341614007949829102e-01,2.852740883827209473e-01,2.582612335681915283e-01,2.444259077310562134e-01,2.379173934459686279e-01,2.362878024578094482e-01,2.362878024578094482e-01,2.379173934459686279e-01,2.444259077310562134e-01,2.582612335681915283e-01,2.932880222797393799e-01,3.072024285793304443e-01,2.704116106033325195e-01,2.412436604499816895e-01,2.362878024578094482e-01,2.372058182954788208e-01,2.440304011106491089e-01,2.681697010993957520e-01,3.146583735942840576e-01,4.225587546825408936e-01,6.869255304336547852e-01,7.495631575584411621e-01,1.000000000000000000e+00,1.000000000000000000e+00,1.000000000000000000e+00
6.079672574996948242e-01,4.834334254264831543e-01,4.092120230197906494e-01,3.428575992584228516e-01,2.434735149145126343e-01,2.179471701383590698e-01,2.009277194738388062e-01,2.009277194738388062e-01,2.032284885644912720e-01,2.119995802640914917e-01,2.417167127132415771e-01,2.797574698925018311e-01,3.397927582263946533e-01,6.053487658500671387e-01,1.000000000000000000e+00,9.353367090225219727e-01,9.030920863151550293e-01,8.897801041603088379e-01,8.934303522109985352e-01,6.810662150382995605e-01,3.861210942268371582e-01,2.978679239749908447e-01,2.677268087863922119e-01,2.324006706476211548e-01,2.092402428388595581e-01,2.055035084486007690e-01,2.055035084486007690e-01,2.202460616827011108e-01,2.478891909122467041e-01,2.959103882312774658e-01,3.304277360439300537e-01,3.505682647228240967e-01,3.504577279090881348e-01,3.564863502979278564e-01,4.385527968406677246e-01,7.266803383827209473e-01,7.820614576339721680e-01
5.036506056785583496e-01,4.053275883197784424e-01,3.079997599124908447e-01,2.546446919441223145e-01,2.079875022172927856e-01,1.896713078022003174e-01,1.751055270433425903e-01,1.636694520711898804e-01,1.654854416847229004e-01,1.787963062524795532e-01,1.975049078464508057e-01,2.314635664224624634e-01,1.963244229555130005e-01,1.723016202449798584e-01,1.643443852663040161e-01,1.643443852663040161e-01,1.745990663766860962e-01,1.797841489315032959e-01,1.835014820098876953e-01,1.896713078022003174e-01,2.352582961320877075e-01,2.757243216037750244e-01,2.934605777263641357e-01,2.315113842487335205e-01,1.978408992290496826e-01,1.827155947685241699e-01,1.787963062524795532e-01,1.797841489315032959e-01,1.889696866273880005e-01,2.089962512254714966e-01,2.529436945915222168e-01,3.199858963489532471e-01,1.000000000000000000e+00,9.392670989036560059e-01,8.625738620758056641e-01,1.000000000000000000e+00,1.000000000000000000e+00
1.829589158296585083e-01,1.775576770305633545e-01,1.690641492605209351e-01,1.594679057598114014e-01,1.594679057598114014e-01,1.703617721796035767e-01,1.685148030519485474e-01,1.701575517654418945e-01,1.691326946020126343e-01,1.685148030519485474e-01,1.775576770305633545e-01,1.916834563016891479e-01,2.301511168479919434e-01,3.859282433986663818e-01,6.664676666259765625e-01,9.363958239555358887e-01,9.499750733375549316e-01,1.000000000000000000e+00,3.051932752132415771e-01,2.546339035034179688e-01,2.155892848968505859e-01,1.842844933271408081e-01,1.703617721796035767e-01,1.635584235191345215e-01,1.696117371320724487e-01,1.904702633619308472e-01,2.275682091712951660e-01,2.520259618759155273e-01,2.825950980186462402e-01,2.924712598323822021e-01,2.903632521629333496e-01,2.544062137603759766e-01,2.163942307233810425e-01,1.916834563016891479e-01,1.832121461629867554e-01,9.279310107231140137e-01,3.865796923637390137e-01
6.849496960639953613e-01,3.570894300937652588e-01,2.881157100200653076e-01,2.511312067508697510e-01,2.275279015302658081e-01,2.162937968969345093e-01,2.061228007078170776e-01,2.019635289907455444e-01,2.120838910341262817e-01,2.257727235555648804e-01,2.528152763843536377e-01,2.802768945693969727e-01,3.583498001098632812e-01,5.063642859458923340e-01,8.356418609619140625e-01,8.199108242988586426e-01,8.302928805351257324e-01,8.546272516250610352e-01,9.183790683746337891e-01,7.790077328681945801e-01,4.504280984401702881e-01,3.373841047286987305e-01,2.679903209209442139e-01,2.447128295898437500e-01,2.314570695161819458e-01,2.190957963466644287e-01,2.184897214174270630e-01,2.189747244119644165e-01,2.694706618785858154e-01,3.597532212734222412e-01,5.304597616195678711e-01,1.000000000000000000e+00,9.630361199378967285e-01,8.637639284133911133e-01,7.761427164077758789e-01,7.995474338531494141e-01,6.990561485290527344e-01
4.639915227890014648e-01,3.767192363739013672e-01,3.078512549400329590e-01,2.431411594152450562e-01,2.265199571847915649e-01,2.018465697765350342e-01,1.965628713369369507e-01,1.930736452341079712e-01,1.992222368717193604e-01,2.119158804416656494e-01,2.442209869623184204e-01,2.718400657176971436e-01,2.156087905168533325e-01,1.965628713369369507e-01,1.925049424171447754e-01,1.925049424171447754e-01,1.928463578224182129e-01,1.930736452341079712e-01,1.986711472272872925e-01,1.996620297431945801e-01,2.120193392038345337e-01,2.608911693096160889e-01,2.953458726406097412e-01,2.463664561510086060e-01,2.192395031452178955e-01,2.026056051254272461e-01,1.986711472272872925e-01,1.991121470928192139e-01,2.157104611396789551e-01,2.555411756038665771e-01,3.092016279697418213e-01,4.119200110435485840e-01,1.000000000000000000e+00,9.508811831474304199e-01,6.326011419296264648e-01,1.000000000000000000e+00,1.000000000000000000e+00
1.841268688440322876e-01,1.834209412336349487e-01,1.834209412336349487e-01,1.852974295616149902e-01,1.842442601919174194e-01,1.869238913059234619e-01,1.917205154895782471e-01,1.788854449987411499e-01,1.780373454093933105e-01,1.775509119033813477e-01,2.011856734752655029e-01,2.236793041229248047e-01,3.235612511634826660e-01,5.927489995956420898e-01,1.000000000000000000e+00,9.711291790008544922e-01,9.636192917823791504e-01,3.287979662418365479e-01,2.659811079502105713e-01,2.204663306474685669e-01,1.883068233728408813e-01,1.827123016119003296e-01,1.766964048147201538e-01,1.766964048147201538e-01,1.934047639369964600e-01,1.978260278701782227e-01,2.064893096685409546e-01,2.912043929100036621e-01,3.078785240650177002e-01,2.660623788833618164e-01,2.341632544994354248e-01,2.058600932359695435e-01,1.934047639369964600e-01,1.870395243167877197e-01,1.842442601919174194e-01,9.032257795333862305e-01,4.548532366752624512e-01
4.858193099498748779e-01,3.528311252593994141e-01,2.851780652999877930e-01,2.581330239772796631e-01,2.366863042116165161e-01,2.358224838972091675e-01,2.217739224433898926e-01,2.215437442064285278e-01,2.236067950725555420e-01,2.426469624042510986e-01,2.773784101009368896e-01,3.436003923416137695e-01,4.323641657829284668e-01,7.308089137077331543e-01,9.396590590476989746e-01,9.044673442840576172e-01,9.094178676605224609e-01,9.127218723297119141e-01,9.702198505401611328e-01,5.733004808425903320e-01,4.297602474689483643e-01,3.194382786750793457e-01,2.714285850524902344e-01,2.384045571088790894e-01,2.305716127157211304e-01,2.279008030891418457e-01,2.325545847415924072e-01,2.527400851249694824e-01,3.418138921260833740e-01,4.400834739208221436e-01,1.000000000000000000e+00,9.424241185188293457e-01,8.741760253906250000e-01,8.207761645317077637e-01,7.508498430252075195e-01,7.862840890884399414e-01,7.208345532417297363e-01
2.125935256481170654e-01,1.973308026790618896e-01,1.882532089948654175e-01,1.882532089948654175e-01,1.880206614732742310e-01,1.873212605714797974e-01,1.872044354677200317e-01,1.862672418355941772e-01,1.856790930032730103e-01,1.852072179317474365e-01,2.023661285638809204e-01,2.397715002298355103e-01,3.016695976257324219e-01,5.208716988563537598e-01,1.000000000000000000e+00,9.349932670593261719e-01,3.816998600959777832e-01,3.108835518360137939e-01,2.732054889202117920e-01,2.471397519111633301e-01,2.249917387962341309e-01,1.999737471342086792e-01,1.918217688798904419e-01,1.787151247262954712e-01,1.781020313501358032e-01,1.806630343198776245e-01,2.011734843254089355e-01,2.593204677104949951e-01,2.692533731460571289e-01,2.109406888484954834e-01,2.105254530906677246e-01,2.303723096847534180e-01,2.594048380851745605e-01,2.283694595098495483e-01,2.183801382780075073e-01,1.000000000000000000e+00,6.389224529266357422e-01
3.277779221534729004e-01,2.428748309612274170e-01,2.073049545288085938e-01,1.981680393218994141e-01,1.774557828903198242e-01,1.726349443197250366e-01,1.607826799154281616e-01,1.578109413385391235e-01,1.684104502201080322e-01,1.924778223037719727e-01,2.290045619010925293e-01,3.149690926074981689e-01,2.404903173446655273e-01,2.047072947025299072e-01,1.870548129081726074e-01,1.789572238922119141e-01,1.742960810661315918e-01,1.732300370931625366e-01,1.732300370931625366e-01,1.742960810661315918e-01,1.789572238922119141e-01,1.954489797353744507e-01,2.081965953111648560e-01,2.066087871789932251e-01,1.894600540399551392e-01,1.761753261089324951e-01,1.732300370931625366e-01,1.737046390771865845e-01,1.806741505861282349e-01,2.069074362516403198e-01,2.814245223999023438e-01,3.990789353847503662e-01,1.000000000000000000e+00,8.807598352432250977e-01,4.641248285770416260e-01,9.576528668403625488e-01,1.000000000000000000e+00
4.737262129783630371e-01,3.065793812274932861e-01,2.577349245548248291e-01,2.309370636940002441e-01,2.108574658632278442e-01,1.974063515663146973e-01,1.886526495218276978e-01,1.886526495218276978e-01,2.019024491310119629e-01,2.065563797950744629e-01,2.399088144302368164e-01,2.806838154792785645e-01,3.823103010654449463e-01,9.921010136604309082e-01,9.099838137626647949e-01,8.515297770500183105e-01,8.227671980857849121e-01,8.227030038833618164e-01,6.934206485748291016e-01,3.740725815296173096e-01,2.987282574176788330e-01,2.425356209278106689e-01,2.108574658632278442e-01,2.039839774370193481e-01,1.984734237194061279e-01,1.949840933084487915e-01,1.963334828615188599e-01,2.263178527355194092e-01,2.893906831741333008e-01,5.359600186347961426e-01,9.810217022895812988e-01,9.463371038436889648e-01,1.000000000000000000e+00,8.773682713508605957e-01,7.740920782089233398e-01,7.162735462188720703e-01,8.201904892921447754e-01
2.053424865007400513e-01,2.054832875728607178e-01,2.075836807489395142e-01,2.009290754795074463e-01,2.007850855588912964e-01,2.007850855588912964e-01,2.009290754795074463e-01,1.949385553598403931e-01,1.996294856071472168e-01,2.053424865007400513e-01,2.088337689638137817e-01,2.486588507890701294e-01,3.468540310859680176e-01,5.988884568214416504e-01,1.000000000000000000e+00,9.525743126869201660e-01,4.226920008659362793e-01,3.270269334316253662e-01,2.850711345672607422e-01,2.549753487110137939e-01,2.416995018720626831e-01,2.068859189748764038e-01,1.990491598844528198e-01,1.856684833765029907e-01,1.856684833765029907e-01,1.907393932342529297e-01,2.088337689638137817e-01,2.382042855024337769e-01,2.009290754795074463e-01,1.938972920179367065e-01,1.938972920179367065e-01,2.268872410058975220e-01,2.501662373542785645e-01,2.313054800033569336e-01,2.130835354328155518e-01,1.000000000000000000e+00,6.613129377365112305e-01
3.576750159263610840e-01,2.670098245143890381e-01,2.306685149669647217e-01,2.196134924888610840e-01,1.952137500047683716e-01,1.841327399015426636e-01,1.763067543506622314e-01,1.763067543506622314e-01,1.823215633630752563e-01,1.933633387088775635e-01,2.275300174951553345e-01,3.060055375099182129e-01,2.472190409898757935e-01,2.104830145835876465e-01,1.933633387088775635e-01,1.839824914932250977e-01,1.839824914932250977e-01,1.859262883663177490e-01,1.859262883663177490e-01,1.939345747232437134e-01,2.146462351083755493e-01,2.334097027778625488e-01,2.526409327983856201e-01,2.231115400791168213e-01,2.031281888484954834e-01,1.930770874023437500e-01,1.933633387088775635e-01,1.939345747232437134e-01,2.023096680641174316e-01,2.334097027778625488e-01,2.791619896888732910e-01,9.223443269729614258e-01,1.000000000000000000e+00,8.892487287521362305e-01,4.854634702205657959e-01,9.603533148765563965e-01,1.000000000000000000e+00
4.472135901451110840e-01,3.333333432674407959e-01,2.828427255153656006e-01,2.506695985794067383e-01,2.365136295557022095e-01,2.282701879739761353e-01,2.214546203613281250e-01,2.214546203613281250e-01,2.231780141592025757e-01,2.475937902927398682e-01,2.626128792762756348e-01,3.218719065189361572e-01,4.951875805854797363e-01,9.574071168899536133e-01,9.965457320213317871e-01,9.357112646102905273e-01,9.278987646102905273e-01,9.460545182228088379e-01,8.216421008110046387e-01,4.150428175926208496e-01,3.156213760375976562e-01,2.748737037181854248e-01,2.540099918842315674e-01,2.378060668706893921e-01,2.378060668706893921e-01,2.438516020774841309e-01,2.524971067905426025e-01,2.973703444004058838e-01,4.463560283184051514e-01,6.456456184387207031e-01,9.376746416091918945e-01,9.411820769309997559e-01,1.000000000000000000e+00,9.158460497856140137e-01,7.957742810249328613e-01,7.414433360099792480e-01,8.210773468017578125e-01
1.000000000000000000e+00,4.288659095764160156e-01,3.505128026008605957e-01,2.937421798706054688e-01,2.361550927162170410e-01,2.090999484062194824e-01,1.942571699619293213e-01,1.904848366975784302e-01,1.870246827602386475e-01,1.987807601690292358e-01,2.221415787935256958e-01,2.667467892169952393e-01,2.513389289379119873e-01,2.171861231327056885e-01,1.994186043739318848e-01,1.928511857986450195e-01,1.876057982444763184e-01,1.876057982444763184e-01,1.927570998668670654e-01,2.002357095479965210e-01,2.250624746084213257e-01,2.507608234882354736e-01,2.986423075199127197e-01,2.409463673830032349e-01,2.128833085298538208e-01,1.973150670528411865e-01,1.927570998668670654e-01,1.936023235321044922e-01,2.038276642560958862e-01,2.190161347389221191e-01,2.557041645050048828e-01,3.011829555034637451e-01,4.256387650966644287e-01,7.068244814872741699e-01,9.885042905807495117e-01,1.000000000000000000e+00,1.000000000000000000e+00
1.981713175773620605e-01,2.197864502668380737e-01,2.074785828590393066e-01,1.974043548107147217e-01,1.858830302953720093e-01,1.808271706104278564e-01,1.772498041391372681e-01,1.739866733551025391e-01,1.776297688484191895e-01,1.799863278865814209e-01,1.833265721797943115e-01,1.869679689407348633e-01,1.940458714962005615e-01,2.015446871519088745e-01,2.222269028425216675e-01,2.912279963493347168e-01,9.633429646492004395e-01,9.556488990783691406e-01,1.000000000000000000e+00,4.787758886814117432e-01,3.698114156723022461e-01,2.689630985260009766e-01,2.054376304149627686e-01,1.788590550422668457e-01,1.662588417530059814e-01,1.692728400230407715e-01,1.995275020599365234e-01,2.218473553657531738e-01,2.155273705720901489e-01,2.067461609840393066e-01,2.097408771514892578e-01,2.357697933912277222e-01,1.964629143476486206e-01,1.776297688484191895e-01,1.776297688484191895e-01,9.696969985961914062e-01,4.929956793785095215e-01
1.000000000000000000e+00,9.084847569465637207e-01,7.932574748992919922e-01,3.462304174900054932e-01,2.608260512351989746e-01,2.209563255310058594e-01,2.024746835231781006e-01,2.024746835231781006e-01,2.059583812952041626e-01,2.177127599716186523e-01,2.387532442808151245e-01,2.996959984302520752e-01,3.772074580192565918e-01,5.012212991714477539e-01,8.458303809165954590e-01,9.423582553863525391e-01,9.193826913833618164e-01,9.164763092994689941e-01,9.626183509826660156e-01,9.697973728179931641e-01,5.534964799880981445e-01,3.740112185478210449e-01,3.001407682895660400e-01,2.510980665683746338e-01,2.241529673337936401e-01,2.201499193906784058e-01,2.170991897583007812e-01,2.265208512544631958e-01,2.565287947654724121e-01,3.041143715381622314e-01,3.539775907993316650e-01,4.168526232242584229e-01,5.525316596031188965e-01,9.096586704254150391e-01,9.289571046829223633e-01,7.375188469886779785e-01,7.406537532806396484e-01
4.414955079555511475e-01,3.669862747192382812e-01,2.980242073535919189e-01,2.570780515670776367e-01,2.139420211315155029e-01,1.986828148365020752e-01,1.856704652309417725e-01,1.856704652309417725e-01,1.863905787467956543e-01,2.005841284990310669e-01,2.319677919149398804e-01,2.898971736431121826e-01,2.693772017955780029e-01,2.316788583993911743e-01,2.097260057926177979e-01,2.029082179069519043e-01,2.014726549386978149e-01,2.014726549386978149e-01,2.071552127599716187e-01,2.221341282129287720e-01,2.350276857614517212e-01,2.720986604690551758e-01,2.791463136672973633e-01,2.338849157094955444e-01,2.062911540269851685e-01,1.978946030139923096e-01,1.942506730556488037e-01,2.009177803993225098e-01,2.176666259765625000e-01,2.578585445880889893e-01,3.214517831802368164e-01,4.637911915779113770e-01,7.352187037467956543e-01,1.000000000000000000e+00,9.283522963523864746e-01,1.000000000000000000e+00,1.000000000000000000e+00
2.253139466047286987e-01,1.966982483863830566e-01,1.939637213945388794e-01,1.835046112537384033e-01,1.814684420824050903e-01,1.833780109882354736e-01,1.841363012790679932e-01,1.893592923879623413e-01,1.913115084171295166e-01,1.908253282308578491e-01,1.938439458608627319e-01,1.952763050794601440e-01,2.004407644271850586e-01,2.265474200248718262e-01,3.005645573139190674e-01,1.000000000000000000e+00,9.717084765434265137e-01,9.915809035301208496e-01,5.893071293830871582e-01,4.148878157138824463e-01,3.418481945991516113e-01,2.608535885810852051e-01,2.072759270668029785e-01,1.853932142257690430e-01,1.799261868000030518e-01,1.769326329231262207e-01,1.804417371749877930e-01,2.049095481634140015e-01,2.521620392799377441e-01,2.875331938266754150e-01,3.374723792076110840e-01,2.806667089462280273e-01,2.521620392799377441e-01,2.352968454360961914e-01,2.321170121431350708e-01,9.290071129798889160e-01,4.038334786891937256e-01
8.974833488464355469e-01,8.235689401626586914e-01,7.329736948013305664e-01,3.921651542186737061e-01,3.036195337772369385e-01,2.795563340187072754e-01,2.676725685596466064e-01,2.638086080551147461e-01,2.773026227951049805e-01,2.992670238018035889e-01,3.603256344795227051e-01,4.110565483570098877e-01,5.405412316322326660e-01,8.944271802902221680e-01,9.935904145240783691e-01,9.356353878974914551e-01,9.258905053138732910e-01,9.535713791847229004e-01,8.811261653900146484e-01,4.665661454200744629e-01,3.536138832569122314e-01,2.905627191066741943e-01,2.493574172258377075e-01,2.285897582769393921e-01,2.103971689939498901e-01,2.098542153835296631e-01,2.160158902406692505e-01,2.352311909198760986e-01,2.670324444770812988e-01,3.206169307231903076e-01,3.707810640335083008e-01,4.487416744232177734e-01,9.984014630317687988e-01,1.000000000000000000e+00,9.661114811897277832e-01,6.815129518508911133e-01,6.470749974250793457e-01
3.099489212036132812e-01,3.018392920494079590e-01,2.753632962703704834e-01,2.712962925434112549e-01,2.525322139263153076e-01,2.360550314188003540e-01,2.281910330057144165e-01,2.315001636743545532e-01,2.487506866455078125e-01,2.515572905540466309e-01,2.386678010225296021e-01,2.293674051761627197e-01,2.312472909688949585e-01,2.466722130775451660e-01,2.712962925434112549e-01,3.081314563751220703e-01,3.731260299682617188e-01,9.834816455841064453e-01,9.834816455841064453e-01,1.000000000000000000e+00,6.845730543136596680e-01,4.164868295192718506e-01,3.363464772701263428e-01,2.961647212505340576e-01,2.661141753196716309e-01,2.465298622846603394e-01,2.418820112943649292e-01,2.419303804636001587e-01,2.525322139263153076e-01,2.697391211986541748e-01,2.907820045948028564e-01,3.261731863021850586e-01,3.786052167415618896e-01,3.825407922267913818e-01,3.499523699283599854e-01,1.000000000000000000e+00,5.278943777084350586e-01
1.000000000000000000e+00,9.381293058395385742e-01,8.334562182426452637e-01,3.240025341510772705e-01,2.618874013423919678e-01,2.348584085702896118e-01,1.967934966087341309e-01,1.766633987426757812e-01,1.694647073745727539e-01,1.698004454374313354e-01,1.149476990103721619e-01,7.248355448246002197e-02,5.660014599561691284e-02,5.062470957636833191e-02,4.667367786169052124e-02,4.543706774711608887e-02,4.528011754155158997e-02,4.528011754155158997e-02,4.528011754155158997e-02,4.528011754155158997e-02,4.543706774711608887e-02,4.667367786169052124e-02,5.062470957636833191e-02,5.660014599561691284e-02,7.248355448246002197e-02,1.149476990103721619e-01,1.735737770795822144e-01,1.674786359071731567e-01,1.695906817913055420e-01,1.768647730350494385e-01,1.947937011718750000e-01,2.188864201307296753e-01,2.649413645267486572e-01,3.437264859676361084e-01,7.668431997299194336e-01,9.064108729362487793e-01,1.000000000000000000e+00
1.000000000000000000e+00,9.447790980339050293e-01,8.658651709556579590e-01,7.746472358703613281e-01,4.789366126060485840e-01,2.667983174324035645e-01,2.126570343971252441e-01,1.933559775352478027e-01,1.836559623479843140e-01,1.828541606664657593e-01,1.927640289068222046e-01,2.147198617458343506e-01,2.525905668735504150e-01,3.483314812183380127e-01,4.282595515251159668e-01,6.071581244468688965e-01,5.862271189689636230e-01,5.775858759880065918e-01,5.775858759880065918e-01,5.862271189689636230e-01,6.071581244468688965e-01,5.762558579444885254e-01,3.483314812183380127e-01,2.686278223991394043e-01,2.223401069641113281e-01,1.983573883771896362e-01,1.772321015596389771e-01,1.774162501096725464e-01,1.806986331939697266e-01,1.999150812625885010e-01,2.344908565282821655e-01,2.857096195220947266e-01,4.472062885761260986e-01,6.705112457275390625e-01,9.253640174865722656e-01,6.390947699546813965e-01,7.730282545089721680e-01
2.968379557132720947e-01,2.798925936222076416e-01,2.620323002338409424e-01,2.453003823757171631e-01,2.272714525461196899e-01,2.216192930936813354e-01,2.159642577171325684e-01,2.153106033802032471e-01,2.153106033802032471e-01,2.294660359621047974e-01,2.230282127857208252e-01,2.219723612070083618e-01,2.185593843460083008e-01,2.217605859041213989e-01,2.343955338001251221e-01,2.608941793441772461e-01,2.891404330730438232e-01,3.380815684795379639e-01,9.469069242477416992e-01,9.626542329788208008e-01,1.000000000000000000e+00,5.394390821456909180e-01,3.690874278545379639e-01,3.068010210990905762e-01,2.678257226943969727e-01,2.470816373825073242e-01,2.238692939281463623e-01,2.199166864156723022e-01,2.204856872558593750e-01,2.266503870487213135e-01,2.454918473958969116e-01,2.798366248607635498e-01,3.253815174102783203e-01,3.502767682075500488e-01,3.258144557476043701e-01,1.000000000000000000e+00,5.517444014549255371e-01
7.983871698379516602e-01,1.000000000000000000e+00,9.401814341545104980e-01,8.362874984741210938e-01,2.945826649665832520e-01,2.404522150754928589e-01,2.058036029338836670e-01,1.791402697563171387e-01,1.706481873989105225e-01,1.699473708868026733e-01,1.737287342548370361e-01,1.935164481401443481e-01,2.195823639631271362e-01,2.042513340711593628e-01,1.866801828145980835e-01,1.761543899774551392e-01,1.711912900209426880e-01,1.699473708868026733e-01,1.699473708868026733e-01,1.711912900209426880e-01,1.761543899774551392e-01,1.846086680889129639e-01,2.042513340711593628e-01,2.403418868780136108e-01,2.648581564426422119e-01,2.111467421054840088e-01,1.802472174167633057e-01,1.648779064416885376e-01,1.628547906875610352e-01,1.731170117855072021e-01,1.860397607088088989e-01,2.091273665428161621e-01,2.396235316991806030e-01,2.833860516548156738e-01,3.717229664325714111e-01,8.292682766914367676e-01,1.000000000000000000e+00
1.000000000000000000e+00,9.724676609039306641e-01,9.268373250961303711e-01,8.462285399436950684e-01,7.681007385253906250e-01,6.145902872085571289e-01,2.757127285003662109e-01,2.092286348342895508e-01,1.924387067556381226e-01,1.795574873685836792e-01,1.795574873685836792e-01,1.828224360942840576e-01,2.047992497682571411e-01,2.556739151477813721e-01,3.050490021705627441e-01,4.029734432697296143e-01,7.051379680633544922e-01,7.543845772743225098e-01,7.543845772743225098e-01,7.650138139724731445e-01,7.929230332374572754e-01,8.461935520172119141e-01,4.797114133834838867e-01,3.399910926818847656e-01,2.546305656433105469e-01,2.187658399343490601e-01,2.001241892576217651e-01,1.960929334163665771e-01,1.945786774158477783e-01,2.099342942237854004e-01,2.344299554824829102e-01,2.846856415271759033e-01,3.750690221786499023e-01,5.350913405418395996e-01,7.017741799354553223e-01,6.097561120986938477e-01,7.889512181282043457e-01
0.000000000000000000e+00,0.000000000000000000e+00,0.000000000000000000e+00,0.000000000000000000e+00,0.000000000000000000e+00,0.000000000000000000e+00,0.000000000000000000e+00,0.000000000000000000e+00,0.000000000000000000e+00,0.000000000000000000e+00,0.000000000000000000e+00,0.000000000000000000e+00,0.000000000000000000e+00,0.000000000000000000e+00,0.000000000000000000e+00,0.000000000000000000e+00,0.000000000000000000e+00,0.000000000000000000e+00,0.000000000000000000e+00,0.000000000000000000e+00,0.000000000000000000e+00,0.000000000000000000e+00,0.000000000000000000e+00,0.000000000000000000e+00,0.000000000000000000e+00,0.000000000000000000e+00,0.000000000000000000e+00,0.000000000000000000e+00,0.000000000000000000e+00,0.000000000000000000e+00,0.000000000000000000e+00,0.000000000000000000e+00,0.000000000000000000e+00,0.000000000000000000e+00,0.000000000000000000e+00,1.000000000000000000e+00,1.000000000000000000e+00
8.176316022872924805e-01,8.288325667381286621e-01,9.365396499633789062e-01,8.274503350257873535e-01,6.522798538208007812e-01,4.186814129352569580e-01,3.503348529338836670e-01,3.121798932552337646e-01,2.665208876132965088e-01,2.486849427223205566e-01,2.461790740489959717e-01,2.421420067548751831e-01,2.650853991508483887e-01,3.119251430034637451e-01,3.771704435348510742e-01,4.450397789478302002e-01,6.606110930442810059e-01,6.885158419609069824e-01,6.885158419609069824e-01,6.990340948104858398e-01,7.257472276687622070e-01,7.742476463317871094e-01,8.616175055503845215e-01,1.000000000000000000e+00,5.423261523246765137e-01,3.843107521533966064e-01,2.988584637641906738e-01,2.654449939727783203e-01,2.471458762884140015e-01,2.483650892972946167e-01,2.472101897001266479e-01,2.661627531051635742e-01,2.799613773822784424e-01,3.156238794326782227e-01,4.468579590320587158e-01,6.167431473731994629e-01,6.631680130958557129e-01
2.384162843227386475e-01,2.652189433574676514e-01,2.235012054443359375e-01,1.992846876382827759e-01,1.812984049320220947e-01,1.711262613534927368e-01,1.643989831209182739e-01,1.604938954114913940e-01,1.544034779071807861e-01,1.538291275501251221e-01,1.574781388044357300e-01,1.608611643314361572e-01,1.643989831209182739e-01,1.850036978721618652e-01,2.154005169868469238e-01,2.582293748855590820e-01,3.903791010379791260e-01,4.861470460891723633e-01,8.848239183425903320e-01,8.994339704513549805e-01,9.353275895118713379e-01,1.000000000000000000e+00,2.532976269721984863e-01,1.997652947902679443e-01,1.752154678106307983e-01,1.612275838851928711e-01,1.574781388044357300e-01,1.582258045673370361e-01,1.712985932826995850e-01,1.864731013774871826e-01,1.854019761085510254e-01,1.615475267171859741e-01,1.519474983215332031e-01,1.499931216239929199e-01,1.529153287410736084e-01,5.681541562080383301e-01,4.309557974338531494e-01
1.000000000000000000e+00,1.000000000000000000e+00,1.000000000000000000e+00,1.000000000000000000e+00,1.000000000000000000e+00,1.000000000000000000e+00,1.000000000000000000e+00,1.000000000000000000e+00,1.000000000000000000e+00,1.000000000000000000e+00,1.000000000000000000e+00,1.000000000000000000e+00,1.000000000000000000e+00,1.000000000000000000e+00,1.000000000000000000e+00,1.000000000000000000e+00,1.000000000000000000e+00,1.000000000000000000e+00,1.000000000000000000e+00,1.000000000000000000e+00,1.000000000000000000e+00,1.000000000000000000e+00,1.000000000000000000e+00,1.000000000000000000e+00,1.000000000000000000e+00,1.000000000000000000e+00,1.000000000000000000e+00,1.000000000000000000e+00,1.000000000000000000e+00,1.000000000000000000e+00,1.000000000000000000e+00,1.000000000000000000e+00,1.000000000000000000e+00,1.000000000000000000e+00,1.000000000000000000e+00,1.000000000000000000e+00,1.000000000000000000e+00
8.232897520065307617e-01,8.232318162918090820e-01,9.349255561828613281e-01,8.097380399703979492e-01,6.194772124290466309e-01,4.346297383308410645e-01,3.347400128841400146e-01,2.943560183048248291e-01,2.665208876132965088e-01,2.392356693744659424e-01,2.366969287395477295e-01,2.497057020664215088e-01,2.695459425449371338e-01,2.875254750251770020e-01,3.568542897701263428e-01,4.607314169406890869e-01,6.031448841094970703e-01,6.828817725181579590e-01,6.828817725181579590e-01,6.934854984283447266e-01,7.204043865203857422e-01,7.666540145874023438e-01,8.537209033966064453e-01,1.000000000000000000e+00,5.423261523246765137e-01,3.665245175361633301e-01,2.932196259498596191e-01,2.612188756465911865e-01,2.471458762884140015e-01,2.483650892972946167e-01,2.473387718200683594e-01,2.616445422172546387e-01,2.900030016899108887e-01,3.209683299064636230e-01,4.922612607479095459e-01,6.292902827262878418e-01,6.643819808959960938e-01
2.281747460365295410e-01,2.674179673194885254e-01,2.286140322685241699e-01,1.985499858856201172e-01,1.799542754888534546e-01,1.694855242967605591e-01,1.603603214025497437e-01,1.547765880823135376e-01,1.602640300989151001e-01,1.610806137323379517e-01,1.481004804372787476e-01,1.511948257684707642e-01,1.650561690330505371e-01,1.725989133119583130e-01,1.994806975126266479e-01,2.553716897964477539e-01,3.401755988597869873e-01,4.855361878871917725e-01,8.852353096008300781e-01,8.999772071838378906e-01,9.355896711349487305e-01,1.000000000000000000e+00,3.289882242679595947e-01,2.153682410717010498e-01,1.880083531141281128e-01,1.734464168548583984e-01,1.610806137323379517e-01,1.618453860282897949e-01,1.839414834976196289e-01,2.082261592149734497e-01,2.147941142320632935e-01,1.900497674942016602e-01,1.678382158279418945e-01,1.615112423896789551e-01,1.725989133119583130e-01,5.812602043151855469e-01,4.361798167228698730e-01
1.000000000000000000e+00,1.000000000000000000e+00,1.000000000000000000e+00,1.000000000000000000e+00,1.000000000000000000e+00,1.000000000000000000e+00,1.000000000000000000e+00,1.000000000000000000e+00,1.000000000000000000e+00,1.000000000000000000e+00,1.000000000000000000e+00,1.000000000000000000e+00,1.000000000000000000e+00,1.000000000000000000e+00,1.000000000000000000e+00,1.000000000000000000e+00,1.000000000000000000e+00,1.000000000000000000e+00,1.000000000000000000e+00,1.000000000000000000e+00,1.000000000000000000e+00,1.000000000000000000e+00,1.000000000000000000e+00,1.000000000000000000e+00,1.000000000000000000e+00,1.000000000000000000e+00,1.000000000000000000e+00,1.000000000000000000e+00,1.000000000000000000e+00,1.000000000000000000e+00,1.000000000000000000e+00,1.000000000000000000e+00,1.000000000000000000e+00,1.000000000000000000e+00,1.000000000000000000e+00,1.000000000000000000e+00,1.000000000000000000e+00
9.050041437149047852e-01,1.000000000000000000e+00,9.331807494163513184e-01,7.753407359123229980e-01,5.184686779975891113e-01,3.698244690895080566e-01,3.064627349376678467e-01,2.751145064830780029e-01,2.479152381420135498e-01,2.239886522293090820e-01,2.237573117017745972e-01,2.365106642246246338e-01,2.588177621364593506e-01,2.830331027507781982e-01,3.456957340240478516e-01,4.823102653026580811e-01,7.226714491844177246e-01,7.116215229034423828e-01,7.116215229034423828e-01,7.226714491844177246e-01,7.507233023643493652e-01,7.989193797111511230e-01,8.896505832672119141e-01,8.133116364479064941e-01,4.783926308155059814e-01,3.391920924186706543e-01,2.585508227348327637e-01,2.294711768627166748e-01,2.155035138130187988e-01,2.167815417051315308e-01,2.285665571689605713e-01,2.386181950569152832e-01,2.706860601902008057e-01,2.992226481437683105e-01,6.849187016487121582e-01,5.607731938362121582e-01,6.653944253921508789e-01
2.416334152221679688e-01,3.009706735610961914e-01,2.881599962711334229e-01,2.288670539855957031e-01,2.055572122335433960e-01,1.794824600219726562e-01,1.684886813163757324e-01,1.631649881601333618e-01,1.589736789464950562e-01,1.544448435306549072e-01,1.574968695640563965e-01,1.581549346446990967e-01,1.664212644100189209e-01,1.914296746253967285e-01,2.355022579431533813e-01,2.704345583915710449e-01,4.066693484783172607e-01,5.766953229904174805e-01,9.457593560218811035e-01,9.620189070701599121e-01,1.000000000000000000e+00,4.252706468105316162e-01,2.328782975673675537e-01,1.988803744316101074e-01,1.842885315418243408e-01,1.705817878246307373e-01,1.622607260942459106e-01,1.631119400262832642e-01,1.723986864089965820e-01,2.055151015520095825e-01,2.412390857934951782e-01,2.390405535697937012e-01,2.132855802774429321e-01,2.018179446458816528e-01,2.080681771039962769e-01,5.426644086837768555e-01,4.159608781337738037e-01
1.000000000000000000e+00,1.000000000000000000e+00,1.000000000000000000e+00,1.000000000000000000e+00,1.000000000000000000e+00,1.000000000000000000e+00,1.000000000000000000e+00,1.000000000000000000e+00,1.000000000000000000e+00,1.000000000000000000e+00,1.000000000000000000e+00,1.000000000000000000e+00,1.000000000000000000e+00,1.000000000000000000e+00,1.000000000000000000e+00,1.000000000000000000e+00,1.000000000000000000e+00,1.000000000000000000e+00,1.000000000000000000e+00,1.000000000000000000e+00,1.000000000000000000e+00,1.000000000000000000e+00,1.000000000000000000e+00,1.000000000000000000e+00,1.000000000000000000e+00,1.000000000000000000e+00,1.000000000000000000e+00,1.000000000000000000e+00,1.000000000000000000e+00,1.000000000000000000e+00,1.000000000000000000e+00,1.000000000000000000e+00,1.000000000000000000e+00,1.000000000000000000e+00,1.000000000000000000e+00,1.000000000000000000e+00,1.000000000000000000e+00
6.146855950355529785e-01,8.136706352233886719e-01,1.000000000000000000e+00,8.668255805969238281e-01,7.478300929069519043e-01,4.423356652259826660e-01,3.362673223018646240e-01,2.941736876964569092e-01,2.506388723850250244e-01,2.341405749320983887e-01,2.389981001615524292e-01,2.575135827064514160e-01,2.801407575607299805e-01,3.020375370979309082e-01,3.579411208629608154e-01,5.016443729400634766e-01,6.916950941085815430e-01,6.872282624244689941e-01,6.869829297065734863e-01,6.981332898139953613e-01,7.247310876846313477e-01,7.724614143371582031e-01,8.580314517021179199e-01,9.426934719085693359e-01,5.076559782028198242e-01,3.477362990379333496e-01,2.823200225830078125e-01,2.443866133689880371e-01,2.302473038434982300e-01,2.318388968706130981e-01,2.348592877388000488e-01,2.446998953819274902e-01,2.699463367462158203e-01,3.046137094497680664e-01,3.604578077793121338e-01,5.767596960067749023e-01,6.405558586120605469e-01
1.929132938385009766e-01,2.570236325263977051e-01,2.268796265125274658e-01,2.043626755475997925e-01,1.782376617193222046e-01,1.602947413921356201e-01,1.581454426050186157e-01,1.493822783231735229e-01,1.496207118034362793e-01,1.447280794382095337e-01,1.421434432268142700e-01,1.435409486293792725e-01,1.450724899768829346e-01,1.549576222896575928e-01,1.697139590978622437e-01,1.894075125455856323e-01,2.527722418308258057e-01,3.870073854923248291e-01,8.849666714668273926e-01,8.997946381568908691e-01,9.350446462631225586e-01,1.000000000000000000e+00,3.833982646465301514e-01,2.311754375696182251e-01,1.891438513994216919e-01,1.630289852619171143e-01,1.510906368494033813e-01,1.496207118034362793e-01,1.516558229923248291e-01,1.669183820486068726e-01,1.708861440420150757e-01,1.555087417364120483e-01,1.480880677700042725e-01,1.480880677700042725e-01,1.577391922473907471e-01,5.440091490745544434e-01,4.015804827213287354e-01
0.000000000000000000e+00,0.000000000000000000e+00,0.000000000000000000e+00,0.000000000000000000e+00,0.000000000000000000e+00,0.000000000000000000e+00,0.000000000000000000e+00,0.000000000000000000e+00,0.000000000000000000e+00,0.000000000000000000e+00,0.000000000000000000e+00,0.000000000000000000e+00,0.000000000000000000e+00,0.000000000000000000e+00,0.000000000000000000e+00,0.000000000000000000e+00,0.000000000000000000e+00,0.000000000000000000e+00,0.000000000000000000e+00,0.000000000000000000e+00,0.000000000000000000e+00,0.000000000000000000e+00,0.000000000000000000e+00,0.000000000000000000e+00,0.000000000000000000e+00,0.000000000000000000e+00,0.000000000000000000e+00,0.000000000000000000e+00,0.000000000000000000e+00,0.000000000000000000e+00,0.000000000000000000e+00,0.000000000000000000e+00,0.000000000000000000e+00,0.000000000000000000e+00,0.000000000000000000e+00,1.000000000000000000e+00,1.000000000000000000e+00
8.463451266288757324e-01,1.000000000000000000e+00,9.067689776420593262e-01,7.672225236892700195e-01,5.587945580482482910e-01,3.949662446975708008e-01,3.271270692348480225e-01,2.872889339923858643e-01,2.610513567924499512e-01,2.386287748813629150e-01,2.337775379419326782e-01,2.321379333734512329e-01,2.459850460290908813e-01,2.876764535903930664e-01,3.163937926292419434e-01,3.970961272716522217e-01,5.459734797477722168e-01,6.663297414779663086e-01,6.663297414779663086e-01,6.761926412582397461e-01,7.011510729789733887e-01,7.494255304336547852e-01,8.338609933853149414e-01,9.863472580909729004e-01,5.678352713584899902e-01,3.721877634525299072e-01,2.877317667007446289e-01,2.504094839096069336e-01,2.348642498254776001e-01,2.326173484325408936e-01,2.393612861633300781e-01,2.459850460290908813e-01,2.751208841800689697e-01,3.157896101474761963e-01,8.282884359359741211e-01,6.055027842521667480e-01,6.790409684181213379e-01
2.565340399742126465e-01,2.799994349479675293e-01,2.456073760986328125e-01,2.168722897768020630e-01,1.971240490674972534e-01,1.839918345212936401e-01,1.705778092145919800e-01,1.633633971214294434e-01,1.663334518671035767e-01,1.660060733556747437e-01,1.608706116676330566e-01,1.657718271017074585e-01,1.853385418653488159e-01,2.065950334072113037e-01,2.319371998310089111e-01,3.023654222488403320e-01,4.207940399646759033e-01,5.739526748657226562e-01,8.843820095062255859e-01,8.992400765419006348e-01,9.351245760917663574e-01,1.000000000000000000e+00,2.180872708559036255e-01,1.933424174785614014e-01,1.886632591485977173e-01,1.740505993366241455e-01,1.695266813039779663e-01,1.706689000129699707e-01,1.795452684164047241e-01,2.056146413087844849e-01,2.342377901077270508e-01,2.136955559253692627e-01,1.874234080314636230e-01,1.882921606302261353e-01,1.971634626388549805e-01,6.053051948547363281e-01,4.362854361534118652e-01
1.000000000000000000e+00,1.000000000000000000e+00,1.000000000000000000e+00,1.000000000000000000e+00,1.000000000000000000e+00,1.000000000000000000e+00,1.000000000000000000e+00,1.000000000000000000e+00,1.000000000000000000e+00,1.000000000000000000e+00,1.000000000000000000e+00,1.000000000000000000e+00,1.000000000000000000e+00,1.000000000000000000e+00,1.000000000000000000e+00,1.000000000000000000e+00,1.000000000000000000e+00,1.000000000000000000e+00,1.000000000000000000e+00,1.000000000000000000e+00,1.000000000000000000e+00,1.000000000000000000e+00,1.000000000000000000e+00,1.000000000000000000e+00,1.000000000000000000e+00,1.000000000000000000e+00,1.000000000000000000e+00,1.000000000000000000e+00,1.000000000000000000e+00,1.000000000000000000e+00,1.000000000000000000e+00,1.000000000000000000e+00,1.000000000000000000e+00,1.000000000000000000e+00,1.000000000000000000e+00,1.000000000000000000e+00,1.000000000000000000e+00
8.771547675132751465e-01,8.944417238235473633e-01,9.389107227325439453e-01,8.203548789024353027e-01,6.257359981536865234e-01,4.148567914962768555e-01,3.381220102310180664e-01,3.026828765869140625e-01,2.635504901409149170e-01,2.403064966201782227e-01,2.378640174865722656e-01,2.369073629379272461e-01,2.517780065536499023e-01,2.904304563999176025e-01,3.575226962566375732e-01,4.188647866249084473e-01,6.314134001731872559e-01,6.783994436264038086e-01,6.783994436264038086e-01,6.882745027542114258e-01,7.150680422782897949e-01,7.616642117500305176e-01,8.463981747627258301e-01,1.000000000000000000e+00,5.605383515357971191e-01,3.577948212623596191e-01,2.790946960449218750e-01,2.472926378250122070e-01,2.394950985908508301e-01,2.370442599058151245e-01,2.417869716882705688e-01,2.517780065536499023e-01,2.777546942234039307e-01,3.134248554706573486e-01,5.374925732612609863e-01,6.134402155876159668e-01,6.749448776245117188e-01
2.880517840385437012e-01,3.445330560207366943e-01,2.980827391147613525e-01,2.555398046970367432e-01,2.293897867202758789e-01,2.212056815624237061e-01,1.967326402664184570e-01,1.806939244270324707e-01,1.676610112190246582e-01,1.627116799354553223e-01,1.518166214227676392e-01,1.511851251125335693e-01,1.668289452791213989e-01,1.918986141681671143e-01,2.153079211711883545e-01,2.804016768932342529e-01,3.823668658733367920e-01,4.942791163921356201e-01,8.853828310966491699e-01,9.005769491195678711e-01,9.351446628570556641e-01,1.000000000000000000e+00,3.759439289569854736e-01,2.110649794340133667e-01,1.865204274654388428e-01,1.709996610879898071e-01,1.627116799354553223e-01,1.619616001844406128e-01,1.635646969079971313e-01,1.759630143642425537e-01,2.242127656936645508e-01,2.686153054237365723e-01,2.733972072601318359e-01,2.498608082532882690e-01,2.544141411781311035e-01,5.582173466682434082e-01,4.664112925529479980e-01
1.000000000000000000e+00,1.000000000000000000e+00,1.000000000000000000e+00,1.000000000000000000e+00,1.000000000000000000e+00,1.000000000000000000e+00,1.000000000000000000e+00,1.000000000000000000e+00,1.000000000000000000e+00,1.000000000000000000e+00,1.000000000000000000e+00,1.000000000000000000e+00,1.000000000000000000e+00,1.000000000000000000e+00,1.000000000000000000e+00,1.000000000000000000e+00,1.000000000000000000e+00,1.000000000000000000e+00,1.000000000000000000e+00,1.000000000000000000e+00,1.000000000000000000e+00,1.000000000000000000e+00,1.000000000000000000e+00,1.000000000000000000e+00,1.000000000000000000e+00,1.000000000000000000e+00,1.000000000000000000e+00,1.000000000000000000e+00,1.000000000000000000e+00,1.000000000000000000e+00,1.000000000000000000e+00,1.000000000000000000e+00,1.000000000000000000e+00,1.000000000000000000e+00,1.000000000000000000e+00,1.000000000000000000e+00,1.000000000000000000e+00
2.770735919475555420e-01,2.694441974163055420e-01,2.556651830673217773e-01,2.581118047237396240e-01,3.124875426292419434e-01,4.346138834953308105e-01,2.735098004341125488e-01,2.469422370195388794e-01,2.336081564426422119e-01,2.287007123231887817e-01,2.190459221601486206e-01,2.204411327838897705e-01,2.205106616020202637e-01,2.391208261251449585e-01,2.488591820001602173e-01,2.951821088790893555e-01,3.438321650028228760e-01,4.898015558719635010e-01,7.648339867591857910e-01,8.112289309501647949e-01,8.422315716743469238e-01,8.989984393119812012e-01,1.000000000000000000e+00,3.899981975555419922e-01,3.293494284152984619e-01,2.739578187465667725e-01,2.270863354206085205e-01,2.229305058717727661e-01,2.223797142505645752e-01,2.412271052598953247e-01,2.623530924320220947e-01,2.658934593200683594e-01,2.700125277042388916e-01,2.784533202648162842e-01,2.813014686107635498e-01,8.092833757400512695e-01,5.369805097579956055e-01
8.075612783432006836e-01,8.106244802474975586e-01,7.929919362068176270e-01,1.000000000000000000e+00,6.029382348060607910e-01,3.065379559993743896e-01,2.060507088899612427e-01,1.785960644483566284e-01,1.445862054824829102e-01,1.403505504131317139e-01,1.403505504131317139e-01,1.500000059604644775e-01,1.602799296379089355e-01,1.764105707406997681e-01,1.930918991565704346e-01,2.320263087749481201e-01,3.138333559036254883e-01,3.965910673141479492e-01,4.597600698471069336e-01,4.652122259140014648e-01,4.817353785037994385e-01,5.138176679611206055e-01,5.686114430427551270e-01,6.735456585884094238e-01,8.519753813743591309e-01,5.493726730346679688e-01,4.267964065074920654e-01,3.646561801433563232e-01,3.376516401767730713e-01,3.424052894115447998e-01,3.900707364082336426e-01,4.373213946819305420e-01,4.991371929645538330e-01,5.980572104454040527e-01,7.512345910072326660e-01,4.375229179859161377e-01,7.614728212356567383e-01
1.000000000000000000e+00,1.000000000000000000e+00,1.000000000000000000e+00,1.000000000000000000e+00,1.000000000000000000e+00,1.000000000000000000e+00,1.000000000000000000e+00,1.000000000000000000e+00,1.000000000000000000e+00,1.000000000000000000e+00,1.000000000000000000e+00,1.000000000000000000e+00,1.000000000000000000e+00,1.000000000000000000e+00,1.000000000000000000e+00,1.000000000000000000e+00,1.000000000000000000e+00,1.000000000000000000e+00,1.000000000000000000e+00,1.000000000000000000e+00,1.000000000000000000e+00,1.000000000000000000e+00,1.000000000000000000e+00,1.000000000000000000e+00,1.000000000000000000e+00,1.000000000000000000e+00,1.000000000000000000e+00,1.000000000000000000e+00,1.000000000000000000e+00,1.000000000000000000e+00,1.000000000000000000e+00,1.000000000000000000e+00,1.000000000000000000e+00,1.000000000000000000e+00,1.000000000000000000e+00,1.000000000000000000e+00,1.000000000000000000e+00
3.088195323944091797e-01,2.861914932727813721e-01,2.578188776969909668e-01,2.413560003042221069e-01,2.202695310115814209e-01,2.104121744632720947e-01,2.081663608551025391e-01,2.069244384765625000e-01,2.110597044229507446e-01,2.150450050830841064e-01,2.020305097103118896e-01,2.031531184911727905e-01,2.048625051975250244e-01,2.378120422363281250e-01,2.871963381767272949e-01,3.456547558307647705e-01,5.609579682350158691e-01,7.298869490623474121e-01,8.876786828041076660e-01,9.018450379371643066e-01,9.368902444839477539e-01,1.000000000000000000e+00,3.709187805652618408e-01,3.018677234649658203e-01,2.315450757741928101e-01,2.138430327177047729e-01,2.104121744632720947e-01,2.323295325040817261e-01,2.578188776969909668e-01,2.871963381767272949e-01,2.890906333923339844e-01,2.919090688228607178e-01,3.201494514942169189e-01,3.526032865047454834e-01,3.484943211078643799e-01,7.869562506675720215e-01,4.980279505252838135e-01
1.000000000000000000e+00,8.977103233337402344e-01,8.008356094360351562e-01,7.009458541870117188e-01,4.155634641647338867e-01,3.311047852039337158e-01,2.383836209774017334e-01,2.153290659189224243e-01,2.061415612697601318e-01,2.056530714035034180e-01,2.100085616111755371e-01,2.347699403762817383e-01,2.581339478492736816e-01,3.315601050853729248e-01,3.600631356239318848e-01,3.780499994754791260e-01,4.403578341007232666e-01,5.630925297737121582e-01,5.818908214569091797e-01,5.899161100387573242e-01,6.100326180458068848e-01,6.501387357711791992e-01,7.205451726913452148e-01,8.581869006156921387e-01,6.090425848960876465e-01,4.231186807155609131e-01,3.403912782669067383e-01,3.061682581901550293e-01,2.923894226551055908e-01,3.149928748607635498e-01,3.712038695812225342e-01,4.311833083629608154e-01,5.010926127433776855e-01,8.592410683631896973e-01,9.338438510894775391e-01,5.861272215843200684e-01,7.443435192108154297e-01
1.000000000000000000e+00,1.000000000000000000e+00,1.000000000000000000e+00,1.000000000000000000e+00,1.000000000000000000e+00,1.000000000000000000e+00,1.000000000000000000e+00,1.000000000000000000e+00,1.000000000000000000e+00,1.000000000000000000e+00,1.000000000000000000e+00,1.000000000000000000e+00,1.000000000000000000e+00,1.000000000000000000e+00,1.000000000000000000e+00,1.000000000000000000e+00,1.000000000000000000e+00,1.000000000000000000e+00,1.000000000000000000e+00,1.000000000000000000e+00,1.000000000000000000e+00,1.000000000000000000e+00,1.000000000000000000e+00,1.000000000000000000e+00,1.000000000000000000e+00,1.000000000000000000e+00,1.000000000000000000e+00,1.000000000000000000e+00,1.000000000000000000e+00,1.000000000000000000e+00,1.000000000000000000e+00,1.000000000000000000e+00,1.000000000000000000e+00,1.000000000000000000e+00,1.000000000000000000e+00,1.000000000000000000e+00,1.000000000000000000e+00
9.100626707077026367e-01,1.000000000000000000e+00,8.825107216835021973e-01,7.739810347557067871e-01,6.013020277023315430e-01,4.275803864002227783e-01,3.172970116138458252e-01,2.859254181385040283e-01,2.770119011402130127e-01,2.813766002655029297e-01,2.634844183921813965e-01,2.507292032241821289e-01,2.506577074527740479e-01,2.669976949691772461e-01,2.906497120857238770e-01,3.380253612995147705e-01,3.949431180953979492e-01,4.879098236560821533e-01,5.871886610984802246e-01,5.954620838165283203e-01,6.171857714653015137e-01,6.586498022079467773e-01,7.315830588340759277e-01,8.686545491218566895e-01,6.025524139404296875e-01,3.833381533622741699e-01,2.993367910385131836e-01,2.642993032932281494e-01,2.490079253911972046e-01,2.474919855594635010e-01,2.582636475563049316e-01,2.742160558700561523e-01,3.240035772323608398e-01,5.035980343818664551e-01,8.120141625404357910e-01,7.796162366867065430e-01,7.831159234046936035e-01
3.481516540050506592e-01,3.118071258068084717e-01,2.708960771560668945e-01,2.479217052459716797e-01,2.263282537460327148e-01,2.170516252517700195e-01,1.995735466480255127e-01,1.984664052724838257e-01,1.922904998064041138e-01,1.923996061086654663e-01,1.922904998064041138e-01,1.995735466480255127e-01,2.089231461286544800e-01,2.335831671953201294e-01,2.797002196311950684e-01,3.368784487247467041e-01,5.133314132690429688e-01,6.026160120964050293e-01,8.210245966911315918e-01,9.002223014831542969e-01,9.358811378479003906e-01,1.000000000000000000e+00,3.020991981029510498e-01,2.504481673240661621e-01,2.192161828279495239e-01,2.022370845079421997e-01,1.969805508852005005e-01,1.932701915502548218e-01,2.016135305166244507e-01,2.160826474428176880e-01,2.462656199932098389e-01,2.758473157882690430e-01,2.773268222808837891e-01,2.752380669116973877e-01,3.351610302925109863e-01,7.497495412826538086e-01,5.867397189140319824e-01
1.000000000000000000e+00,1.000000000000000000e+00,1.000000000000000000e+00,1.000000000000000000e+00,1.000000000000000000e+00,1.000000000000000000e+00,1.000000000000000000e+00,1.000000000000000000e+00,1.000000000000000000e+00,1.000000000000000000e+00,1.000000000000000000e+00,1.000000000000000000e+00,1.000000000000000000e+00,1.000000000000000000e+00,1.000000000000000000e+00,1.000000000000000000e+00,1.000000000000000000e+00,1.000000000000000000e+00,1.000000000000000000e+00,1.000000000000000000e+00,1.000000000000000000e+00,1.000000000000000000e+00,1.000000000000000000e+00,1.000000000000000000e+00,1.000000000000000000e+00,1.000000000000000000e+00,1.000000000000000000e+00,1.000000000000000000e+00,1.000000000000000000e+00,1.000000000000000000e+00,1.000000000000000000e+00,1.000000000000000000e+00,1.000000000000000000e+00,1.000000000000000000e+00,1.000000000000000000e+00,1.000000000000000000e+00,1.000000000000000000e+00
1.000000000000000000e+00,9.002271294593811035e-01,8.024127483367919922e-01,5.971742868423461914e-01,4.451306164264678955e-01,3.536322414875030518e-01,3.246960341930389404e-01,3.104739189147949219e-01,2.942446768283843994e-01,2.572372555732727051e-01,2.298375070095062256e-01,2.317703068256378174e-01,2.353515177965164185e-01,2.633075416088104248e-01,3.179862201213836670e-01,3.747613728046417236e-01,5.338364839553833008e-01,6.957384943962097168e-01,6.957384943962097168e-01,7.056858539581298828e-01,7.326683998107910156e-01,7.826415896415710449e-01,8.670121431350708008e-01,9.906814694404602051e-01,4.881495237350463867e-01,3.519462645053863525e-01,2.804669439792633057e-01,2.513901889324188232e-01,2.391123622655868530e-01,2.333687394857406616e-01,2.415870726108551025e-01,2.524231970310211182e-01,3.163453042507171631e-01,8.643282055854797363e-01,8.951334953308105469e-01,6.388385295867919922e-01,7.477820515632629395e-01
2.488878369331359863e-01,2.169117331504821777e-01,2.106833010911941528e-01,1.946715712547302246e-01,1.865998208522796631e-01,1.790463775396347046e-01,1.774971187114715576e-01,1.808007061481475830e-01,1.785498708486557007e-01,1.776637583971023560e-01,1.821053475141525269e-01,2.026165425777435303e-01,2.310055941343307495e-01,2.803838551044464111e-01,3.427805602550506592e-01,5.188306570053100586e-01,5.882555246353149414e-01,9.361548423767089844e-01,9.830382466316223145e-01,1.000000000000000000e+00,2.986125648021697998e-01,2.316451966762542725e-01,2.139354944229125977e-01,1.893807351589202881e-01,1.768289953470230103e-01,1.745269447565078735e-01,1.737339049577713013e-01,1.829699575901031494e-01,2.121297121047973633e-01,2.212787717580795288e-01,2.013957947492599487e-01,1.998717337846755981e-01,2.105896472930908203e-01,3.076264858245849609e-01,2.674193680286407471e-01,6.299189925193786621e-01,5.092053413391113281e-01
0.000000000000000000e+00,0.000000000000000000e+00,0.000000000000000000e+00,0.000000000000000000e+00,0.000000000000000000e+00,0.000000000000000000e+00,0.000000000000000000e+00,0.000000000000000000e+00,0.000000000000000000e+00,0.000000000000000000e+00,0.000000000000000000e+00,0.000000000000000000e+00,0.000000000000000000e+00,0.000000000000000000e+00,0.000000000000000000e+00,0.000000000000000000e+00,0.000000000000000000e+00,0.000000000000000000e+00,0.000000000000000000e+00,0.000000000000000000e+00,0.000000000000000000e+00,0.000000000000000000e+00,0.000000000000000000e+00,0.000000000000000000e+00,0.000000000000000000e+00,0.000000000000000000e+00,0.000000000000000000e+00,0.000000000000000000e+00,0.000000000000000000e+00,0.000000000000000000e+00,0.000000000000000000e+00,0.000000000000000000e+00,0.000000000000000000e+00,0.000000000000000000e+00,0.000000000000000000e+00,1.000000000000000000e+00,1.000000000000000000e+00
8.035529255867004395e-01,8.443129658699035645e-01,1.000000000000000000e+00,8.616659045219421387e-01,7.342932820320129395e-01,4.387019574642181396e-01,3.425897955894470215e-01,2.897564470767974854e-01,2.675176858901977539e-01,2.551614046096801758e-01,2.410919517278671265e-01,2.484372556209564209e-01,2.694680392742156982e-01,2.845899760723114014e-01,3.344427943229675293e-01,3.949851393699645996e-01,5.288004875183105469e-01,6.565060615539550781e-01,6.562666893005371094e-01,6.664018630981445312e-01,6.913171410560607910e-01,7.372586727142333984e-01,8.189158439636230469e-01,9.745406508445739746e-01,5.338596105575561523e-01,3.654191493988037109e-01,2.954238653182983398e-01,2.565259337425231934e-01,2.431107014417648315e-01,2.442567795515060425e-01,2.506754696369171143e-01,2.611787617206573486e-01,2.853862047195434570e-01,3.363164365291595459e-01,5.158002972602844238e-01,6.573687791824340820e-01,7.017883062362670898e-01
2.672193944454193115e-01,2.969426214694976807e-01,2.677396535873413086e-01,2.257205396890640259e-01,2.085361778736114502e-01,1.888375431299209595e-01,1.817019134759902954e-01,1.742743700742721558e-01,1.750710606575012207e-01,1.681272387504577637e-01,1.669331789016723633e-01,1.681272387504577637e-01,1.719633340835571289e-01,1.891136914491653442e-01,2.024842202663421631e-01,2.447969615459442139e-01,3.135818243026733398e-01,4.652179777622222900e-01,8.143597841262817383e-01,9.005769491195678711e-01,9.351446628570556641e-01,1.000000000000000000e+00,3.700679838657379150e-01,2.344896346330642700e-01,2.051724642515182495e-01,1.881916224956512451e-01,1.751703917980194092e-01,1.742244511842727661e-01,1.781733930110931396e-01,1.852571368217468262e-01,1.895730346441268921e-01,1.810785830020904541e-01,1.771944016218185425e-01,1.793895959854125977e-01,1.832272410392761230e-01,6.422189474105834961e-01,4.884478449821472168e-01
1.000000000000000000e+00,1.000000000000000000e+00,1.000000000000000000e+00,1.000000000000000000e+00,1.000000000000000000e+00,1.000000000000000000e+00,1.000000000000000000e+00,1.000000000000000000e+00,1.000000000000000000e+00,1.000000000000000000e+00,1.000000000000000000e+00,1.000000000000000000e+00,1.000000000000000000e+00,1.000000000000000000e+00,1.000000000000000000e+00,1.000000000000000000e+00,1.000000000000000000e+00,1.000000000000000000e+00,1.000000000000000000e+00,1.000000000000000000e+00,1.000000000000000000e+00,1.000000000000000000e+00,1.000000000000000000e+00,1.000000000000000000e+00,1.000000000000000000e+00,1.000000000000000000e+00,1.000000000000000000e+00,1.000000000000000000e+00,1.000000000000000000e+00,1.000000000000000000e+00,1.000000000000000000e+00,1.000000000000000000e+00,1.000000000000000000e+00,1.000000000000000000e+00,1.000000000000000000e+00,1.000000000000000000e+00,1.000000000000000000e+00
5.440038442611694336e-01,6.939414739608764648e-01,7.532400488853454590e-01,9.580340981483459473e-01,7.898934483528137207e-01,6.540328264236450195e-01,3.327672481536865234e-01,2.926212549209594727e-01,2.705249786376953125e-01,2.482340782880783081e-01,2.420168370008468628e-01,2.557164430618286133e-01,2.626871168613433838e-01,2.858309745788574219e-01,3.547511994838714600e-01,4.174201190471649170e-01,5.710294842720031738e-01,6.732564568519592285e-01,6.732564568519592285e-01,6.838840246200561523e-01,7.090593576431274414e-01,7.571512460708618164e-01,8.408409953117370605e-01,1.000000000000000000e+00,5.391299724578857422e-01,3.698001205921173096e-01,3.195195794105529785e-01,2.719152569770812988e-01,2.557164430618286133e-01,2.469013631343841553e-01,2.538046240806579590e-01,2.601025700569152832e-01,2.908440232276916504e-01,3.243995010852813721e-01,3.870711028575897217e-01,6.582432985305786133e-01,6.545518040657043457e-01
1.450782865285873413e-01,1.746776998043060303e-01,2.780017554759979248e-01,2.521300911903381348e-01,2.039949297904968262e-01,1.704929620027542114e-01,1.604758203029632568e-01,1.597885638475418091e-01,1.527909487485885620e-01,1.520689427852630615e-01,1.520689427852630615e-01,1.431212276220321655e-01,1.442700475454330444e-01,1.417206376791000366e-01,1.450782865285873413e-01,1.577959954738616943e-01,1.880283206701278687e-01,2.465856671333312988e-01,4.565836191177368164e-01,8.081617951393127441e-01,8.398405313491821289e-01,8.975853919982910156e-01,1.000000000000000000e+00,3.400365114212036133e-01,2.339022904634475708e-01,1.907161325216293335e-01,1.780319362878799438e-01,1.556896120309829712e-01,1.426880359649658203e-01,1.450782865285873413e-01,1.495145261287689209e-01,1.426880359649658203e-01,1.372329592704772949e-01,1.360752731561660767e-01,1.367811113595962524e-01,5.634092688560485840e-01,4.611364006996154785e-01
3.803575038909912109e-01,5.408393740653991699e-01,1.000000000000000000e+00,7.318651080131530762e-01,6.172828674316406250e-01,3.773868680000305176e-01,2.921769022941589355e-01,2.461837381124496460e-01,2.249819785356521606e-01,9.235493093729019165e-02,2.466528117656707764e-02,2.033951319754123688e-02,1.778638735413551331e-02,1.744098775088787079e-02,1.744098775088787079e-02,1.744098775088787079e-02,1.744098775088787079e-02,1.744098775088787079e-02,1.744098775088787079e-02,1.744098775088787079e-02,1.744098775088787079e-02,1.744098775088787079e-02,1.744098775088787079e-02,1.778638735413551331e-02,2.033951319754123688e-02,2.466528117656707764e-02,9.235493093729019165e-02,2.081258744001388550e-01,2.012602388858795166e-01,2.012300044298171997e-01,2.071883678436279297e-01,2.197841256856918335e-01,2.386804074048995972e-01,2.636532783508300781e-01,3.039339184761047363e-01,1.000000000000000000e+00,1.000000000000000000e+00
1.000000000000000000e+00,9.884449839591979980e-01,9.639906883239746094e-01,6.453259587287902832e-01,4.816512763500213623e-01,4.318159222602844238e-01,4.151410758495330811e-01,3.713906705379486084e-01,2.889336943626403809e-01,2.525942623615264893e-01,2.445916533470153809e-01,2.437107712030410767e-01,2.637025415897369385e-01,2.968276739120483398e-01,3.357560038566589355e-01,4.324794709682464600e-01,5.793851613998413086e-01,6.771995425224304199e-01,6.771995425224304199e-01,6.870524287223815918e-01,7.137668132781982422e-01,7.604506611824035645e-01,8.465708494186401367e-01,6.929745078086853027e-01,4.257972836494445801e-01,3.136784136295318604e-01,2.754046618938446045e-01,2.571648657321929932e-01,2.463439702987670898e-01,2.491652071475982666e-01,2.582775354385375977e-01,2.778020799160003662e-01,3.106354475021362305e-01,3.654067814350128174e-01,4.744530916213989258e-01,7.291737198829650879e-01,6.473364233970642090e-01
1.320709586143493652e-01,1.322992593050003052e-01,1.386478394269943237e-01,1.685148626565933228e-01,1.648485958576202393e-01,1.512938290834426880e-01,1.412355899810791016e-01,1.377744674682617188e-01,1.325840801000595093e-01,1.296495497226715088e-01,1.277738660573959351e-01,1.321280747652053833e-01,1.445095241069793701e-01,1.732390522956848145e-01,2.198743969202041626e-01,4.414781630039215088e-01,5.060219168663024902e-01,6.629204154014587402e-01,9.452686905860900879e-01,9.614126086235046387e-01,1.000000000000000000e+00,2.285226285457611084e-01,1.732390522956848145e-01,1.445095241069793701e-01,1.285978406667709351e-01,1.234494298696517944e-01,1.252694278955459595e-01,1.364539116621017456e-01,1.560075432062149048e-01,2.392323017120361328e-01,2.835641205310821533e-01,2.018787860870361328e-01,1.486781686544418335e-01,1.341116577386856079e-01,1.322992593050003052e-01,5.678564906120300293e-01,2.410461455583572388e-01
4.746228456497192383e-01,4.761079549789428711e-01,3.759192228317260742e-01,2.057541161775588989e-01,1.528303176164627075e-01,1.284086257219314575e-01,1.050352454185485840e-01,9.611213952302932739e-02,9.294760227203369141e-02,9.294760227203369141e-02,9.893415868282318115e-02,1.053764596581459045e-01,1.438774168491363525e-01,2.356289178133010864e-01,2.852489650249481201e-01,3.115925788879394531e-01,3.428924977779388428e-01,4.278734326362609863e-01,8.816562891006469727e-01,9.009346961975097656e-01,9.359546303749084473e-01,1.000000000000000000e+00,9.076566100120544434e-01,4.171685278415679932e-01,2.844087481498718262e-01,2.361361980438232422e-01,2.152470797300338745e-01,2.053466141223907471e-01,2.135728597640991211e-01,2.307541966438293457e-01,2.699024975299835205e-01,3.503148853778839111e-01,6.205297708511352539e-01,5.042536854743957520e-01,4.721710383892059326e-01,3.269626796245574951e-01,4.307730495929718018e-01
3.896884620189666748e-01,5.328955054283142090e-01,6.567677855491638184e-01,1.000000000000000000e+00,8.055545091629028320e-01,3.529840707778930664e-01,2.653990089893341064e-01,2.345922738313674927e-01,2.059247493743896484e-01,2.004343122243881226e-01,2.009687423706054688e-01,1.416022628545761108e-01,1.070984974503517151e-01,9.340305626392364502e-02,8.498492091894149780e-02,8.084520697593688965e-02,7.950735837221145630e-02,7.941736280918121338e-02,7.941736280918121338e-02,7.950735837221145630e-02,8.084520697593688965e-02,8.498492091894149780e-02,9.340305626392364502e-02,1.070984974503517151e-01,1.416022628545761108e-01,2.100505232810974121e-01,2.042160779237747192e-01,2.027047872543334961e-01,1.928336620330810547e-01,1.908955872058868408e-01,2.005769610404968262e-01,2.110354900360107422e-01,2.317092269659042358e-01,2.630988061428070068e-01,3.145931363105773926e-01,1.000000000000000000e+00,1.000000000000000000e+00
4.876894354820251465e-01,4.901218116283416748e-01,5.221991539001464844e-01,7.154663205146789551e-01,8.504297733306884766e-01,7.882867455482482910e-01,7.323631048202514648e-01,3.172850906848907471e-01,2.870028614997863770e-01,2.731380760669708252e-01,2.670276463031768799e-01,2.773703038692474365e-01,2.884368300437927246e-01,3.008740544319152832e-01,3.478615581989288330e-01,4.089214801788330078e-01,5.745128989219665527e-01,8.239922523498535156e-01,8.298035264015197754e-01,8.418825268745422363e-01,8.746558427810668945e-01,9.316512346267700195e-01,1.000000000000000000e+00,6.877589225769042969e-01,4.549397826194763184e-01,3.582416176795959473e-01,2.995806634426116943e-01,2.720697224140167236e-01,2.710867226123809814e-01,2.648373544216156006e-01,2.713551819324493408e-01,2.829147875308990479e-01,3.241710662841796875e-01,3.833745121955871582e-01,4.605070948600769043e-01,7.619766592979431152e-01,7.068135738372802734e-01
1.844157427549362183e-01,3.521229326725006104e-01,3.185454905033111572e-01,1.608009487390518188e-01,1.402185857295989990e-01,1.332031488418579102e-01,1.306587904691696167e-01,1.352750957012176514e-01,1.678628325462341309e-01,1.629928350448608398e-01,1.472254395484924316e-01,1.288106292486190796e-01,1.279140263795852661e-01,1.263296604156494141e-01,1.254917681217193604e-01,1.273127794265747070e-01,1.371760070323944092e-01,1.505111157894134521e-01,1.577297598123550415e-01,2.124489545822143555e-01,8.573577404022216797e-01,9.148631691932678223e-01,1.000000000000000000e+00,6.247014403343200684e-01,4.114347696304321289e-01,3.218999803066253662e-01,2.803345620632171631e-01,1.455877274274826050e-01,1.332031488418579102e-01,1.263296604156494141e-01,1.273127794265747070e-01,1.313907802104949951e-01,1.352750957012176514e-01,1.415122002363204956e-01,1.572425514459609985e-01,5.761121511459350586e-01,4.664946496486663818e-01
4.542496800422668457e-01,6.519106626510620117e-01,9.357726573944091797e-01,1.000000000000000000e+00,5.848808288574218750e-01,4.495399892330169678e-01,3.165086805820465088e-01,2.574207484722137451e-01,2.346045374870300293e-01,2.263167798519134521e-01,2.186071276664733887e-01,2.295659184455871582e-01,2.472878992557525635e-01,2.322667837142944336e-01,2.101707905530929565e-01,1.974326968193054199e-01,1.915402412414550781e-01,1.895353794097900391e-01,1.895353794097900391e-01,1.915402412414550781e-01,1.974326968193054199e-01,2.101707905530929565e-01,2.267641425132751465e-01,2.681016623973846436e-01,3.541702628135681152e-01,2.978551983833312988e-01,2.527447044849395752e-01,2.300069630146026611e-01,2.207364588975906372e-01,2.168526500463485718e-01,2.289538383483886719e-01,2.456113547086715698e-01,2.772506177425384521e-01,3.109423816204071045e-01,3.680730164051055908e-01,1.000000000000000000e+00,1.000000000000000000e+00
4.382011294364929199e-01,5.296626091003417969e-01,8.988316059112548828e-01,7.508680820465087891e-01,7.128776311874389648e-01,4.644863307476043701e-01,3.094819784164428711e-01,2.440830767154693604e-01,2.256847321987152100e-01,2.241743206977844238e-01,2.250817865133285522e-01,2.378227710723876953e-01,2.524039745330810547e-01,2.736887931823730469e-01,2.995298802852630615e-01,3.669402897357940674e-01,4.513995945453643799e-01,6.858090162277221680e-01,8.036858439445495605e-01,8.169680237770080566e-01,8.473909497261047363e-01,9.001007080078125000e-01,1.000000000000000000e+00,5.700466036796569824e-01,3.870543837547302246e-01,2.958780527114868164e-01,2.502411007881164551e-01,2.250817865133285522e-01,2.145091742277145386e-01,2.111248373985290527e-01,2.213068157434463501e-01,2.387921959161758423e-01,2.751249670982360840e-01,3.297215998172760010e-01,3.814310431480407715e-01,7.441408634185791016e-01,6.364823579788208008e-01
3.179781436920166016e-01,2.300072759389877319e-01,1.860035508871078491e-01,1.699608564376831055e-01,1.592615842819213867e-01,1.577463746070861816e-01,1.610941588878631592e-01,1.548007726669311523e-01,1.432045847177505493e-01,1.250500231981277466e-01,1.189810112118721008e-01,1.165450587868690491e-01,1.176276355981826782e-01,1.267983168363571167e-01,1.347562819719314575e-01,1.487346738576889038e-01,1.736497581005096436e-01,2.428460866212844849e-01,4.717141985893249512e-01,9.040685892105102539e-01,9.403544068336486816e-01,1.000000000000000000e+00,6.777303814888000488e-01,3.320589065551757812e-01,2.548562288284301758e-01,1.878238320350646973e-01,1.352011114358901978e-01,1.214230433106422424e-01,1.143491715192794800e-01,1.165450587868690491e-01,1.216426119208335876e-01,1.272185295820236206e-01,1.422698199748992920e-01,1.663505882024765015e-01,3.404904007911682129e-01,5.944638848304748535e-01,3.253279328346252441e-01
5.058915019035339355e-01,8.485931754112243652e-01,8.470935225486755371e-01,8.499633669853210449e-01,1.000000000000000000e+00,6.127682328224182129e-01,3.987956941127777100e-01,3.281206190586090088e-01,2.769792973995208740e-01,2.639112770557403564e-01,2.471281439065933228e-01,2.526473999023437500e-01,2.758097648620605469e-01,2.603764235973358154e-01,2.353362590074539185e-01,2.245588749647140503e-01,2.182319909334182739e-01,2.166462689638137817e-01,2.166462689638137817e-01,2.182319909334182739e-01,2.245588749647140503e-01,2.353362590074539185e-01,2.603764235973358154e-01,3.017776310443878174e-01,4.043232500553131104e-01,3.853291869163513184e-01,3.085568249225616455e-01,2.755752801895141602e-01,2.583824396133422852e-01,2.603764235973358154e-01,2.601280212402343750e-01,2.862387001514434814e-01,3.054683506488800049e-01,3.591622114181518555e-01,4.133889675140380859e-01,1.000000000000000000e+00,1.000000000000000000e+00
2.341889142990112305e-01,2.301690131425857544e-01,2.278400957584381104e-01,2.278400957584381104e-01,2.325701862573623657e-01,2.936362028121948242e-01,6.157199740409851074e-01,4.197883009910583496e-01,3.151013851165771484e-01,2.679966688156127930e-01,2.364553064107894897e-01,2.241031527519226074e-01,2.280350923538208008e-01,2.358907461166381836e-01,2.551687955856323242e-01,2.897508442401885986e-01,3.525778055191040039e-01,4.432205259799957275e-01,6.738612055778503418e-01,8.133333325386047363e-01,8.432740569114685059e-01,8.976512551307678223e-01,1.000000000000000000e+00,5.685068368911743164e-01,3.726779818534851074e-01,2.878271043300628662e-01,2.400925755500793457e-01,2.314207255840301514e-01,2.340939939022064209e-01,2.389793097972869873e-01,2.829998135566711426e-01,3.224903047084808350e-01,2.848001122474670410e-01,2.575957179069519043e-01,2.470267713069915771e-01,8.861186504364013672e-01,7.720373272895812988e-01
4.502581954002380371e-01,5.461213588714599609e-01,7.177865505218505859e-01,1.000000000000000000e+00,8.018796443939208984e-01,8.413541316986083984e-01,2.659920752048492432e-01,2.336176633834838867e-01,2.214725762605667114e-01,2.157261669635772705e-01,2.152820676565170288e-01,2.143910825252532959e-01,2.261232882738113403e-01,2.356063723564147949e-01,2.768785357475280762e-01,3.288609087467193604e-01,4.982862770557403564e-01,6.658926010131835938e-01,6.658926010131835938e-01,6.763917803764343262e-01,6.195055842399597168e-01,4.387388229370117188e-01,3.469871282577514648e-01,2.857245504856109619e-01,2.515682876110076904e-01,2.313534766435623169e-01,2.201179862022399902e-01,2.111864238977432251e-01,2.072985172271728516e-01,2.075868695974349976e-01,2.213645130395889282e-01,2.416723221540451050e-01,2.647297382354736328e-01,3.047297596931457520e-01,3.723336458206176758e-01,1.000000000000000000e+00,7.358284592628479004e-01
2.540138065814971924e-01,3.336735069751739502e-01,3.283793330192565918e-01,2.287277132272720337e-01,1.780383437871932983e-01,1.684050410985946655e-01,1.689471155405044556e-01,1.868097931146621704e-01,3.351090550422668457e-01,2.319365739822387695e-01,1.964714676141738892e-01,1.787644326686859131e-01,1.684050410985946655e-01,1.592901796102523804e-01,1.613811850547790527e-01,1.747990548610687256e-01,1.799539327621459961e-01,1.888381838798522949e-01,2.186447978019714355e-01,2.727600634098052979e-01,1.000000000000000000e+00,8.478417992591857910e-01,6.633272767066955566e-01,4.848355650901794434e-01,3.492710292339324951e-01,2.660570442676544189e-01,2.029949426651000977e-01,1.770512610673904419e-01,1.676340848207473755e-01,1.656680405139923096e-01,1.659896820783615112e-01,1.670877486467361450e-01,1.763613373041152954e-01,1.938163191080093384e-01,2.143865525722503662e-01,9.625894427299499512e-01,4.143844246864318848e-01
5.926231145858764648e-01,7.349655628204345703e-01,1.000000000000000000e+00,4.132250845432281494e-01,1.981565803289413452e-01,1.532465964555740356e-01,1.300309300422668457e-01,1.178720593452453613e-01,1.119094416499137878e-01,1.115005984902381897e-01,1.137087419629096985e-01,1.210997030138969421e-01,1.058986186981201172e-01,9.016238898038864136e-02,8.282901346683502197e-02,7.881063967943191528e-02,7.672256976366043091e-02,7.645755261182785034e-02,7.645755261182785034e-02,7.672256976366043091e-02,7.809916138648986816e-02,8.282901346683502197e-02,9.016238898038864136e-02,1.058986186981201172e-01,1.239572912454605103e-01,1.137087419629096985e-01,1.115005984902381897e-01,1.119094416499137878e-01,1.178720593452453613e-01,1.300309300422668457e-01,1.532465964555740356e-01,1.866849362850189209e-01,2.493229210376739502e-01,3.667882382869720459e-01,4.514755606651306152e-01,7.826086878776550293e-01,1.000000000000000000e+00
3.276751935482025146e-01,9.838980436325073242e-01,1.000000000000000000e+00,6.244112253189086914e-01,4.403179287910461426e-01,3.311899006366729736e-01,2.472635358572006226e-01,2.027924507856369019e-01,1.873161941766738892e-01,1.742790937423706055e-01,1.721303761005401611e-01,1.830172091722488403e-01,2.073796242475509644e-01,2.416816204786300659e-01,2.623561918735504150e-01,2.086221724748611450e-01,1.974195092916488647e-01,1.864310503005981445e-01,1.839187741279602051e-01,1.742790937423706055e-01,1.711667180061340332e-01,1.749894767999649048e-01,1.929706484079360962e-01,2.250699102878570557e-01,3.065500259399414062e-01,2.713060081005096436e-01,2.182607501745223999e-01,1.963167488574981689e-01,1.830172091722488403e-01,1.728495806455612183e-01,1.801707297563552856e-01,1.882520914077758789e-01,2.094628959894180298e-01,2.358362376689910889e-01,2.773730456829071045e-01,1.000000000000000000e+00,1.000000000000000000e+00
2.462631613016128540e-01,2.115393429994583130e-01,1.869201213121414185e-01,1.718207150697708130e-01,1.570477932691574097e-01,1.436778008937835693e-01,1.413265615701675415e-01,1.371148824691772461e-01,1.423109620809555054e-01,1.510052233934402466e-01,1.548996269702911377e-01,1.640052795410156250e-01,1.691456586122512817e-01,1.802277415990829468e-01,1.902758628129959106e-01,2.260451018810272217e-01,2.940470278263092041e-01,5.374892354011535645e-01,1.000000000000000000e+00,9.672901034355163574e-01,4.318315982818603516e-01,2.981958091259002686e-01,2.078106999397277832e-01,1.605062484741210938e-01,1.428332030773162842e-01,1.371148824691772461e-01,1.397370845079421997e-01,1.558580249547958374e-01,1.692006736993789673e-01,1.783589720726013184e-01,1.892458796501159668e-01,1.969576179981231689e-01,1.787759363651275635e-01,1.413265615701675415e-01,1.413265615701675415e-01,8.545532822608947754e-01,4.113070368766784668e-01
9.313502311706542969e-01,1.000000000000000000e+00,8.556970357894897461e-01,7.112388014793395996e-01,3.256582617759704590e-01,2.689509689807891846e-01,2.129780948162078857e-01,1.923805475234985352e-01,1.778520196676254272e-01,1.774000525474548340e-01,1.802062988281250000e-01,1.871986985206604004e-01,2.028418779373168945e-01,2.199324071407318115e-01,2.425015419721603394e-01,2.978460490703582764e-01,3.673076331615447998e-01,5.730584263801574707e-01,7.439814209938049316e-01,7.346426248550415039e-01,7.253772020339965820e-01,7.622369527816772461e-01,8.553216457366943359e-01,4.551584720611572266e-01,3.031890094280242920e-01,2.199324071407318115e-01,1.838449686765670776e-01,1.705943793058395386e-01,1.672676950693130493e-01,1.705943793058395386e-01,1.931094676256179810e-01,2.206612676382064819e-01,2.947980761528015137e-01,4.067213833332061768e-01,5.593400597572326660e-01,7.073170542716979980e-01,7.522063851356506348e-01
5.717331171035766602e-01,5.281385779380798340e-01,6.121153831481933594e-01,5.566468238830566406e-01,4.908280372619628906e-01,4.421733319759368896e-01,3.453006446361541748e-01,2.580065131187438965e-01,2.210666090250015259e-01,2.143882811069488525e-01,2.167736440896987915e-01,2.291796654462814331e-01,2.623006701469421387e-01,2.952497005462646484e-01,3.636105656623840332e-01,4.622501730918884277e-01,5.763050913810729980e-01,8.491790890693664551e-01,9.980120062828063965e-01,9.741125702857971191e-01,1.000000000000000000e+00,1.883209049701690674e-01,1.515954136848449707e-01,1.288313269615173340e-01,1.150145977735519409e-01,1.078538075089454651e-01,1.071941405534744263e-01,1.071941405534744263e-01,1.073594391345977783e-01,1.093234941363334656e-01,1.143962368369102478e-01,1.221911087632179260e-01,1.521791517734527588e-01,1.924193799495697021e-01,5.188916325569152832e-01,4.146341383457183838e-01,5.605646371841430664e-01
7.054280042648315430e-01,1.000000000000000000e+00,7.852039337158203125e-01,3.986561000347137451e-01,3.024025559425354004e-01,2.474686503410339355e-01,2.099628895521163940e-01,2.001050114631652832e-01,1.947851181030273438e-01,1.974629759788513184e-01,2.013735175132751465e-01,2.321379333734512329e-01,2.775971591472625732e-01,2.597679495811462402e-01,2.171176671981811523e-01,2.053645998239517212e-01,1.987483501434326172e-01,1.974629759788513184e-01,1.974629759788513184e-01,2.106439769268035889e-01,2.518670260906219482e-01,2.801651954650878906e-01,4.164626300334930420e-01,3.295506238937377930e-01,2.573674917221069336e-01,2.135702371597290039e-01,1.974629759788513184e-01,1.883043050765991211e-01,1.962503045797348022e-01,2.003434747457504272e-01,2.197406589984893799e-01,2.538809776306152344e-01,3.027707338333129883e-01,3.693116903305053711e-01,5.435193777084350586e-01,1.000000000000000000e+00,1.000000000000000000e+00
2.459581643342971802e-01,4.143837690353393555e-01,3.670647740364074707e-01,2.783856391906738281e-01,2.560829222202301025e-01,2.551025748252868652e-01,2.980703413486480713e-01,2.402896583080291748e-01,1.679503768682479858e-01,1.506476998329162598e-01,1.438407003879547119e-01,1.471619606018066406e-01,1.510037034749984741e-01,1.735065579414367676e-01,2.157195806503295898e-01,3.134649991989135742e-01,5.789909362792968750e-01,8.204545974731445312e-01,8.144773840904235840e-01,8.824446201324462891e-01,1.000000000000000000e+00,4.268514811992645264e-01,2.583790421485900879e-01,2.094044685363769531e-01,1.846989095211029053e-01,1.642871350049972534e-01,1.555576026439666748e-01,1.514770686626434326e-01,1.513588726520538330e-01,1.510037034749984741e-01,1.525367796421051025e-01,1.616513431072235107e-01,1.662365645170211792e-01,1.911748498678207397e-01,2.076880037784576416e-01,7.527679800987243652e-01,4.626250565052032471e-01
6.677598953247070312e-01,8.992977142333984375e-01,1.000000000000000000e+00,8.768718242645263672e-01,5.284128189086914062e-01,3.876168131828308105e-01,3.120641112327575684e-01,2.599453330039978027e-01,2.258033752441406250e-01,2.182448208332061768e-01,2.088845968246459961e-01,2.140199542045593262e-01,2.360626310110092163e-01,2.684458494186401367e-01,3.157591521739959717e-01,3.358330130577087402e-01,2.692719995975494385e-01,2.319495528936386108e-01,2.136737406253814697e-01,2.136737406253814697e-01,2.155138105154037476e-01,2.204948216676712036e-01,2.338568866252899170e-01,2.732748985290527344e-01,3.917334377765655518e-01,3.322869539260864258e-01,2.670632898807525635e-01,2.267848998308181763e-01,2.179053127765655518e-01,2.150552570819854736e-01,2.236067950725555420e-01,2.348047494888305664e-01,2.579438686370849609e-01,2.911155521869659424e-01,3.431029617786407471e-01,1.000000000000000000e+00,1.000000000000000000e+00
1.990190297365188599e-01,4.164040684700012207e-01,2.764439284801483154e-01,2.353835254907608032e-01,2.036480009555816650e-01,1.984328180551528931e-01,1.969004869461059570e-01,2.015781104564666748e-01,2.088445127010345459e-01,2.052434682846069336e-01,1.927144527435302734e-01,1.874436885118484497e-01,1.912581622600555420e-01,2.076137065887451172e-01,2.272244244813919067e-01,2.779568731784820557e-01,3.610200881958007812e-01,5.631177425384521484e-01,1.000000000000000000e+00,9.107415080070495605e-01,9.152839183807373047e-01,9.922814965248107910e-01,3.287979662418365479e-01,2.718546390533447266e-01,2.412494719028472900e-01,2.155424058437347412e-01,2.047888934612274170e-01,2.008834183216094971e-01,2.072767615318298340e-01,2.388228327035903931e-01,2.526651918888092041e-01,2.320940792560577393e-01,2.007673978805541992e-01,1.941598355770111084e-01,1.941598355770111084e-01,9.281833767890930176e-01,5.979640483856201172e-01
5.052883625030517578e-01,5.052883625030517578e-01,5.001968741416931152e-01,4.765435159206390381e-01,4.401722848415374756e-01,3.815445899963378906e-01,3.282850384712219238e-01,3.007385730743408203e-01,2.866597175598144531e-01,2.787663638591766357e-01,2.787663638591766357e-01,2.972261607646942139e-01,3.210068941116333008e-01,4.215885996818542480e-01,7.250714302062988281e-01,1.000000000000000000e+00,9.643827676773071289e-01,9.515708088874816895e-01,6.579681038856506348e-01,4.060451686382293701e-01,3.330487906932830811e-01,3.050721883773803711e-01,2.916533946990966797e-01,2.773500978946685791e-01,2.716112136840820312e-01,2.754504084587097168e-01,2.787663638591766357e-01,2.987679243087768555e-01,3.116702735424041748e-01,3.439077138900756836e-01,3.977159857749938965e-01,4.652537107467651367e-01,5.021612644195556641e-01,5.217757225036621094e-01,5.281520485877990723e-01,1.000000000000000000e+00,7.958353757858276367e-01
9.368433952331542969e-01,4.163965284824371338e-01,3.082018792629241943e-01,2.863705158233642578e-01,2.564394474029541016e-01,2.172402590513229370e-01,1.955843716859817505e-01,1.877353489398956299e-01,1.877353489398956299e-01,1.955843716859817505e-01,2.164474129676818848e-01,2.532348930835723877e-01,2.625676989555358887e-01,2.289913445711135864e-01,2.083530277013778687e-01,1.982039213180541992e-01,1.949239820241928101e-01,1.947033554315567017e-01,1.947033554315567017e-01,1.949239820241928101e-01,1.982039213180541992e-01,2.083530277013778687e-01,2.369249165058135986e-01,2.468750774860382080e-01,2.203831374645233154e-01,1.966800838708877563e-01,1.947033554315567017e-01,1.949239820241928101e-01,2.114247381687164307e-01,2.323453426361083984e-01,2.695147097110748291e-01,3.895170688629150391e-01,8.375790715217590332e-01,1.000000000000000000e+00,9.880659580230712891e-01,8.461538553237915039e-01,1.000000000000000000e+00
8.985866308212280273e-01,9.238540530204772949e-01,1.000000000000000000e+00,4.356808364391326904e-01,3.290831744670867920e-01,2.756550610065460205e-01,2.478450089693069458e-01,2.293686866760253906e-01,2.175713181495666504e-01,2.128068953752517700e-01,1.478258520364761353e-01,9.216795861721038818e-02,7.361508905887603760e-02,6.539693474769592285e-02,6.051122769713401794e-02,5.978068336844444275e-02,5.953517556190490723e-02,5.953517556190490723e-02,5.953517556190490723e-02,5.953517556190490723e-02,5.978068336844444275e-02,6.051122769713401794e-02,6.539693474769592285e-02,7.361508905887603760e-02,9.216795861721038818e-02,1.478258520364761353e-01,2.164915502071380615e-01,2.022197991609573364e-01,1.990074366331100464e-01,2.014215141534805298e-01,2.108015269041061401e-01,2.273805588483810425e-01,2.518314123153686523e-01,3.029431700706481934e-01,3.630673587322235107e-01,1.000000000000000000e+00,1.000000000000000000e+00
1.968422532081604004e-01,1.969446539878845215e-01,3.694878220558166504e-01,3.436499834060668945e-01,3.086004853248596191e-01,2.739238440990447998e-01,2.537517845630645752e-01,2.269091904163360596e-01,2.040829956531524658e-01,1.921783238649368286e-01,1.828242987394332886e-01,1.819400191307067871e-01,1.854518502950668335e-01,1.931201219558715820e-01,2.148618847131729126e-01,2.386019527912139893e-01,3.035286962985992432e-01,9.428470730781555176e-01,9.471563100814819336e-01,9.626732468605041504e-01,1.000000000000000000e+00,3.735574781894683838e-01,2.831874787807464600e-01,2.362243682146072388e-01,2.159848660230636597e-01,2.004953175783157349e-01,1.968422532081604004e-01,1.972514986991882324e-01,2.028941512107849121e-01,2.167302966117858887e-01,2.383483499288558960e-01,2.806848287582397461e-01,3.578465878963470459e-01,2.789557278156280518e-01,2.032912075519561768e-01,7.630262374877929688e-01,6.100270152091979980e-01
8.987880945205688477e-01,8.121056556701660156e-01,1.000000000000000000e+00,8.408678770065307617e-01,4.093204736709594727e-01,2.652934789657592773e-01,2.270618677139282227e-01,2.079725861549377441e-01,1.915155351161956787e-01,1.913347691297531128e-01,1.942067593336105347e-01,2.086370289325714111e-01,2.330777943134307861e-01,2.943528592586517334e-01,3.668815493583679199e-01,5.855231881141662598e-01,7.002224326133728027e-01,6.909198760986328125e-01,6.909198760986328125e-01,7.002224326133728027e-01,7.260835170745849609e-01,7.738369107246398926e-01,5.720720291137695312e-01,3.444066047668457031e-01,2.643788754940032959e-01,2.024076581001281738e-01,1.837705820798873901e-01,1.762744039297103882e-01,1.762744039297103882e-01,1.860163360834121704e-01,2.183613032102584839e-01,2.598908543586730957e-01,3.240103423595428467e-01,5.182483196258544922e-01,7.932239174842834473e-01,5.715067982673645020e-01,7.930421829223632812e-01
4.801041483879089355e-01,6.379567980766296387e-01,1.000000000000000000e+00,6.411794424057006836e-01,4.262758493423461914e-01,3.441253006458282471e-01,3.050865232944488525e-01,2.754592001438140869e-01,2.592724859714508057e-01,2.600854635238647461e-01,2.692582309246063232e-01,2.784281373023986816e-01,2.097882479429244995e-01,1.794126182794570923e-01,1.611072868108749390e-01,1.529342681169509888e-01,1.480240225791931152e-01,1.466666609048843384e-01,1.466666609048843384e-01,1.480240225791931152e-01,1.529342681169509888e-01,1.611072868108749390e-01,1.794126182794570923e-01,2.097882479429244995e-01,2.784281373023986816e-01,3.137054443359375000e-01,2.667499780654907227e-01,2.523665726184844971e-01,2.430592030286788940e-01,2.487747818231582642e-01,2.616401314735412598e-01,2.867441773414611816e-01,3.175776302814483643e-01,3.595212996006011963e-01,4.148627519607543945e-01,1.000000000000000000e+00,1.000000000000000000e+00
7.051138877868652344e-01,7.384849786758422852e-01,8.219386339187622070e-01,6.644020080566406250e-01,4.331590533256530762e-01,3.382705748081207275e-01,2.626128792762756348e-01,2.245685458183288574e-01,2.074304372072219849e-01,2.014148682355880737e-01,2.015407234430313110e-01,2.117252647876739502e-01,2.406992018222808838e-01,2.927452623844146729e-01,3.816931545734405518e-01,5.741207003593444824e-01,9.026105999946594238e-01,8.873834013938903809e-01,8.873834013938903809e-01,9.016690850257873535e-01,9.363083839416503906e-01,1.000000000000000000e+00,9.916614890098571777e-01,5.899126529693603516e-01,4.031443297863006592e-01,2.955467402935028076e-01,2.316271066665649414e-01,2.076137065887451172e-01,1.981788277626037598e-01,1.934526711702346802e-01,1.961211115121841431e-01,2.115455567836761475e-01,2.230391204357147217e-01,2.547718882560729980e-01,3.071576952934265137e-01,5.198584198951721191e-01,5.173692107200622559e-01
1.019682437181472778e-01,1.020180210471153259e-01,1.100152954459190369e-01,1.532839387655258179e-01,1.433928459882736206e-01,1.307633370161056519e-01,1.142264083027839661e-01,1.037940979003906250e-01,1.006149575114250183e-01,9.924321621656417847e-02,1.006149575114250183e-01,1.083881109952926636e-01,1.185449361801147461e-01,1.286102235317230225e-01,1.432157009840011597e-01,1.870292723178863525e-01,2.558152377605438232e-01,4.096614718437194824e-01,9.224925637245178223e-01,9.386414885520935059e-01,9.755190014839172363e-01,1.000000000000000000e+00,1.579813808202743530e-01,1.274603009223937988e-01,1.126149818301200867e-01,1.074944585561752319e-01,1.051547527313232422e-01,1.037451699376106262e-01,1.078245639801025391e-01,1.175557896494865417e-01,1.262597143650054932e-01,1.197804734110832214e-01,1.118913441896438599e-01,1.068787127733230591e-01,1.020180210471153259e-01,4.184226393699645996e-01,1.430800855159759521e-01
3.373877108097076416e-01,3.799504041671752930e-01,2.911404967308044434e-01,1.965758651494979858e-01,1.047908589243888855e-01,8.343793451786041260e-02,6.777471303939819336e-02,6.248519569635391235e-02,6.061954423785209656e-02,5.881677567958831787e-02,5.881677567958831787e-02,5.990494787693023682e-02,6.627555936574935913e-02,7.238341867923736572e-02,8.412326872348785400e-02,1.016620621085166931e-01,1.234100088477134705e-01,2.175795137882232666e-01,8.841450810432434082e-01,8.990852236747741699e-01,9.345939755439758301e-01,1.000000000000000000e+00,8.757193684577941895e-01,4.734537601470947266e-01,2.694524228572845459e-01,2.030768841505050659e-01,1.742811948060989380e-01,1.582670062780380249e-01,1.605631411075592041e-01,1.734969764947891235e-01,2.036768198013305664e-01,2.576609253883361816e-01,3.253230154514312744e-01,3.473453819751739502e-01,3.351466357707977295e-01,2.155510634183883667e-01,3.330427706241607666e-01
0.000000000000000000e+00,0.000000000000000000e+00,0.000000000000000000e+00,0.000000000000000000e+00,0.000000000000000000e+00,0.000000000000000000e+00,0.000000000000000000e+00,0.000000000000000000e+00,0.000000000000000000e+00,0.000000000000000000e+00,0.000000000000000000e+00,0.000000000000000000e+00,0.000000000000000000e+00,0.000000000000000000e+00,0.000000000000000000e+00,0.000000000000000000e+00,0.000000000000000000e+00,0.000000000000000000e+00,0.000000000000000000e+00,0.000000000000000000e+00,0.000000000000000000e+00,0.000000000000000000e+00,0.000000000000000000e+00,0.000000000000000000e+00,0.000000000000000000e+00,0.000000000000000000e+00,0.000000000000000000e+00,0.000000000000000000e+00,0.000000000000000000e+00,0.000000000000000000e+00,0.000000000000000000e+00,0.000000000000000000e+00,0.000000000000000000e+00,0.000000000000000000e+00,0.000000000000000000e+00,1.000000000000000000e+00,1.000000000000000000e+00
4.789922833442687988e-01,6.012049317359924316e-01,9.124675393104553223e-01,9.633424282073974609e-01,8.832381367683410645e-01,7.285260558128356934e-01,3.466600477695465088e-01,2.879728078842163086e-01,2.672021985054016113e-01,2.539778053760528564e-01,2.459354102611541748e-01,2.497679442167282104e-01,2.658761143684387207e-01,2.776623964309692383e-01,3.227001130580902100e-01,4.259207546710968018e-01,5.755235552787780762e-01,6.984310746192932129e-01,6.984310746192932129e-01,7.092591524124145508e-01,7.356773614883422852e-01,7.848132252693176270e-01,8.694240450859069824e-01,1.000000000000000000e+00,5.470284223556518555e-01,3.901341557502746582e-01,3.190513551235198975e-01,2.740588188171386719e-01,2.557114660739898682e-01,2.508270442485809326e-01,2.585465908050537109e-01,2.658761143684387207e-01,2.854301333427429199e-01,3.237253427505493164e-01,3.923925459384918213e-01,6.349206566810607910e-01,6.784393191337585449e-01
2.025836110115051270e-01,1.986559331417083740e-01,1.806973218917846680e-01,1.649284511804580688e-01,1.531617939472198486e-01,1.461412906646728516e-01,1.417506337165832520e-01,1.319750994443893433e-01,1.327193230390548706e-01,1.418085247278213501e-01,1.361988782882690430e-01,1.370998769998550415e-01,1.319128870964050293e-01,1.346838325262069702e-01,1.361988782882690430e-01,1.431909352540969849e-01,1.525173485279083252e-01,1.799234449863433838e-01,2.471852153539657593e-01,8.081537485122680664e-01,8.405633568763732910e-01,8.971046805381774902e-01,1.000000000000000000e+00,3.626190125942230225e-01,2.500574588775634766e-01,1.700737476348876953e-01,1.418664008378982544e-01,1.382920742034912109e-01,1.409376412630081177e-01,1.361386030912399292e-01,1.375183165073394775e-01,1.385885179042816162e-01,1.487576365470886230e-01,1.640802174806594849e-01,2.011605352163314819e-01,5.462141633033752441e-01,3.931175470352172852e-01
4.315627515316009521e-01,4.159589111804962158e-01,4.152960479259490967e-01,4.251307547092437744e-01,6.383007168769836426e-01,5.791925191879272461e-01,5.330182313919067383e-01,4.951828718185424805e-01,4.961833655834197998e-01,4.648784399032592773e-01,4.349964857101440430e-01,4.231821000576019287e-01,4.199142456054687500e-01,4.385290145874023438e-01,4.629780650138854980e-01,5.362133979797363281e-01,6.187504529953002930e-01,8.335720896720886230e-01,9.558238983154296875e-01,9.473696947097778320e-01,9.561697244644165039e-01,1.000000000000000000e+00,9.986766576766967773e-01,7.689276337623596191e-01,5.399001240730285645e-01,4.736848473548889160e-01,4.409099519252777100e-01,4.125002920627593994e-01,4.191261529922485352e-01,4.284874498844146729e-01,4.753106534481048584e-01,5.626890063285827637e-01,7.981132864952087402e-01,8.962611556053161621e-01,5.370348691940307617e-01,1.000000000000000000e+00,7.665827274322509766e-01
4.530638754367828369e-01,1.000000000000000000e+00,8.112192153930664062e-01,7.707929611206054688e-01,9.112253189086914062e-01,8.000999093055725098e-01,6.428539752960205078e-01,4.470558464527130127e-01,3.657703101634979248e-01,3.377634882926940918e-01,3.298746943473815918e-01,3.176743686199188232e-01,2.473466098308563232e-01,1.940812468528747559e-01,1.605305075645446777e-01,1.547127813100814819e-01,1.514876484870910645e-01,1.446596235036849976e-01,1.446596235036849976e-01,1.446596235036849976e-01,1.465971022844314575e-01,1.541036814451217651e-01,1.693683415651321411e-01,1.845170855522155762e-01,1.719858199357986450e-01,1.533388942480087280e-01,1.446596235036849976e-01,1.446596235036849976e-01,1.497705727815628052e-01,1.599435657262802124e-01,1.748332381248474121e-01,1.852800846099853516e-01,2.058399617671966553e-01,2.215733677148818970e-01,2.730121314525604248e-01,5.350998044013977051e-01,1.000000000000000000e+00
5.443488955497741699e-01,1.000000000000000000e+00,9.166921377182006836e-01,5.145029425621032715e-01,3.867581784725189209e-01,3.240249156951904297e-01,2.899581491947174072e-01,2.676902115345001221e-01,2.677327692508697510e-01,2.673069238662719727e-01,2.952146232128143311e-01,3.330408036708831787e-01,2.936669588088989258e-01,2.502704262733459473e-01,2.263689637184143066e-01,2.130962461233139038e-01,2.072420269250869751e-01,2.052535265684127808e-01,2.052535265684127808e-01,2.072420269250869751e-01,2.130962461233139038e-01,2.263689637184143066e-01,2.502704262733459473e-01,2.869169116020202637e-01,3.330408036708831787e-01,3.056427538394927979e-01,2.720802426338195801e-01,2.527616322040557861e-01,2.482135593891143799e-01,2.515417635440826416e-01,2.666668593883514404e-01,2.835619747638702393e-01,3.159430325031280518e-01,3.607898056507110596e-01,4.167044460773468018e-01,1.000000000000000000e+00,1.000000000000000000e+00
1.646267771720886230e-01,1.443872302770614624e-01,1.389026045799255371e-01,1.232209429144859314e-01,1.206401139497756958e-01,1.226610243320465088e-01,1.279197335243225098e-01,1.309586316347122192e-01,1.377651989459991455e-01,1.305073052644729614e-01,1.235397532582283020e-01,1.210469976067543030e-01,1.233007237315177917e-01,1.286097466945648193e-01,1.402412801980972290e-01,1.805793642997741699e-01,3.205364644527435303e-01,9.461143016815185547e-01,9.458752274513244629e-01,9.619570374488830566e-01,1.000000000000000000e+00,2.054427117109298706e-01,1.569199115037918091e-01,1.330445557832717896e-01,1.211282089352607727e-01,1.211282089352607727e-01,1.342219710350036621e-01,1.513696610927581787e-01,1.781119555234909058e-01,1.955850571393966675e-01,1.703801751136779785e-01,1.468855887651443481e-01,1.449989080429077148e-01,1.474202126264572144e-01,1.635480374097824097e-01,5.266273021697998047e-01,3.849866390228271484e-01
6.646401882171630859e-01,6.848105788230895996e-01,6.326813101768493652e-01,5.971092581748962402e-01,2.823806405067443848e-01,2.397883832454681396e-01,2.060104757547378540e-01,1.878800690174102783e-01,1.793228983879089355e-01,1.788671910762786865e-01,1.816966384649276733e-01,1.946016997098922729e-01,2.235839813947677612e-01,2.668519318103790283e-01,3.331632614135742188e-01,6.334548592567443848e-01,9.033479690551757812e-01,8.890730738639831543e-01,8.887746930122375488e-01,9.033479690551757812e-01,9.373346567153930664e-01,1.000000000000000000e+00,7.124107480049133301e-01,4.180189669132232666e-01,2.686048150062561035e-01,2.154982686042785645e-01,1.852553039789199829e-01,1.676803827285766602e-01,1.660909652709960938e-01,1.743615716695785522e-01,1.852553039789199829e-01,1.995710581541061401e-01,2.258539348840713501e-01,2.788907289505004883e-01,6.617173552513122559e-01,5.123414993286132812e-01,6.511419415473937988e-01
4.420976936817169189e-01,4.077173769474029541e-01,3.578901588916778564e-01,3.459788858890533447e-01,3.324984610080718994e-01,3.157360553741455078e-01,3.102413415908813477e-01,2.881980240345001221e-01,2.905953526496887207e-01,2.758282423019409180e-01,2.726929187774658203e-01,2.649873495101928711e-01,2.658708989620208740e-01,2.757219374179840088e-01,2.896185517311096191e-01,3.111533820629119873e-01,3.420305550098419189e-01,3.954538404941558838e-01,4.866045415401458740e-01,8.054636716842651367e-01,8.457981944084167480e-01,9.036743044853210449e-01,1.000000000000000000e+00,6.588557958602905273e-01,3.955279588699340820e-01,3.249180316925048828e-01,2.873831391334533691e-01,2.723702192306518555e-01,2.609744071960449219e-01,2.590577900409698486e-01,2.661647498607635498e-01,2.749767005443572998e-01,2.926059663295745850e-01,3.439109325408935547e-01,4.077173769474029541e-01,1.000000000000000000e+00,4.140584468841552734e-01
4.504838287830352783e-01,6.908649802207946777e-01,1.000000000000000000e+00,9.700712561607360840e-01,9.251857995986938477e-01,8.378881216049194336e-01,5.383677482604980469e-01,3.418101966381072998e-01,2.597438097000122070e-01,2.375286519527435303e-01,2.240294963121414185e-01,2.327328920364379883e-01,2.396514564752578735e-01,2.726670205593109131e-01,2.717894315719604492e-01,2.558515965938568115e-01,2.479609847068786621e-01,2.448584437370300293e-01,2.448584437370300293e-01,2.473049610853195190e-01,2.600379586219787598e-01,2.717894315719604492e-01,3.008594512939453125e-01,3.556218147277832031e-01,4.708546102046966553e-01,4.486131668090820312e-01,3.411105573177337646e-01,2.736116647720336914e-01,2.443896681070327759e-01,2.362377345561981201e-01,2.350210398435592651e-01,2.439591586589813232e-01,2.639408409595489502e-01,2.861760258674621582e-01,3.155561685562133789e-01,8.901587128639221191e-01,8.029363751411437988e-01
9.734713286161422729e-02,1.177377030253410339e-01,1.410143226385116577e-01,1.849036514759063721e-01,3.770713508129119873e-01,1.000000000000000000e+00,8.765060305595397949e-01,5.642797350883483887e-01,4.512675404548645020e-01,4.224351942539215088e-01,1.990645080804824829e-01,1.217790171504020691e-01,9.301561117172241211e-02,7.589446008205413818e-02,6.999684870243072510e-02,6.791727244853973389e-02,6.791727244853973389e-02,6.913796067237854004e-02,6.913796067237854004e-02,6.922432780265808105e-02,7.050716131925582886e-02,7.325035333633422852e-02,8.062802255153656006e-02,8.439363539218902588e-02,7.446385920047760010e-02,6.991143524646759033e-02,6.913796067237854004e-02,6.913796067237854004e-02,7.126577943563461304e-02,7.422275096178054810e-02,7.613027840852737427e-02,7.589446008205413818e-02,7.589446008205413818e-02,7.768411934375762939e-02,8.216952532529830933e-02,3.267233073711395264e-01,1.000000000000000000e+00
4.869190156459808350e-01,8.622344136238098145e-01,1.000000000000000000e+00,9.025238752365112305e-01,7.589761614799499512e-01,4.563528895378112793e-01,3.375319838523864746e-01,2.650365829467773438e-01,2.305408865213394165e-01,2.154461890459060669e-01,2.164538353681564331e-01,2.308945655822753906e-01,2.592257261276245117e-01,2.684779465198516846e-01,2.506909370422363281e-01,2.356172949075698853e-01,2.279602885246276855e-01,2.249877452850341797e-01,2.249877452850341797e-01,2.279602885246276855e-01,2.356172949075698853e-01,2.506909370422363281e-01,2.773727178573608398e-01,3.287342488765716553e-01,3.679151535034179688e-01,3.363816738128662109e-01,3.061785697937011719e-01,2.676154077053070068e-01,2.457599192857742310e-01,2.242308706045150757e-01,2.192940264940261841e-01,2.242308706045150757e-01,2.638795077800750732e-01,3.288996815681457520e-01,4.183369278907775879e-01,1.000000000000000000e+00,1.000000000000000000e+00
3.456351459026336670e-01,3.390800654888153076e-01,3.005757927894592285e-01,2.738677263259887695e-01,2.554970681667327881e-01,2.390878945589065552e-01,2.146701514720916748e-01,2.067662775516510010e-01,2.078216522932052612e-01,2.103866189718246460e-01,2.205081731081008911e-01,2.352193892002105713e-01,2.400305718183517456e-01,2.612061500549316406e-01,2.880102396011352539e-01,3.202195763587951660e-01,3.827066123485565186e-01,4.904738366603851318e-01,8.692179918289184570e-01,8.989133238792419434e-01,9.350766539573669434e-01,1.000000000000000000e+00,5.580108761787414551e-01,3.896327614784240723e-01,2.369233518838882446e-01,2.013714462518692017e-01,2.037405967712402344e-01,2.194816470146179199e-01,2.309197336435317993e-01,2.329583317041397095e-01,2.337748259305953979e-01,2.397658228874206543e-01,2.486661672592163086e-01,2.886955142021179199e-01,3.384759724140167236e-01,9.278278350830078125e-01,4.055262207984924316e-01
9.551513791084289551e-01,8.632720708847045898e-01,7.529401183128356934e-01,6.236699819564819336e-01,4.946095943450927734e-01,3.106929957866668701e-01,1.900883466005325317e-01,1.389461308717727661e-01,1.226926371455192566e-01,1.192418858408927917e-01,1.188034936785697937e-01,1.164748743176460266e-01,1.164748743176460266e-01,1.227989122271537781e-01,1.389461308717727661e-01,1.737389862537384033e-01,1.922717690467834473e-01,2.629381120204925537e-01,4.395346641540527344e-01,7.273136377334594727e-01,7.543075680732727051e-01,8.064603209495544434e-01,9.040881991386413574e-01,1.000000000000000000e+00,8.205869197845458984e-01,5.080104470252990723e-01,4.547055065631866455e-01,4.537865817546844482e-01,4.341596961021423340e-01,4.220012426376342773e-01,4.298113584518432617e-01,4.690805077552795410e-01,6.899827122688293457e-01,7.529401183128356934e-01,8.625010848045349121e-01,4.059815406799316406e-01,6.684413552284240723e-01
2.044179588556289673e-01,2.817061245441436768e-01,9.283060431480407715e-01,9.680902361869812012e-01,8.996230363845825195e-01,8.255333304405212402e-01,7.529948353767395020e-01,6.718446016311645508e-01,5.451392531394958496e-01,4.861236810684204102e-01,4.668077230453491211e-01,4.655067026615142822e-01,4.893566668033599854e-01,5.436074137687683105e-01,6.318367123603820801e-01,8.037763237953186035e-01,9.007515311241149902e-01,8.876786828041076660e-01,8.876786828041076660e-01,9.018450379371643066e-01,9.368902444839477539e-01,1.000000000000000000e+00,3.082298040390014648e-01,2.125629484653472900e-01,1.823054701089859009e-01,1.684737950563430786e-01,1.487838774919509888e-01,1.323909610509872437e-01,1.323909610509872437e-01,1.326198130846023560e-01,1.323909610509872437e-01,1.367845386266708374e-01,1.482734680175781250e-01,1.585519909858703613e-01,1.696397215127944946e-01,3.967653214931488037e-01,7.188612222671508789e-01
0.000000000000000000e+00,0.000000000000000000e+00,0.000000000000000000e+00,0.000000000000000000e+00,0.000000000000000000e+00,0.000000000000000000e+00,0.000000000000000000e+00,0.000000000000000000e+00,0.000000000000000000e+00,0.000000000000000000e+00,0.000000000000000000e+00,0.000000000000000000e+00,0.000000000000000000e+00,0.000000000000000000e+00,0.000000000000000000e+00,0.000000000000000000e+00,0.000000000000000000e+00,0.000000000000000000e+00,0.000000000000000000e+00,0.000000000000000000e+00,0.000000000000000000e+00,0.000000000000000000e+00,0.000000000000000000e+00,0.000000000000000000e+00,0.000000000000000000e+00,0.000000000000000000e+00,0.000000000000000000e+00,0.000000000000000000e+00,0.000000000000000000e+00,0.000000000000000000e+00,0.000000000000000000e+00,0.000000000000000000e+00,0.000000000000000000e+00,0.000000000000000000e+00,0.000000000000000000e+00,1.000000000000000000e+00,1.000000000000000000e+00
6.007130742073059082e-01,8.614463210105895996e-01,1.000000000000000000e+00,8.767877817153930664e-01,7.573951482772827148e-01,4.126007556915283203e-01,3.488821685314178467e-01,3.010368645191192627e-01,2.564863562583923340e-01,2.492527812719345093e-01,2.500882446765899658e-01,2.609516382217407227e-01,2.663075327873229980e-01,3.090841770172119141e-01,3.915299177169799805e-01,4.754751622676849365e-01,6.691703796386718750e-01,6.860300898551940918e-01,6.860300898551940918e-01,6.966826915740966797e-01,7.237257361412048340e-01,7.701885700225830078e-01,8.576568961143493652e-01,9.603692889213562012e-01,5.448264479637145996e-01,3.737074732780456543e-01,2.945714592933654785e-01,2.569238841533660889e-01,2.482853084802627563e-01,2.404053807258605957e-01,2.483499199151992798e-01,2.549176216125488281e-01,2.812521159648895264e-01,3.170790374279022217e-01,3.800087571144104004e-01,6.080641746520996094e-01,6.592283248901367188e-01
2.325829267501831055e-01,2.442321181297302246e-01,2.083419710397720337e-01,1.839419454336166382e-01,1.599910855293273926e-01,1.561839580535888672e-01,1.478849798440933228e-01,1.529468744993209839e-01,1.493001878261566162e-01,1.485210508108139038e-01,1.457612961530685425e-01,1.413669884204864502e-01,1.439592391252517700e-01,1.483256369829177856e-01,1.626877486705780029e-01,1.945182979106903076e-01,2.355261594057083130e-01,3.827225863933563232e-01,8.810935616493225098e-01,8.999763727188110352e-01,9.358105659484863281e-01,1.000000000000000000e+00,4.300605356693267822e-01,2.331434488296508789e-01,2.009722143411636353e-01,1.598550528287887573e-01,1.523292809724807739e-01,1.530890315771102905e-01,1.613899916410446167e-01,1.848856508731842041e-01,1.995600908994674683e-01,1.738490313291549683e-01,1.662588864564895630e-01,1.637982577085494995e-01,1.747642457485198975e-01,5.428100228309631348e-01,4.346647560596466064e-01
1.000000000000000000e+00,1.000000000000000000e+00,1.000000000000000000e+00,1.000000000000000000e+00,1.000000000000000000e+00,1.000000000000000000e+00,1.000000000000000000e+00,1.000000000000000000e+00,1.000000000000000000e+00,1.000000000000000000e+00,1.000000000000000000e+00,1.000000000000000000e+00,1.000000000000000000e+00,1.000000000000000000e+00,1.000000000000000000e+00,1.000000000000000000e+00,1.000000000000000000e+00,1.000000000000000000e+00,1.000000000000000000e+00,1.000000000000000000e+00,1.000000000000000000e+00,1.000000000000000000e+00,1.000000000000000000e+00,1.000000000000000000e+00,1.000000000000000000e+00,1.000000000000000000e+00,1.000000000000000000e+00,1.000000000000000000e+00,1.000000000000000000e+00,1.000000000000000000e+00,1.000000000000000000e+00,1.000000000000000000e+00,1.000000000000000000e+00,1.000000000000000000e+00,1.000000000000000000e+00,1.000000000000000000e+00,1.000000000000000000e+00
6.397618651390075684e-01,7.770799994468688965e-01,7.981091141700744629e-01,9.258461594581604004e-01,7.773191928863525391e-01,4.892282187938690186e-01,3.531647920608520508e-01,2.905764579772949219e-01,2.632334828376770020e-01,2.558096349239349365e-01,2.566670477390289307e-01,2.548167109489440918e-01,2.651526033878326416e-01,3.090106546878814697e-01,3.469853699207305908e-01,4.275457262992858887e-01,5.330072045326232910e-01,6.750333905220031738e-01,6.750333905220031738e-01,6.853694319725036621e-01,7.115028500556945801e-01,7.592814564704895020e-01,8.430089950561523438e-01,1.000000000000000000e+00,5.851523280143737793e-01,3.835382163524627686e-01,3.081343173980712891e-01,2.680054903030395508e-01,2.496575266122817993e-01,2.483680099248886108e-01,2.508057057857513428e-01,2.616234719753265381e-01,2.938154637813568115e-01,3.383044302463531494e-01,4.425409436225891113e-01,6.365837454795837402e-01,6.758061051368713379e-01
1.574444621801376343e-01,1.616954803466796875e-01,2.041045725345611572e-01,3.039755821228027344e-01,2.388596981763839722e-01,2.063678801059722900e-01,1.991680413484573364e-01,1.834028810262680054e-01,1.738683134317398071e-01,1.700522303581237793e-01,1.555125564336776733e-01,1.523028016090393066e-01,1.505498886108398438e-01,1.658375710248947144e-01,1.811375617980957031e-01,2.011938542127609253e-01,2.766211330890655518e-01,4.165057837963104248e-01,6.920830607414245605e-01,8.096075057983398438e-01,8.416148424148559570e-01,8.983720541000366211e-01,1.000000000000000000e+00,2.512851655483245850e-01,2.060818672180175781e-01,1.695311218500137329e-01,1.612845659255981445e-01,1.546090990304946899e-01,1.462269872426986694e-01,1.534602791070938110e-01,1.684403121471405029e-01,1.781827062368392944e-01,1.725914180278778076e-01,1.604136228561401367e-01,1.578653752803802490e-01,6.015211343765258789e-01,4.721488952636718750e-01
6.092446446418762207e-01,5.859401226043701172e-01,4.297724366188049316e-01,3.693688809871673584e-01,3.393956720829010010e-01,3.380018472671508789e-01,3.393956720829010010e-01,4.083687365055084229e-01,4.821859002113342285e-01,5.649171471595764160e-01,4.196293056011199951e-01,3.827077746391296387e-01,3.611291348934173584e-01,3.195136785507202148e-01,3.167312145233154297e-01,3.255513906478881836e-01,3.538662195205688477e-01,1.000000000000000000e+00,9.058734178543090820e-01,8.802352547645568848e-01,8.432569503784179688e-01,8.167374730110168457e-01,8.322684764862060547e-01,7.414487600326538086e-01,5.830122232437133789e-01,5.032644271850585938e-01,4.021070301532745361e-01,3.373027741909027100e-01,3.208039104938507080e-01,3.260947465896606445e-01,3.311229348182678223e-01,3.411299586296081543e-01,3.546990156173706055e-01,3.611291348934173584e-01,4.006368219852447510e-01,1.000000000000000000e+00,7.268322110176086426e-01
7.658484578132629395e-01,1.000000000000000000e+00,7.775250077247619629e-01,7.421393394470214844e-01,2.657773792743682861e-01,2.233072072267532349e-01,1.867740899324417114e-01,1.753830313682556152e-01,1.709951609373092651e-01,1.709951609373092651e-01,1.986055523157119751e-01,2.323606312274932861e-01,2.620753943920135498e-01,3.130418956279754639e-01,2.859778106212615967e-01,2.187227010726928711e-01,1.964068859815597534e-01,1.788562983274459839e-01,1.735161095857620239e-01,1.722602397203445435e-01,1.712066531181335449e-01,1.712066531181335449e-01,1.722602397203445435e-01,1.745557487010955811e-01,1.820647418498992920e-01,1.978753805160522461e-01,2.336032092571258545e-01,3.589245080947875977e-01,3.794115185737609863e-01,4.058628082275390625e-01,4.391791522502899170e-01,4.934982955455780029e-01,5.440700054168701172e-01,5.811195373535156250e-01,6.741754412651062012e-01,6.754518747329711914e-01,1.000000000000000000e+00
3.066703379154205322e-01,3.286819458007812500e-01,3.910730779170989990e-01,5.090910792350769043e-01,4.530851244926452637e-01,3.772120773792266846e-01,3.400025665760040283e-01,3.261347413063049316e-01,3.179676234722137451e-01,3.171595633029937744e-01,3.221766352653503418e-01,3.346778154373168945e-01,3.626450300216674805e-01,3.847890496253967285e-01,4.492459297180175781e-01,6.291401386260986328e-01,1.000000000000000000e+00,9.747254848480224609e-01,9.644701480865478516e-01,9.888394474983215332e-01,6.648358106613159180e-01,4.084053933620452881e-01,3.284867107868194580e-01,2.923189103603363037e-01,2.887862324714660645e-01,2.945053279399871826e-01,3.091704249382019043e-01,3.292669653892517090e-01,5.051695704460144043e-01,4.582939743995666504e-01,4.033475518226623535e-01,3.445011377334594727e-01,2.973236143589019775e-01,2.973236143589019775e-01,2.999016046524047852e-01,1.000000000000000000e+00,2.660760283470153809e-01
8.579930067062377930e-01,1.000000000000000000e+00,8.169813156127929688e-01,6.015814542770385742e-01,3.257733285427093506e-01,2.826747000217437744e-01,2.442692369222640991e-01,2.343434691429138184e-01,2.316931337118148804e-01,2.436850965023040771e-01,2.676545381546020508e-01,2.969360649585723877e-01,3.411591351032257080e-01,3.110017478466033936e-01,2.751807868480682373e-01,2.506049573421478271e-01,2.444636374711990356e-01,2.436850965023040771e-01,2.389605343341827393e-01,2.389605343341827393e-01,2.389605343341827393e-01,2.534324824810028076e-01,2.893189787864685059e-01,3.240187168121337891e-01,3.226964771747589111e-01,2.676545381546020508e-01,2.347485572099685669e-01,2.294266372919082642e-01,2.343434691429138184e-01,2.442692369222640991e-01,2.695998549461364746e-01,3.045186102390289307e-01,4.099707305431365967e-01,8.936301469802856445e-01,8.525496125221252441e-01,9.116405844688415527e-01,1.000000000000000000e+00
4.349543452262878418e-01,3.920047581195831299e-01,3.622118830680847168e-01,3.555466830730438232e-01,3.422504961490631104e-01,3.321473002433776855e-01,3.241958320140838623e-01,3.286370635032653809e-01,3.390587866306304932e-01,3.732502460479736328e-01,3.667857050895690918e-01,3.373441994190216064e-01,3.321473002433776855e-01,3.409774005413055420e-01,3.541167378425598145e-01,4.524345397949218750e-01,6.980277299880981445e-01,1.000000000000000000e+00,9.800118803977966309e-01,9.521000981330871582e-01,9.252271056175231934e-01,9.530892968177795410e-01,7.509537935256958008e-01,5.322316288948059082e-01,4.524345397949218750e-01,3.565645813941955566e-01,3.371292650699615479e-01,3.379881680011749268e-01,3.921896219253540039e-01,4.811615049839019775e-01,5.791887044906616211e-01,4.749448597431182861e-01,4.738753437995910645e-01,5.102600455284118652e-01,5.069822669029235840e-01,1.000000000000000000e+00,4.763269424438476562e-01
1.000000000000000000e+00,8.932218551635742188e-01,8.294883370399475098e-01,7.480303645133972168e-01,3.663088381290435791e-01,3.016442060470581055e-01,2.480087131261825562e-01,2.256777733564376831e-01,2.179505676031112671e-01,2.177257537841796875e-01,2.212952673435211182e-01,2.352401018142700195e-01,2.635179758071899414e-01,3.149864375591278076e-01,2.664747834205627441e-01,2.448289841413497925e-01,2.383423000574111938e-01,2.278374284505844116e-01,2.278374284505844116e-01,2.190711349248886108e-01,2.131798267364501953e-01,2.131798267364501953e-01,2.170499414205551147e-01,2.170499414205551147e-01,2.416074126958847046e-01,3.638944923877716064e-01,3.860952556133270264e-01,3.532415926456451416e-01,3.497585654258728027e-01,3.547632992267608643e-01,3.854605257511138916e-01,4.592076838016510010e-01,5.356076955795288086e-01,9.044995903968811035e-01,9.195344448089599609e-01,7.931034564971923828e-01,1.000000000000000000e+00
2.755604088306427002e-01,2.755604088306427002e-01,2.874605357646942139e-01,3.020092248916625977e-01,3.100369572639465332e-01,3.077232241630554199e-01,3.085929155349731445e-01,3.078683614730834961e-01,2.936100959777832031e-01,2.781418263912200928e-01,2.689985036849975586e-01,2.648147642612457275e-01,2.607352137565612793e-01,2.614195644855499268e-01,2.648147642612457275e-01,2.600490748882293701e-01,2.636314034461975098e-01,2.781418263912200928e-01,2.930009663105010986e-01,3.141871988773345947e-01,3.921008408069610596e-01,9.553176164627075195e-01,1.000000000000000000e+00,7.661080360412597656e-01,5.621940493583679199e-01,4.172662496566772461e-01,3.403904139995574951e-01,2.934579551219940186e-01,2.708188593387603760e-01,2.614195644855499268e-01,2.614195644855499268e-01,2.686662077903747559e-01,2.919318974018096924e-01,3.170177638530731201e-01,2.837068140506744385e-01,1.000000000000000000e+00,6.433802247047424316e-01
4.948664903640747070e-01,6.155089735984802246e-01,7.811943292617797852e-01,9.396561980247497559e-01,1.000000000000000000e+00,9.316924810409545898e-01,2.746549844741821289e-01,2.489092051982879639e-01,2.386050075292587280e-01,2.379021942615509033e-01,2.422613352537155151e-01,2.499162554740905762e-01,2.818760573863983154e-01,3.045755028724670410e-01,2.667685151100158691e-01,2.441547065973281860e-01,2.386050075292587280e-01,2.379021942615509033e-01,2.332822978496551514e-01,2.287521064281463623e-01,2.287521064281463623e-01,2.294829487800598145e-01,2.338200211524963379e-01,2.524163126945495605e-01,3.223376274108886719e-01,3.176278769969940186e-01,2.563657164573669434e-01,2.263605892658233643e-01,2.259904146194458008e-01,2.338200211524963379e-01,2.401788234710693359e-01,2.729732692241668701e-01,2.950813472270965576e-01,3.330681025981903076e-01,4.019793570041656494e-01,9.233158826828002930e-01,1.000000000000000000e+00
2.731298506259918213e-01,3.266321420669555664e-01,3.181037306785583496e-01,3.129013776779174805e-01,3.155132830142974854e-01,3.139487206935882568e-01,2.921486496925354004e-01,2.809795737266540527e-01,2.812715172767639160e-01,2.652025222778320312e-01,2.557504475116729736e-01,2.472665458917617798e-01,2.499076575040817261e-01,2.565514147281646729e-01,2.613057196140289307e-01,2.714722156524658203e-01,2.950834929943084717e-01,3.382350504398345947e-01,4.167206883430480957e-01,9.861161708831787109e-01,1.000000000000000000e+00,9.944449663162231445e-01,6.681695580482482910e-01,4.966031610965728760e-01,3.404117822647094727e-01,2.771565616130828857e-01,2.627152204513549805e-01,2.464354038238525391e-01,2.464354038238525391e-01,2.719253003597259521e-01,3.272596597671508789e-01,3.485122919082641602e-01,2.464354038238525391e-01,2.417281568050384521e-01,2.417281568050384521e-01,1.000000000000000000e+00,7.034695148468017578e-01
5.057095885276794434e-01,9.380173683166503906e-01,9.137655496597290039e-01,1.000000000000000000e+00,8.913556337356567383e-01,3.225073218345642090e-01,2.598752379417419434e-01,2.252488881349563599e-01,2.071733772754669189e-01,2.070078402757644653e-01,2.094772011041641235e-01,2.152881473302841187e-01,2.435313314199447632e-01,2.870773971080780029e-01,2.414105534553527832e-01,2.309598922729492188e-01,2.159241586923599243e-01,2.070078402757644653e-01,2.029943764209747314e-01,2.016388177871704102e-01,2.016388177871704102e-01,2.045086622238159180e-01,2.115940153598785400e-01,2.167165428400039673e-01,2.252488881349563599e-01,2.598752379417419434e-01,2.568232417106628418e-01,2.149694412946701050e-01,2.075040638446807861e-01,2.070078402757644653e-01,2.111074030399322510e-01,2.290221601724624634e-01,2.485473752021789551e-01,2.985509634017944336e-01,4.125225245952606201e-01,8.891189694404602051e-01,1.000000000000000000e+00
3.754382431507110596e-01,3.626886010169982910e-01,3.238975703716278076e-01,3.090088665485382080e-01,3.017171323299407959e-01,2.876915335655212402e-01,2.764393389225006104e-01,2.631478011608123779e-01,2.621172964572906494e-01,2.534074485301971436e-01,2.529701590538024902e-01,2.550526559352874756e-01,2.541829943656921387e-01,2.537470161914825439e-01,2.635215222835540771e-01,2.722467184066772461e-01,2.889289259910583496e-01,3.102603554725646973e-01,3.475149571895599365e-01,7.931123971939086914e-01,1.000000000000000000e+00,7.099845409393310547e-01,5.559960603713989258e-01,4.580603539943695068e-01,3.938598036766052246e-01,3.199232220649719238e-01,2.806788980960845947e-01,2.613888382911682129e-01,2.525808215141296387e-01,2.509929239749908447e-01,2.554622888565063477e-01,2.638014554977416992e-01,2.823394834995269775e-01,3.084111213684082031e-01,3.309794962406158447e-01,1.000000000000000000e+00,4.054567217826843262e-01
7.229780554771423340e-01,8.894338607788085938e-01,1.000000000000000000e+00,9.296159148216247559e-01,8.322162032127380371e-01,1.798800230026245117e-01,1.582598686218261719e-01,1.471108198165893555e-01,1.489383578300476074e-01,1.493365317583084106e-01,1.524844765663146973e-01,1.559922993183135986e-01,1.634689271450042725e-01,1.800999641418457031e-01,1.956238001585006714e-01,2.118176519870758057e-01,2.194669544696807861e-01,2.226605564355850220e-01,2.507576346397399902e-01,2.836719453334808350e-01,4.175643622875213623e-01,2.965447306632995605e-01,2.316931337118148804e-01,1.940321028232574463e-01,1.705795675516128540e-01,1.568359583616256714e-01,1.525709927082061768e-01,1.532613635063171387e-01,1.620093584060668945e-01,1.794393211603164673e-01,2.106932848691940308e-01,2.601337432861328125e-01,3.476725816726684570e-01,4.596405923366546631e-01,5.661797523498535156e-01,5.743470788002014160e-01,8.105623126029968262e-01
4.216287434101104736e-01,5.814257860183715820e-01,7.935835719108581543e-01,1.000000000000000000e+00,9.612749218940734863e-01,9.308257102966308594e-01,8.603248000144958496e-01,7.368071079254150391e-01,4.975054264068603516e-01,3.571178913116455078e-01,3.204249739646911621e-01,3.133864700794219971e-01,3.268323838710784912e-01,4.334525465965270996e-01,5.221295356750488281e-01,6.101903915405273438e-01,6.509326100349426270e-01,6.940029263496398926e-01,8.533129096031188965e-01,4.869163334369659424e-01,2.884679734706878662e-01,2.088110297918319702e-01,1.640835851430892944e-01,1.392520815134048462e-01,1.231025308370590210e-01,1.152005270123481750e-01,1.136331036686897278e-01,1.137316972017288208e-01,1.183678135275840759e-01,1.292325109243392944e-01,1.509920507669448853e-01,1.752483397722244263e-01,2.139021456241607666e-01,2.545320987701416016e-01,3.083021640777587891e-01,3.339227139949798584e-01,7.130958437919616699e-01
6.059995293617248535e-01,8.385967612266540527e-01,1.000000000000000000e+00,9.353031516075134277e-01,3.120940625667572021e-01,2.747078537940979004e-01,2.155000716447830200e-01,1.669508069753646851e-01,8.138500154018402100e-02,6.768298894166946411e-02,5.447141081094741821e-02,4.937195032835006714e-02,4.920140653848648071e-02,4.920140653848648071e-02,4.937195032835006714e-02,5.322261527180671692e-02,6.143338233232498169e-02,6.823954731225967407e-02,8.992259204387664795e-02,1.406346112489700317e-01,1.180520504713058472e-01,8.526863902807235718e-02,6.970199197530746460e-02,5.870474502444267273e-02,5.226644501090049744e-02,4.962666332721710205e-02,4.928674921393394470e-02,4.928674921393394470e-02,5.063271149992942810e-02,5.447141081094741821e-02,6.384871155023574829e-02,7.610108703374862671e-02,9.997057914733886719e-02,1.476326882839202881e-01,2.969402074813842773e-01,2.404243499040603638e-01,1.000000000000000000e+00
4.767090082168579102e-01,5.463304519653320312e-01,4.815261065959930420e-01,4.532095193862915039e-01,4.371089041233062744e-01,4.244036078453063965e-01,4.137139618396759033e-01,3.982911705970764160e-01,3.788431286811828613e-01,3.592097163200378418e-01,3.405332863330841064e-01,3.269951641559600830e-01,3.277982473373413086e-01,3.226480185985565186e-01,3.256522715091705322e-01,3.228893876075744629e-01,3.600491583347320557e-01,3.640568554401397705e-01,4.328552484512329102e-01,9.252714514732360840e-01,1.000000000000000000e+00,7.116096615791320801e-01,5.548905730247497559e-01,4.576996266841888428e-01,4.008259177207946777e-01,3.650185465812683105e-01,3.399322032928466797e-01,3.150430321693420410e-01,3.114680051803588867e-01,3.073132336139678955e-01,3.245439231395721436e-01,3.500656485557556152e-01,3.690778315067291260e-01,3.893896937370300293e-01,4.244495034217834473e-01,1.000000000000000000e+00,5.880433917045593262e-01
8.031679987907409668e-01,9.329320192337036133e-01,1.000000000000000000e+00,9.452821016311645508e-01,2.312651127576828003e-01,1.578294783830642700e-01,1.383679956197738647e-01,1.353376656770706177e-01,1.343123614788055420e-01,1.306075602769851685e-01,1.318715363740921021e-01,1.313989758491516113e-01,1.376166641712188721e-01,1.473196148872375488e-01,1.557132452726364136e-01,1.747860908508300781e-01,1.848939955234527588e-01,1.950805038213729858e-01,1.970896869897842407e-01,2.066425234079360962e-01,3.486614823341369629e-01,2.569735050201416016e-01,2.028617560863494873e-01,1.695674210786819458e-01,1.480216979980468750e-01,1.371134966611862183e-01,1.338484138250350952e-01,1.343123614788055420e-01,1.410886198282241821e-01,1.568630784749984741e-01,1.841072887182235718e-01,2.260661125183105469e-01,2.992941737174987793e-01,4.515815675258636475e-01,6.283879876136779785e-01,4.952288866043090820e-01,1.000000000000000000e+00
5.612027049064636230e-01,7.349304556846618652e-01,8.961468338966369629e-01,1.000000000000000000e+00,9.551799297332763672e-01,9.096269607543945312e-01,8.097630739212036133e-01,5.996809005737304688e-01,3.173934221267700195e-01,2.614286839962005615e-01,2.466882467269897461e-01,2.447832971811294556e-01,2.856533527374267578e-01,3.755227923393249512e-01,4.271548390388488770e-01,4.811002016067504883e-01,5.269201397895812988e-01,5.269399285316467285e-01,6.346065402030944824e-01,3.573251664638519287e-01,2.144280821084976196e-01,1.543434709310531616e-01,1.225615143775939941e-01,1.050082594156265259e-01,9.403293579816818237e-02,8.773773163557052612e-02,8.666408061981201172e-02,8.666408061981201172e-02,8.961468189954757690e-02,9.793456643819808960e-02,1.132995337247848511e-01,1.360756903886795044e-01,1.776553541421890259e-01,2.654171586036682129e-01,4.251776337623596191e-01,2.601131200790405273e-01,9.200714826583862305e-01
4.869522452354431152e-01,5.829910039901733398e-01,5.362282395362854004e-01,5.012092590332031250e-01,4.854309558868408203e-01,4.688406586647033691e-01,4.446070790290832520e-01,4.200236201286315918e-01,3.946681618690490723e-01,3.749908208847045898e-01,3.410512208938598633e-01,3.238624036312103271e-01,3.145946562290191650e-01,3.095156550407409668e-01,3.135011792182922363e-01,3.312015533447265625e-01,3.541972041130065918e-01,3.966931998729705811e-01,5.040122270584106445e-01,9.571703076362609863e-01,1.000000000000000000e+00,7.104919552803039551e-01,5.545048117637634277e-01,4.588557183742523193e-01,3.998987376689910889e-01,3.603340387344360352e-01,3.190414309501647949e-01,2.995696961879730225e-01,2.937822341918945312e-01,2.967939376831054688e-01,3.175198733806610107e-01,3.341658413410186768e-01,3.641019463539123535e-01,3.915322721004486084e-01,4.291279017925262451e-01,1.000000000000000000e+00,5.279095768928527832e-01
8.033955693244934082e-01,9.674709439277648926e-01,1.000000000000000000e+00,9.440456628799438477e-01,1.760050505399703979e-01,1.414213627576828003e-01,1.332082748413085938e-01,1.327068656682968140e-01,1.392439901828765869e-01,1.370320320129394531e-01,1.361779868602752686e-01,1.356875449419021606e-01,1.421267092227935791e-01,1.464392244815826416e-01,1.600694358348846436e-01,1.702612340450286865e-01,1.753726154565811157e-01,1.666666716337203979e-01,1.666666716337203979e-01,1.715938299894332886e-01,2.414079010486602783e-01,2.608745992183685303e-01,2.126029133796691895e-01,1.780449450016021729e-01,1.565247625112533569e-01,1.439135521650314331e-01,1.400000005960464478e-01,1.406334936618804932e-01,1.486606895923614502e-01,1.646545231342315674e-01,1.933333277702331543e-01,2.387001812458038330e-01,3.190262913703918457e-01,4.776446819305419922e-01,6.335788965225219727e-01,5.687614679336547852e-01,1.000000000000000000e+00
5.505061745643615723e-01,7.446623444557189941e-01,9.436708688735961914e-01,1.000000000000000000e+00,9.648309350013732910e-01,9.061920046806335449e-01,7.761377692222595215e-01,4.883744418621063232e-01,3.137172758579254150e-01,2.621315121650695801e-01,2.458710074424743652e-01,2.442504614591598511e-01,2.572034895420074463e-01,3.905341923236846924e-01,4.518037736415863037e-01,5.094593763351440430e-01,5.381026864051818848e-01,5.233869552612304688e-01,6.056923270225524902e-01,4.320537447929382324e-01,2.598320841789245605e-01,1.852835416793823242e-01,1.455956995487213135e-01,1.235620453953742981e-01,1.092321276664733887e-01,1.022204756736755371e-01,1.008296534419059753e-01,1.009171456098556519e-01,1.050308942794799805e-01,1.146714165806770325e-01,1.339792460203170776e-01,1.614062041044235229e-01,2.179789543151855469e-01,3.228397369384765625e-01,4.171723425388336182e-01,3.231862783432006836e-01,8.671029806137084961e-01
7.621533423662185669e-02,8.158905059099197388e-02,8.221029490232467651e-02,7.192203402519226074e-02,6.413098424673080444e-02,6.177365779876708984e-02,5.860363692045211792e-02,5.721247196197509766e-02,5.721247196197509766e-02,6.142951175570487976e-02,9.538869559764862061e-02,1.862338930368423462e-01,2.647233307361602783e-01,3.370550572872161865e-01,4.056208729743957520e-01,4.434432685375213623e-01,4.889449775218963623e-01,5.230818390846252441e-01,6.065503358840942383e-01,1.000000000000000000e+00,8.643407821655273438e-01,6.154811382293701172e-01,4.448179900646209717e-01,2.792673408985137939e-01,1.562763601541519165e-01,9.538869559764862061e-02,7.013116776943206787e-02,6.080514192581176758e-02,6.003320217132568359e-02,6.142951175570487976e-02,5.824076384305953979e-02,5.743436887860298157e-02,5.743436887860298157e-02,6.003320217132568359e-02,6.640468537807464600e-02,2.919647097587585449e-01,4.240594804286956787e-01
8.461759090423583984e-01,1.000000000000000000e+00,9.253438115119934082e-01,8.699238300323486328e-01,7.728473544120788574e-01,6.155592799186706543e-01,1.110274270176887512e-01,8.385840803384780884e-02,6.508368253707885742e-02,5.922704562544822693e-02,5.824103206396102905e-02,5.824103206396102905e-02,5.866564065217971802e-02,6.047115847468376160e-02,6.353997439146041870e-02,6.915141642093658447e-02,7.478430867195129395e-02,9.574300050735473633e-02,4.436810314655303955e-01,4.835639894008636475e-01,5.492640733718872070e-01,5.630685091018676758e-01,4.390511512756347656e-01,3.640561699867248535e-01,3.165781497955322266e-01,2.900665402412414551e-01,2.807028591632843018e-01,2.830508947372436523e-01,3.013965785503387451e-01,3.373274207115173340e-01,3.969320952892303467e-01,4.738862216472625732e-01,5.276302695274353027e-01,6.241679787635803223e-01,7.444057464599609375e-01,2.161045074462890625e-01,7.818275690078735352e-01
1.815385371446609497e-01,1.627215743064880371e-01,1.438720375299453735e-01,1.388281732797622681e-01,1.315281987190246582e-01,1.304468214511871338e-01,1.329563409090042114e-01,1.333109885454177856e-01,1.453413218259811401e-01,1.690124869346618652e-01,2.862304747104644775e-01,2.635226547718048096e-01,1.934009194374084473e-01,1.611177921295166016e-01,1.485226005315780640e-01,1.409880071878433228e-01,1.364613175392150879e-01,1.353496015071868896e-01,1.364613175392150879e-01,1.364613175392150879e-01,1.409880071878433228e-01,1.381121277809143066e-01,1.327075213193893433e-01,1.310246586799621582e-01,1.296480894088745117e-01,1.370482593774795532e-01,1.516994088888168335e-01,1.795247197151184082e-01,2.168774455785751343e-01,3.298383951187133789e-01,4.802566766738891602e-01,8.659245371818542480e-01,1.000000000000000000e+00,2.973788082599639893e-01,2.158955484628677368e-01,1.000000000000000000e+00,8.404818177223205566e-01
2.780930101871490479e-01,2.114301919937133789e-01,1.927559226751327515e-01,1.724659651517868042e-01,1.625613421201705933e-01,1.525772064924240112e-01,1.484650969505310059e-01,1.539235115051269531e-01,1.589246392250061035e-01,1.865919232368469238e-01,2.393496632575988770e-01,3.839253187179565430e-01,7.455610036849975586e-01,6.161685585975646973e-01,5.600674748420715332e-01,5.244937539100646973e-01,4.042559266090393066e-01,3.193871974945068359e-01,2.587155401706695557e-01,2.062017768621444702e-01,1.802172362804412842e-01,1.644541025161743164e-01,1.584370583295822144e-01,1.502493768930435181e-01,1.529711037874221802e-01,1.560864746570587158e-01,1.580567806959152222e-01,1.749404817819595337e-01,2.033470422029495239e-01,2.668289542198181152e-01,4.280733466148376465e-01,7.429621219635009766e-01,1.000000000000000000e+00,9.881958365440368652e-01,3.457534015178680420e-01,8.709677457809448242e-01,5.887946486473083496e-01
1.996205896139144897e-01,1.993770003318786621e-01,1.814081966876983643e-01,1.575519740581512451e-01,1.446556597948074341e-01,1.279335469007492065e-01,1.210637390613555908e-01,1.213043406605720520e-01,1.126208156347274780e-01,1.095143407583236694e-01,1.104862540960311890e-01,1.171468868851661682e-01,1.290680766105651855e-01,1.900427341461181641e-01,1.000000000000000000e+00,9.248358011245727539e-01,5.839146971702575684e-01,3.495133519172668457e-01,2.726742625236511230e-01,2.313717752695083618e-01,1.956868022680282593e-01,1.609392613172531128e-01,1.501610875129699707e-01,1.334369629621505737e-01,1.213043406605720520e-01,1.149695590138435364e-01,1.122317984700202942e-01,1.126208156347274780e-01,1.183027029037475586e-01,1.315295696258544922e-01,1.675954908132553101e-01,2.026407420635223389e-01,1.904769390821456909e-01,1.822633892297744751e-01,1.834857612848281860e-01,8.324301242828369141e-01,1.052770391106605530e-01
4.498531520366668701e-01,3.485367298126220703e-01,1.756763160228729248e-01,1.453840285539627075e-01,1.263026446104049683e-01,1.202792078256607056e-01,1.153702437877655029e-01,1.123600676655769348e-01,1.136868223547935486e-01,1.322677284479141235e-01,1.549421995878219604e-01,2.197071462869644165e-01,3.169472813606262207e-01,1.000000000000000000e+00,8.976483345031738281e-01,7.469297647476196289e-01,4.647651314735412598e-01,3.176449239253997803e-01,2.207770794630050659e-01,1.687094867229461670e-01,1.488784104585647583e-01,1.278758645057678223e-01,1.230378597974777222e-01,1.216956973075866699e-01,1.200415045022964478e-01,1.221057474613189697e-01,1.336105763912200928e-01,1.481572091579437256e-01,1.769318878650665283e-01,2.107153683900833130e-01,2.912833094596862793e-01,3.659466803073883057e-01,5.189459919929504395e-01,5.114615559577941895e-01,5.280982255935668945e-01,7.500447630882263184e-01,3.140251338481903076e-01
6.209823116660118103e-02,5.993386358022689819e-02,5.814438685774803162e-02,5.592148005962371826e-02,5.592148005962371826e-02,5.592148005962371826e-02,5.750491470098495483e-02,6.132785975933074951e-02,7.504062354564666748e-02,7.827927917242050171e-02,7.908491790294647217e-02,7.411984354257583618e-02,6.669201701879501343e-02,5.966886132955551147e-02,5.448612943291664124e-02,5.291219055652618408e-02,5.200592055916786194e-02,5.200592055916786194e-02,5.200592055916786194e-02,5.200592055916786194e-02,5.251133441925048828e-02,5.251133441925048828e-02,5.525629222393035889e-02,6.243757158517837524e-02,8.125925064086914062e-02,1.195146515965461731e-01,2.969244718551635742e-01,3.580869436264038086e-01,4.593268632888793945e-01,6.563896536827087402e-01,1.000000000000000000e+00,1.906945258378982544e-01,7.814419269561767578e-02,6.895076483488082886e-02,6.500740349292755127e-02,4.185295104980468750e-01,1.000000000000000000e+00
2.598363459110260010e-01,1.969971358776092529e-01,1.652199774980545044e-01,1.441155970096588135e-01,1.407831907272338867e-01,1.328053921461105347e-01,1.333936750888824463e-01,1.315465420484542847e-01,1.418911963701248169e-01,1.354325562715530396e-01,3.128515556454658508e-02,2.256004512310028076e-02,1.978646963834762573e-02,1.903001591563224792e-02,1.877109333872795105e-02,1.877109333872795105e-02,1.877109333872795105e-02,1.877109333872795105e-02,1.877109333872795105e-02,1.877109333872795105e-02,1.877109333872795105e-02,1.877109333872795105e-02,1.903001591563224792e-02,1.978646963834762573e-02,2.256004512310028076e-02,3.128515556454658508e-02,1.323254853487014771e-01,1.509812623262405396e-01,1.732022613286972046e-01,2.169304639101028442e-01,2.831608951091766357e-01,4.182861447334289551e-01,8.342525362968444824e-01,1.000000000000000000e+00,4.059482514858245850e-01,1.000000000000000000e+00,1.000000000000000000e+00
3.079219162464141846e-01,2.849240899085998535e-01,2.583959400653839111e-01,2.347951978445053101e-01,2.115817070007324219e-01,1.898034960031509399e-01,1.740885078907012939e-01,1.585358530282974243e-01,1.547559052705764771e-01,1.512938141822814941e-01,1.532889902591705322e-01,1.659783422946929932e-01,1.886919587850570679e-01,2.350604981184005737e-01,4.387114048004150391e-01,1.000000000000000000e+00,9.614959955215454102e-01,6.441994309425354004e-01,4.202814400196075439e-01,3.695611059665679932e-01,3.027420938014984131e-01,2.498109936714172363e-01,2.127933800220489502e-01,1.855694353580474854e-01,1.659783422946929932e-01,1.532889902591705322e-01,1.504676342010498047e-01,1.547559052705764771e-01,1.635669022798538208e-01,1.795521229505538940e-01,2.010459303855895996e-01,2.028975039720535278e-01,2.206659466028213501e-01,2.583959400653839111e-01,3.070350587368011475e-01,8.999244570732116699e-01,2.519537806510925293e-01
4.294787943363189697e-01,3.175748288631439209e-01,2.418362945318222046e-01,2.080594748258590698e-01,1.717915236949920654e-01,1.644170582294464111e-01,1.526235342025756836e-01,1.520328521728515625e-01,1.572691053152084351e-01,1.654475182294845581e-01,1.833337396383285522e-01,2.299701124429702759e-01,3.624442517757415771e-01,4.954555332660675049e-01,4.459465146064758301e-01,4.185623526573181152e-01,4.035810232162475586e-01,3.981944024562835693e-01,3.951194882392883301e-01,3.090876340866088867e-01,2.524746060371398926e-01,2.071444988250732422e-01,1.867911368608474731e-01,1.663514524698257446e-01,1.520328521728515625e-01,1.503134220838546753e-01,1.570782810449600220e-01,1.615339517593383789e-01,1.895010918378829956e-01,2.208785116672515869e-01,4.047189354896545410e-01,5.718347430229187012e-01,8.201372623443603516e-01,9.692552685737609863e-01,1.000000000000000000e+00,8.324301242828369141e-01,7.267099618911743164e-01
8.364742398262023926e-01,7.002819180488586426e-01,5.095604658126831055e-01,3.266716003417968750e-01,2.587000429630279541e-01,2.286585569381713867e-01,2.230152040719985962e-01,2.239193618297576904e-01,2.199980169534683228e-01,2.230152040719985962e-01,2.515726089477539062e-01,2.917367815971374512e-01,3.883603215217590332e-01,6.017795801162719727e-01,1.000000000000000000e+00,9.380235075950622559e-01,9.021267890930175781e-01,6.584851741790771484e-01,3.762038946151733398e-01,2.826448082923889160e-01,2.196445018053054810e-01,2.010231763124465942e-01,1.853342205286026001e-01,1.853342205286026001e-01,1.870039254426956177e-01,1.925726830959320068e-01,2.063643932342529297e-01,2.185804992914199829e-01,2.486519515514373779e-01,2.907762527465820312e-01,3.666633665561676025e-01,4.718365967273712158e-01,6.433708071708679199e-01,7.337505221366882324e-01,8.838867545127868652e-01,7.394594550132751465e-01,5.010713338851928711e-01
3.959650993347167969e-01,5.410722494125366211e-01,8.274115324020385742e-01,9.545179605484008789e-01,1.000000000000000000e+00,4.440952837467193604e-01,3.603156208992004395e-01,2.900048494338989258e-01,2.470379322767257690e-01,2.243482917547225952e-01,2.253769487142562866e-01,2.404713332653045654e-01,2.633529007434844971e-01,3.051466643810272217e-01,3.666537404060363770e-01,4.584269225597381592e-01,4.455512762069702148e-01,4.391088187694549561e-01,4.391088187694549561e-01,4.455512762069702148e-01,4.625058472156524658e-01,4.588908851146697998e-01,3.602128922939300537e-01,2.996392548084259033e-01,2.616611123085021973e-01,2.389273643493652344e-01,2.322908341884613037e-01,2.294454425573348999e-01,2.250894010066986084e-01,2.195544093847274780e-01,2.281514257192611694e-01,2.280297279357910156e-01,2.462501674890518188e-01,2.666349112987518311e-01,3.104968369007110596e-01,1.000000000000000000e+00,7.548177838325500488e-01
3.122234344482421875e-01,4.340035617351531982e-01,7.923493981361389160e-01,5.966159105300903320e-01,5.549906492233276367e-01,6.718347072601318359e-01,3.367388248443603516e-01,2.353139221668243408e-01,1.881165504455566406e-01,1.871348619461059570e-01,1.863334178924560547e-01,1.910313814878463745e-01,2.053774744272232056e-01,2.378926575183868408e-01,2.822870016098022461e-01,3.314670026302337646e-01,3.956803977489471436e-01,5.352234840393066406e-01,9.464880228042602539e-01,9.626960754394531250e-01,1.000000000000000000e+00,9.046474099159240723e-01,7.059417963027954102e-01,5.381835103034973145e-01,2.961389720439910889e-01,2.269462794065475464e-01,1.871963590383529663e-01,1.769536584615707397e-01,1.716702580451965332e-01,1.720052361488342285e-01,1.801132112741470337e-01,1.948499977588653564e-01,2.103070169687271118e-01,2.291673421859741211e-01,2.587986290454864502e-01,7.171417474746704102e-01,4.986860454082489014e-01
0.000000000000000000e+00,0.000000000000000000e+00,0.000000000000000000e+00,0.000000000000000000e+00,0.000000000000000000e+00,0.000000000000000000e+00,0.000000000000000000e+00,0.000000000000000000e+00,0.000000000000000000e+00,0.000000000000000000e+00,0.000000000000000000e+00,0.000000000000000000e+00,0.000000000000000000e+00,0.000000000000000000e+00,0.000000000000000000e+00,0.000000000000000000e+00,0.000000000000000000e+00,0.000000000000000000e+00,0.000000000000000000e+00,0.000000000000000000e+00,0.000000000000000000e+00,0.000000000000000000e+00,0.000000000000000000e+00,0.000000000000000000e+00,0.000000000000000000e+00,0.000000000000000000e+00,0.000000000000000000e+00,0.000000000000000000e+00,0.000000000000000000e+00,0.000000000000000000e+00,0.000000000000000000e+00,0.000000000000000000e+00,0.000000000000000000e+00,0.000000000000000000e+00,0.000000000000000000e+00,6.790876984596252441e-01,1.000000000000000000e+00
3.263909220695495605e-01,2.498567849397659302e-01,1.520414948463439941e-01,1.240752115845680237e-01,1.207552030682563782e-01,1.216190233826637268e-01,1.244716197252273560e-01,2.287833839654922485e-01,1.910919398069381714e-01,1.558416187763214111e-01,1.310271769762039185e-01,1.285122185945510864e-01,1.240752115845680237e-01,1.241744309663772583e-01,1.343225240707397461e-01,1.428967267274856567e-01,1.677540838718414307e-01,1.910919398069381714e-01,3.090045750141143799e-01,9.614987969398498535e-01,1.000000000000000000e+00,9.458991289138793945e-01,7.338710427284240723e-01,3.365527093410491943e-01,2.213134467601776123e-01,1.583503037691116333e-01,1.368656903505325317e-01,1.252606660127639771e-01,1.240255683660507202e-01,1.216696426272392273e-01,1.267754733562469482e-01,1.348258554935455322e-01,1.538132280111312866e-01,1.919921040534973145e-01,2.533079683780670166e-01,6.682863831520080566e-01,3.027749955654144287e-01
4.197303056716918945e-01,5.507619380950927734e-01,7.927961945533752441e-01,1.000000000000000000e+00,8.427736163139343262e-01,4.702127277851104736e-01,3.476105928421020508e-01,2.945596575736999512e-01,2.575969099998474121e-01,2.322228848934173584e-01,2.258249670267105103e-01,2.241969555616378784e-01,2.364657670259475708e-01,2.608270943164825439e-01,3.009309172630310059e-01,3.714453279972076416e-01,5.210770368576049805e-01,8.194608092308044434e-01,8.194608092308044434e-01,8.327007293701171875e-01,6.753860712051391602e-01,4.816209673881530762e-01,3.772814571857452393e-01,3.131596744060516357e-01,2.745125889778137207e-01,2.530881166458129883e-01,2.455315291881561279e-01,2.319974303245544434e-01,2.299014478921890259e-01,2.255931049585342407e-01,2.387233823537826538e-01,2.373493462800979614e-01,2.539653480052947998e-01,2.911645770072937012e-01,3.330802917480468750e-01,1.000000000000000000e+00,6.954520344734191895e-01
6.052034497261047363e-01,7.945498824119567871e-01,1.000000000000000000e+00,2.692608535289764404e-01,1.748207658529281616e-01,1.426969319581985474e-01,1.247452124953269958e-01,1.159758642315864563e-01,1.141084432601928711e-01,1.161770373582839966e-01,1.253055334091186523e-01,1.322328299283981323e-01,1.102363988757133484e-01,9.494017809629440308e-02,8.628107607364654541e-02,8.155045658349990845e-02,7.969678938388824463e-02,7.946204394102096558e-02,7.946204394102096558e-02,7.969678938388824463e-02,8.155045658349990845e-02,8.628107607364654541e-02,9.494017809629440308e-02,1.102363988757133484e-01,1.325855553150177002e-01,1.223256811499595642e-01,1.191930621862411499e-01,1.198183447122573853e-01,1.266401857137680054e-01,1.399540901184082031e-01,1.642991453409194946e-01,2.011084556579589844e-01,2.692608535289764404e-01,4.031099975109100342e-01,5.070123076438903809e-01,8.180701136589050293e-01,1.000000000000000000e+00
2.058748155832290649e-01,2.676648497581481934e-01,2.345154583454132080e-01,1.568475514650344849e-01,1.321556419134140015e-01,1.240389645099639893e-01,1.179341301321983337e-01,1.191801130771636963e-01,2.433143109083175659e-01,1.898520886898040771e-01,1.345838457345962524e-01,1.283609122037887573e-01,1.239473223686218262e-01,1.206959784030914307e-01,1.215403452515602112e-01,1.327989548444747925e-01,1.440058797597885132e-01,1.731027066707611084e-01,2.428000569343566895e-01,9.618950486183166504e-01,1.000000000000000000e+00,7.471747398376464844e-01,5.822726488113403320e-01,3.422607183456420898e-01,2.322025001049041748e-01,1.594343036413192749e-01,1.348790377378463745e-01,1.236260309815406799e-01,1.191324368119239807e-01,1.197033599019050598e-01,1.240389645099639893e-01,1.254055798053741455e-01,1.312929987907409668e-01,1.471669375896453857e-01,1.685798466205596924e-01,7.972429990768432617e-01,3.720171451568603516e-01
3.952639997005462646e-01,5.036363601684570312e-01,7.511643171310424805e-01,1.000000000000000000e+00,6.304261684417724609e-01,4.283906817436218262e-01,2.964091897010803223e-01,2.417927086353302002e-01,2.198309898376464844e-01,2.078120261430740356e-01,2.090009897947311401e-01,2.238204032182693481e-01,2.650363147258758545e-01,3.497862815856933594e-01,3.752709925174713135e-01,3.522267937660217285e-01,3.396197855472564697e-01,3.350868225097656250e-01,3.350868225097656250e-01,2.911314368247985840e-01,1.734603643417358398e-01,1.273278743028640747e-01,1.011088937520980835e-01,8.662807941436767578e-02,7.757382839918136597e-02,7.238050550222396851e-02,7.149478793144226074e-02,7.149478793144226074e-02,7.392892986536026001e-02,8.079253137111663818e-02,9.346808493137359619e-02,1.122576072812080383e-01,1.465593576431274414e-01,2.189597338438034058e-01,3.204421699047088623e-01,4.047499597072601318e-01,8.945044279098510742e-01
1.212552264332771301e-01,1.331536024808883667e-01,2.039192616939544678e-01,4.047091901302337646e-01,5.076730847358703613e-01,4.293671846389770508e-01,4.151110351085662842e-01,4.834670722484588623e-01,2.682487368583679199e-01,2.296893894672393799e-01,2.171072214841842651e-01,2.214067876338958740e-01,2.364431172609329224e-01,2.715811431407928467e-01,3.117046058177947998e-01,3.637656867504119873e-01,4.317575395107269287e-01,6.344789266586303711e-01,9.830167293548583984e-01,1.000000000000000000e+00,7.082800269126892090e-01,5.050427317619323730e-01,3.897958099842071533e-01,1.721854358911514282e-01,1.081345155835151672e-01,8.822613954544067383e-02,7.913075387477874756e-02,7.106936722993850708e-02,7.070334255695343018e-02,7.070334255695343018e-02,7.358057051897048950e-02,7.668853551149368286e-02,7.847223430871963501e-02,8.574039489030838013e-02,1.028884723782539368e-01,3.882079422473907471e-01,5.451250672340393066e-01
4.272654652595520020e-01,5.645190477371215820e-01,5.198302865028381348e-01,4.089959263801574707e-01,3.891545832157135010e-01,5.040543079376220703e-01,9.646023064851760864e-02,7.533784955739974976e-02,6.902132183313369751e-02,6.485112756490707397e-02,6.412973254919052124e-02,6.412973254919052124e-02,6.584779918193817139e-02,7.022410631179809570e-02,7.680560648441314697e-02,9.262191504240036011e-02,1.227738261222839355e-01,1.830204129219055176e-01,2.761189937591552734e-01,9.619460105895996094e-01,1.000000000000000000e+00,8.288173675537109375e-01,6.468016505241394043e-01,5.357668995857238770e-01,4.496536850929260254e-01,3.212285041809082031e-01,2.718057036399841309e-01,2.437983453273773193e-01,2.374176084995269775e-01,2.372607886791229248e-01,2.441034764051437378e-01,2.537472546100616455e-01,2.758829891681671143e-01,3.083108067512512207e-01,3.673602640628814697e-01,3.422686755657196045e-01,4.870305955410003662e-01
6.945390105247497559e-01,8.907085061073303223e-01,1.000000000000000000e+00,2.311840206384658813e-01,1.232667118310928345e-01,9.245003014802932739e-02,7.413243502378463745e-02,6.890818476676940918e-02,6.313073635101318359e-02,5.970884114503860474e-02,5.970884114503860474e-02,6.238653883337974548e-02,6.362203508615493774e-02,7.538194209337234497e-02,9.312118589878082275e-02,1.270604133605957031e-01,3.253683745861053467e-01,3.368642032146453857e-01,3.395341336727142334e-01,3.444505333900451660e-01,3.568597435951232910e-01,3.793799281120300293e-01,3.612175285816192627e-01,3.001045584678649902e-01,2.611605226993560791e-01,2.402003258466720581e-01,2.328280359506607056e-01,2.344273328781127930e-01,2.484519928693771362e-01,2.769006788730621338e-01,3.264431953430175781e-01,3.908007740974426270e-01,4.341135025024414062e-01,4.743018448352813721e-01,5.591727495193481445e-01,3.422686755657196045e-01,8.282548189163208008e-01
3.734827339649200439e-01,4.817243814468383789e-01,6.714853644371032715e-01,1.000000000000000000e+00,8.267008066177368164e-01,5.562778711318969727e-01,3.245150446891784668e-01,2.744572758674621582e-01,2.383547425270080566e-01,2.183066606521606445e-01,2.128208428621292114e-01,2.187721431255340576e-01,2.269314676523208618e-01,2.571395337581634521e-01,3.052946329116821289e-01,3.755199313163757324e-01,6.115880608558654785e-01,9.796256422996520996e-01,9.796256422996520996e-01,9.929562211036682129e-01,6.386815905570983887e-01,4.523194134235382080e-01,3.577276468276977539e-01,2.945687770843505859e-01,2.593552470207214355e-01,2.385147213935852051e-01,2.269314676523208618e-01,2.226322740316390991e-01,2.187721431255340576e-01,2.158464640378952026e-01,2.211997956037521362e-01,2.321935445070266724e-01,2.391004264354705811e-01,2.774981856346130371e-01,3.274794220924377441e-01,1.000000000000000000e+00,6.336092948913574219e-01
7.878291010856628418e-01,1.000000000000000000e+00,3.867684900760650635e-01,2.461722791194915771e-01,1.931523680686950684e-01,1.678098291158676147e-01,1.464075446128845215e-01,1.323783844709396362e-01,1.292221099138259888e-01,1.285477578639984131e-01,1.303938329219818115e-01,1.215987056493759155e-01,9.334414452314376831e-02,8.140757679939270020e-02,7.407055050134658813e-02,7.046249508857727051e-02,6.929645687341690063e-02,6.921802461147308350e-02,6.921802461147308350e-02,6.929645687341690063e-02,7.046249508857727051e-02,7.407055050134658813e-02,8.140757679939270020e-02,9.334414452314376831e-02,1.234166920185089111e-01,1.319262236356735229e-01,1.318438500165939331e-01,1.325014382600784302e-01,1.396860629320144653e-01,1.554765552282333374e-01,1.818537414073944092e-01,2.241587936878204346e-01,2.977635860443115234e-01,4.483175873756408691e-01,6.568169593811035156e-01,8.695651888847351074e-01,1.000000000000000000e+00
1.543041467666625977e-01,1.931718289852142334e-01,2.304924428462982178e-01,1.879865080118179321e-01,1.328296959400177002e-01,1.225931495428085327e-01,1.150115206837654114e-01,1.147875413298606873e-01,1.424042284488677979e-01,2.278196513652801514e-01,1.400719583034515381e-01,1.228028908371925354e-01,1.225091516971588135e-01,1.112351417541503906e-01,1.112351417541503906e-01,1.133890151977539062e-01,1.269249320030212402e-01,1.392981857061386108e-01,1.572120636701583862e-01,3.713448047637939453e-01,1.000000000000000000e+00,7.183183431625366211e-01,5.612057447433471680e-01,4.009356498718261719e-01,2.396877259016036987e-01,1.680973768234252930e-01,1.411700099706649780e-01,1.291758418083190918e-01,1.162578091025352478e-01,1.130253002047538757e-01,1.142482087016105652e-01,1.130253002047538757e-01,1.162578091025352478e-01,1.269249320030212402e-01,1.378122866153717041e-01,8.227239847183227539e-01,3.481834828853607178e-01
5.867673754692077637e-01,7.434970736503601074e-01,1.000000000000000000e+00,9.908884167671203613e-01,3.488684892654418945e-01,2.427499145269393921e-01,1.916407495737075806e-01,1.691263914108276367e-01,1.604275256395339966e-01,1.558450907468795776e-01,1.597310900688171387e-01,1.767245978116989136e-01,2.019589096307754517e-01,2.631800174713134766e-01,3.490510284900665283e-01,4.358001947402954102e-01,4.219110012054443359e-01,4.153484106063842773e-01,4.153484106063842773e-01,4.212120771408081055e-01,3.616451919078826904e-01,2.580466866493225098e-01,2.064820975065231323e-01,1.708130091428756714e-01,1.499600410461425781e-01,1.385325193405151367e-01,1.356866508722305298e-01,1.362138241529464722e-01,1.438897550106048584e-01,1.594816297292709351e-01,1.863315850496292114e-01,2.282784283161163330e-01,3.034045696258544922e-01,4.178143143653869629e-01,4.966883063316345215e-01,7.579918503761291504e-01,8.252671957015991211e-01
1.044255271553993225e-01,1.374058872461318970e-01,2.015124112367630005e-01,2.761346101760864258e-01,4.764066934585571289e-01,3.828317523002624512e-01,3.621205687522888184e-01,4.413295686244964600e-01,2.354963570833206177e-01,1.904255151748657227e-01,1.749182343482971191e-01,1.725436747074127197e-01,1.824599206447601318e-01,2.075631618499755859e-01,2.397784590721130371e-01,2.878383100032806396e-01,3.543862104415893555e-01,5.140053629875183105e-01,9.842616915702819824e-01,1.000000000000000000e+00,6.432306766510009766e-01,4.585813879966735840e-01,3.527722060680389404e-01,1.772609949111938477e-01,1.310543119907379150e-01,9.022583812475204468e-02,7.425782829523086548e-02,6.927599757909774780e-02,6.486804038286209106e-02,6.293124705553054810e-02,6.293124705553054810e-02,6.293124705553054810e-02,6.379930675029754639e-02,7.644771784543991089e-02,9.173726290464401245e-02,3.666874766349792480e-01,5.047426223754882812e-01
1.000000000000000000e+00,1.000000000000000000e+00,1.000000000000000000e+00,1.000000000000000000e+00,1.000000000000000000e+00,1.000000000000000000e+00,1.000000000000000000e+00,1.000000000000000000e+00,1.000000000000000000e+00,1.000000000000000000e+00,1.000000000000000000e+00,1.000000000000000000e+00,1.000000000000000000e+00,1.000000000000000000e+00,1.000000000000000000e+00,1.000000000000000000e+00,1.000000000000000000e+00,1.000000000000000000e+00,1.000000000000000000e+00,1.000000000000000000e+00,1.000000000000000000e+00,1.000000000000000000e+00,1.000000000000000000e+00,1.000000000000000000e+00,1.000000000000000000e+00,1.000000000000000000e+00,1.000000000000000000e+00,1.000000000000000000e+00,1.000000000000000000e+00,1.000000000000000000e+00,1.000000000000000000e+00,1.000000000000000000e+00,1.000000000000000000e+00,1.000000000000000000e+00,1.000000000000000000e+00,1.000000000000000000e+00,1.000000000000000000e+00
1.000000000000000000e+00,9.910892844200134277e-01,9.244319796562194824e-01,8.255844712257385254e-01,4.783440828323364258e-01,3.808037936687469482e-01,3.391570448875427246e-01,3.088575601577758789e-01,2.624846994876861572e-01,2.414790689945220947e-01,2.335105389356613159e-01,2.342691123485565186e-01,2.583973109722137451e-01,2.886666059494018555e-01,3.220741152763366699e-01,4.170504212379455566e-01,5.315744876861572266e-01,6.387084126472473145e-01,6.387084126472473145e-01,6.473079919815063477e-01,6.712148189544677734e-01,7.153595685958862305e-01,7.921341657638549805e-01,8.733779788017272949e-01,4.470945596694946289e-01,3.228077888488769531e-01,2.691591084003448486e-01,2.369049489498138428e-01,2.338901311159133911e-01,2.347734570503234863e-01,2.556360960006713867e-01,2.954501509666442871e-01,3.578244447708129883e-01,4.304485321044921875e-01,6.094258427619934082e-01,7.165536284446716309e-01,7.338740229606628418e-01
2.144768089056015015e-01,2.028080523014068604e-01,1.912971138954162598e-01,1.869797855615615845e-01,1.760668754577636719e-01,1.676191389560699463e-01,1.649821549654006958e-01,1.635090708732604980e-01,1.707474589347839355e-01,1.759809702634811401e-01,1.757230013608932495e-01,1.746872961521148682e-01,1.847832947969436646e-01,1.945888251066207886e-01,2.181122750043869019e-01,2.708142995834350586e-01,4.641706645488739014e-01,6.024798750877380371e-01,9.471917748451232910e-01,9.621288180351257324e-01,1.000000000000000000e+00,4.244173169136047363e-01,2.922973930835723877e-01,2.045897096395492554e-01,1.820627152919769287e-01,1.682494580745697021e-01,1.672578901052474976e-01,1.877062320709228516e-01,2.034779936075210571e-01,2.244673818349838257e-01,2.489961683750152588e-01,2.793892920017242432e-01,2.696952223777770996e-01,2.243326008319854736e-01,2.147586494684219360e-01,6.878012418746948242e-01,4.634860157966613770e-01
1.000000000000000000e+00,1.000000000000000000e+00,1.000000000000000000e+00,1.000000000000000000e+00,1.000000000000000000e+00,1.000000000000000000e+00,1.000000000000000000e+00,1.000000000000000000e+00,1.000000000000000000e+00,1.000000000000000000e+00,1.000000000000000000e+00,1.000000000000000000e+00,1.000000000000000000e+00,1.000000000000000000e+00,1.000000000000000000e+00,1.000000000000000000e+00,1.000000000000000000e+00,1.000000000000000000e+00,1.000000000000000000e+00,1.000000000000000000e+00,1.000000000000000000e+00,1.000000000000000000e+00,1.000000000000000000e+00,1.000000000000000000e+00,1.000000000000000000e+00,1.000000000000000000e+00,1.000000000000000000e+00,1.000000000000000000e+00,1.000000000000000000e+00,1.000000000000000000e+00,1.000000000000000000e+00,1.000000000000000000e+00,1.000000000000000000e+00,1.000000000000000000e+00,1.000000000000000000e+00,1.000000000000000000e+00,1.000000000000000000e+00
6.838721036911010742e-01,6.796445250511169434e-01,6.218039393424987793e-01,5.561735630035400391e-01,3.112085461616516113e-01,2.535719573497772217e-01,2.188505530357360840e-01,2.103578150272369385e-01,2.147448956966400146e-01,2.164160907268524170e-01,2.103578150272369385e-01,2.096514105796813965e-01,2.125626802444458008e-01,2.303618639707565308e-01,2.546561360359191895e-01,3.060585856437683105e-01,4.231767356395721436e-01,6.672456860542297363e-01,8.014419078826904297e-01,8.134888410568237305e-01,8.440968394279479980e-01,9.026961326599121094e-01,1.000000000000000000e+00,5.043362975120544434e-01,3.115488588809967041e-01,2.528186440467834473e-01,2.213539779186248779e-01,2.164160907268524170e-01,2.264650017023086548e-01,2.367141097784042358e-01,2.535719573497772217e-01,2.877866923809051514e-01,3.174785077571868896e-01,6.218039393424987793e-01,7.398130297660827637e-01,6.550159454345703125e-01,6.079540252685546875e-01
1.487482190132141113e-01,1.488255858421325684e-01,1.515087336301803589e-01,1.517365127801895142e-01,1.431479305028915405e-01,1.431479305028915405e-01,1.490574628114700317e-01,1.524177938699722290e-01,1.571773439645767212e-01,1.679415404796600342e-01,1.669101566076278687e-01,1.695787012577056885e-01,1.852180063724517822e-01,1.972574591636657715e-01,2.329538464546203613e-01,3.938432037830352783e-01,4.643484354019165039e-01,6.651011109352111816e-01,9.464880228042602539e-01,9.626960754394531250e-01,1.000000000000000000e+00,3.102631270885467529e-01,1.833439171314239502e-01,1.545181423425674438e-01,1.394820809364318848e-01,1.398941427469253540e-01,1.446678489446640015e-01,1.490574628114700317e-01,1.623651534318923950e-01,1.720052361488342285e-01,2.036889493465423584e-01,2.148558944463729858e-01,1.988269388675689697e-01,1.656640321016311646e-01,1.536215096712112427e-01,5.988717675209045410e-01,3.921359479427337646e-01
9.486386775970458984e-01,9.013115167617797852e-01,5.079553127288818359e-01,3.982178866863250732e-01,1.609666049480438232e-01,1.281669139862060547e-01,1.041070222854614258e-01,9.598193317651748657e-02,9.311615675687789917e-02,8.749017119407653809e-02,8.592771738767623901e-02,8.592771738767623901e-02,8.592771738767623901e-02,9.090755134820938110e-02,1.117939352989196777e-01,1.379663646221160889e-01,2.118424475193023682e-01,2.995904684066772461e-01,3.783291280269622803e-01,3.827349245548248291e-01,3.957864344120025635e-01,4.216414988040924072e-01,4.668158292770385742e-01,5.516812801361083984e-01,7.134370207786560059e-01,5.053482055664062500e-01,4.016055762767791748e-01,3.529001772403717041e-01,3.333051204681396484e-01,3.325420916080474854e-01,3.415856957435607910e-01,3.748214244842529297e-01,4.554682374000549316e-01,5.613881349563598633e-01,1.000000000000000000e+00,2.969585061073303223e-01,7.772896885871887207e-01
0.000000000000000000e+00,0.000000000000000000e+00,0.000000000000000000e+00,0.000000000000000000e+00,0.000000000000000000e+00,0.000000000000000000e+00,0.000000000000000000e+00,0.000000000000000000e+00,0.000000000000000000e+00,0.000000000000000000e+00,0.000000000000000000e+00,0.000000000000000000e+00,0.000000000000000000e+00,0.000000000000000000e+00,0.000000000000000000e+00,0.000000000000000000e+00,0.000000000000000000e+00,0.000000000000000000e+00,0.000000000000000000e+00,0.000000000000000000e+00,0.000000000000000000e+00,0.000000000000000000e+00,0.000000000000000000e+00,0.000000000000000000e+00,0.000000000000000000e+00,0.000000000000000000e+00,0.000000000000000000e+00,0.000000000000000000e+00,0.000000000000000000e+00,0.000000000000000000e+00,0.000000000000000000e+00,0.000000000000000000e+00,0.000000000000000000e+00,0.000000000000000000e+00,0.000000000000000000e+00,1.000000000000000000e+00,1.000000000000000000e+00
1.000000000000000000e+00,9.931301474571228027e-01,9.256671667098999023e-01,7.834082245826721191e-01,4.805935621261596680e-01,4.082298874855041504e-01,3.315117061138153076e-01,2.546743452548980713e-01,2.357553392648696899e-01,2.285772264003753662e-01,2.278864979743957520e-01,2.282814532518386841e-01,2.496732324361801147e-01,2.898300290107727051e-01,3.464595675468444824e-01,4.300445318222045898e-01,6.413730382919311523e-01,6.381344199180603027e-01,6.378873586654663086e-01,6.476972699165344238e-01,6.706558465957641602e-01,7.143313884735107422e-01,7.959563732147216797e-01,6.960322260856628418e-01,4.292058348655700684e-01,3.174219429492950439e-01,2.617390751838684082e-01,2.344141751527786255e-01,2.221821844577789307e-01,2.256021201610565186e-01,2.279853075742721558e-01,2.484072297811508179e-01,2.613946795463562012e-01,3.693021833896636963e-01,4.844208359718322754e-01,6.517328023910522461e-01,6.981424689292907715e-01
1.816233843564987183e-01,1.762910485267639160e-01,1.591580361127853394e-01,1.565475910902023315e-01,1.527612805366516113e-01,1.482217311859130859e-01,1.446674466133117676e-01,1.416374295949935913e-01,1.446674466133117676e-01,1.490243077278137207e-01,1.480020880699157715e-01,1.501840502023696899e-01,1.564783006906509399e-01,1.779440939426422119e-01,2.093065530061721802e-01,2.733390927314758301e-01,4.167958796024322510e-01,5.755317807197570801e-01,9.467598795890808105e-01,9.626615047454833984e-01,1.000000000000000000e+00,3.322508037090301514e-01,2.076942771673202515e-01,1.564783006906509399e-01,1.416374295949935913e-01,1.369667649269104004e-01,1.450417488813400269e-01,1.543150693178176880e-01,1.723093539476394653e-01,1.900835931301116943e-01,2.108550816774368286e-01,2.393721193075180054e-01,1.989475488662719727e-01,1.899694651365280151e-01,1.818620413541793823e-01,5.975931882858276367e-01,3.754127323627471924e-01
4.744089543819427490e-01,4.269704520702362061e-01,3.697279989719390869e-01,2.098508775234222412e-01,1.414254605770111084e-01,1.034978106617927551e-01,8.206576108932495117e-02,8.206576108932495117e-02,8.081821352243423462e-02,8.081821352243423462e-02,8.099760860204696655e-02,9.206815063953399658e-02,1.090962737798690796e-01,1.371530592441558838e-01,1.465662121772766113e-01,1.735031604766845703e-01,2.131450027227401733e-01,2.987238764762878418e-01,7.929159998893737793e-01,8.105672597885131836e-01,8.416829109191894531e-01,8.988723158836364746e-01,1.000000000000000000e+00,4.670394659042358398e-01,3.011917173862457275e-01,2.495932579040527344e-01,2.424546480178833008e-01,2.261626869440078735e-01,2.283343076705932617e-01,2.361465841531753540e-01,2.591789066791534424e-01,3.664155304431915283e-01,5.036155581474304199e-01,5.266360640525817871e-01,5.093186497688293457e-01,2.909090816974639893e-01,5.251131057739257812e-01
0.000000000000000000e+00,0.000000000000000000e+00,0.000000000000000000e+00,0.000000000000000000e+00,0.000000000000000000e+00,0.000000000000000000e+00,0.000000000000000000e+00,0.000000000000000000e+00,0.000000000000000000e+00,0.000000000000000000e+00,0.000000000000000000e+00,0.000000000000000000e+00,0.000000000000000000e+00,0.000000000000000000e+00,0.000000000000000000e+00,0.000000000000000000e+00,0.000000000000000000e+00,0.000000000000000000e+00,0.000000000000000000e+00,0.000000000000000000e+00,0.000000000000000000e+00,0.000000000000000000e+00,0.000000000000000000e+00,0.000000000000000000e+00,0.000000000000000000e+00,0.000000000000000000e+00,0.000000000000000000e+00,0.000000000000000000e+00,0.000000000000000000e+00,0.000000000000000000e+00,0.000000000000000000e+00,0.000000000000000000e+00,0.000000000000000000e+00,0.000000000000000000e+00,0.000000000000000000e+00,1.000000000000000000e+00,1.000000000000000000e+00
1.000000000000000000e+00,9.929607510566711426e-01,9.215145111083984375e-01,7.728968858718872070e-01,4.741452038288116455e-01,4.027524888515472412e-01,3.214527666568756104e-01,2.512572407722473145e-01,2.325920909643173218e-01,2.255102843046188354e-01,2.200992107391357422e-01,2.252184897661209106e-01,2.463232427835464478e-01,2.952940762042999268e-01,3.453200757503509521e-01,5.409978032112121582e-01,6.248191595077514648e-01,6.227106451988220215e-01,6.227106451988220215e-01,6.313454508781433105e-01,6.553660035133361816e-01,6.988435387611389160e-01,7.760103344917297363e-01,7.239862084388732910e-01,4.234469532966613770e-01,3.131629228591918945e-01,2.648484110832214355e-01,2.363317459821701050e-01,2.251211404800415039e-01,2.225750982761383057e-01,2.294609844684600830e-01,2.450742274522781372e-01,2.636871337890625000e-01,3.643470704555511475e-01,4.779211282730102539e-01,6.521386504173278809e-01,7.001711726188659668e-01
1.808270663022994995e-01,1.783732324838638306e-01,1.628097295761108398e-01,1.555159986019134521e-01,1.549620628356933594e-01,1.475718617439270020e-01,1.455180794000625610e-01,1.412449032068252563e-01,1.452223062515258789e-01,1.483709216117858887e-01,1.518793255090713501e-01,1.576441079378128052e-01,1.622806936502456665e-01,1.837166994810104370e-01,2.147898077964782715e-01,2.721406519412994385e-01,4.104627370834350586e-01,5.730084180831909180e-01,9.472386837005615234e-01,9.629944562911987305e-01,1.000000000000000000e+00,3.307940661907196045e-01,2.002341896295547485e-01,1.557922214269638062e-01,1.369953900575637817e-01,1.363662481307983398e-01,1.444058120250701904e-01,1.490215212106704712e-01,1.612840741872787476e-01,1.813612580299377441e-01,2.033767700195312500e-01,2.355552613735198975e-01,2.024231851100921631e-01,1.845922470092773438e-01,1.810646802186965942e-01,5.982601642608642578e-01,3.715437352657318115e-01
4.905635416507720947e-01,4.428890645503997803e-01,3.799506723880767822e-01,2.915934026241302490e-01,1.683227866888046265e-01,1.186557710170745850e-01,9.638134390115737915e-02,8.885920792818069458e-02,8.620609343051910400e-02,8.620609343051910400e-02,9.222566336393356323e-02,1.040572673082351685e-01,1.165576875209808350e-01,1.371530592441558838e-01,1.554102450609207153e-01,1.783705949783325195e-01,2.131450027227401733e-01,3.254654705524444580e-01,7.929159998893737793e-01,8.105672597885131836e-01,8.416829109191894531e-01,8.988723158836364746e-01,1.000000000000000000e+00,4.594570696353912354e-01,2.963824272155761719e-01,2.431122660636901855e-01,2.370667606592178345e-01,2.221480309963226318e-01,2.232560068368911743e-01,2.331153750419616699e-01,2.515626847743988037e-01,3.157316744327545166e-01,4.867317676544189453e-01,5.436155796051025391e-01,5.146766304969787598e-01,3.090909123420715332e-01,5.251131057739257812e-01
0.000000000000000000e+00,0.000000000000000000e+00,0.000000000000000000e+00,0.000000000000000000e+00,0.000000000000000000e+00,0.000000000000000000e+00,0.000000000000000000e+00,0.000000000000000000e+00,0.000000000000000000e+00,0.000000000000000000e+00,0.000000000000000000e+00,0.000000000000000000e+00,0.000000000000000000e+00,0.000000000000000000e+00,0.000000000000000000e+00,0.000000000000000000e+00,0.000000000000000000e+00,0.000000000000000000e+00,0.000000000000000000e+00,0.000000000000000000e+00,0.000000000000000000e+00,0.000000000000000000e+00,0.000000000000000000e+00,0.000000000000000000e+00,0.000000000000000000e+00,0.000000000000000000e+00,0.000000000000000000e+00,0.000000000000000000e+00,0.000000000000000000e+00,0.000000000000000000e+00,0.000000000000000000e+00,0.000000000000000000e+00,0.000000000000000000e+00,0.000000000000000000e+00,0.000000000000000000e+00,1.000000000000000000e+00,1.000000000000000000e+00
4.306791424751281738e-01,5.162913203239440918e-01,5.949616432189941406e-01,6.893894076347351074e-01,6.502339243888854980e-01,4.404777288436889648e-01,3.260510265827178955e-01,2.863924205303192139e-01,2.383794039487838745e-01,2.206830978393554688e-01,2.112310528755187988e-01,2.099582701921463013e-01,2.247564494609832764e-01,2.544450163841247559e-01,2.689421772956848145e-01,3.364459574222564697e-01,4.765858054161071777e-01,6.747584342956542969e-01,6.747584342956542969e-01,6.852195262908935547e-01,7.107422947883605957e-01,7.582127451896667480e-01,8.399558067321777344e-01,1.000000000000000000e+00,6.463218927383422852e-01,3.831502497196197510e-01,2.825509607791900635e-01,2.368173897266387939e-01,2.126901745796203613e-01,2.137538790702819824e-01,2.225438654422760010e-01,2.286671400070190430e-01,2.613998651504516602e-01,3.006522059440612793e-01,3.526629209518432617e-01,5.354630947113037109e-01,6.642969250679016113e-01
1.656978577375411987e-01,2.948740720748901367e-01,2.059305459260940552e-01,1.773088425397872925e-01,1.642818897962570190e-01,1.600978672504425049e-01,1.606528013944625854e-01,1.585617810487747192e-01,1.371158510446548462e-01,1.248873099684715271e-01,1.164995431900024414e-01,1.182058900594711304e-01,1.245304867625236511e-01,1.367909312248229980e-01,1.465287953615188599e-01,1.772460937500000000e-01,2.482556849718093872e-01,3.130633831024169922e-01,4.530462026596069336e-01,8.113254308700561523e-01,8.428004384040832520e-01,9.009457230567932129e-01,1.000000000000000000e+00,3.322338759899139404e-01,2.362705767154693604e-01,1.739517301321029663e-01,1.510154008865356445e-01,1.328299194574356079e-01,1.287470906972885132e-01,1.202585548162460327e-01,1.202585548162460327e-01,1.160211041569709778e-01,1.139897331595420837e-01,1.164995431900024414e-01,1.258633583784103394e-01,4.000844955444335938e-01,4.668720364570617676e-01
1.000000000000000000e+00,1.000000000000000000e+00,1.000000000000000000e+00,1.000000000000000000e+00,1.000000000000000000e+00,1.000000000000000000e+00,1.000000000000000000e+00,1.000000000000000000e+00,1.000000000000000000e+00,1.000000000000000000e+00,1.000000000000000000e+00,1.000000000000000000e+00,1.000000000000000000e+00,1.000000000000000000e+00,1.000000000000000000e+00,1.000000000000000000e+00,1.000000000000000000e+00,1.000000000000000000e+00,1.000000000000000000e+00,1.000000000000000000e+00,1.000000000000000000e+00,1.000000000000000000e+00,1.000000000000000000e+00,1.000000000000000000e+00,1.000000000000000000e+00,1.000000000000000000e+00,1.000000000000000000e+00,1.000000000000000000e+00,1.000000000000000000e+00,1.000000000000000000e+00,1.000000000000000000e+00,1.000000000000000000e+00,1.000000000000000000e+00,1.000000000000000000e+00,1.000000000000000000e+00,1.000000000000000000e+00,1.000000000000000000e+00
4.831883013248443604e-01,5.246995687484741211e-01,5.950273275375366211e-01,7.025608420372009277e-01,5.174864530563354492e-01,3.728823065757751465e-01,3.018316626548767090e-01,2.527804672718048096e-01,2.176086008548736572e-01,2.164729982614517212e-01,2.155459076166152954e-01,2.283850163221359253e-01,2.444781213998794556e-01,2.751883566379547119e-01,3.389042913913726807e-01,4.731043279170989990e-01,7.163916826248168945e-01,7.057111263275146484e-01,7.057111263275146484e-01,7.163916826248168945e-01,7.442345023155212402e-01,7.944326996803283691e-01,8.836601376533508301e-01,1.000000000000000000e+00,5.586552023887634277e-01,3.486724793910980225e-01,2.719788849353790283e-01,2.342454046010971069e-01,2.159742861986160278e-01,2.125230878591537476e-01,2.159029543399810791e-01,2.253976911306381226e-01,2.432779818773269653e-01,2.878825068473815918e-01,3.614282011985778809e-01,4.981724619865417480e-01,6.003947257995605469e-01
1.200696155428886414e-01,1.278529763221740723e-01,2.689882516860961914e-01,2.429124563932418823e-01,1.996728032827377319e-01,1.864563375711441040e-01,1.629995554685592651e-01,1.300788223743438721e-01,1.160853132605552673e-01,1.118167713284492493e-01,1.135855764150619507e-01,1.179929450154304504e-01,1.253970712423324585e-01,1.356600075960159302e-01,1.583847105503082275e-01,2.092281430959701538e-01,2.518411576747894287e-01,3.894182741641998291e-01,7.957004904747009277e-01,8.090568780899047852e-01,8.411132693290710449e-01,8.985365033149719238e-01,1.000000000000000000e+00,2.332670688629150391e-01,1.732442080974578857e-01,1.511722207069396973e-01,1.397709697484970093e-01,1.269140243530273438e-01,1.253334581851959229e-01,1.160853132605552673e-01,1.054302677512168884e-01,1.054302677512168884e-01,1.055058687925338745e-01,1.112448126077651978e-01,1.152580901980400085e-01,3.604401648044586182e-01,3.767733275890350342e-01
1.000000000000000000e+00,1.000000000000000000e+00,1.000000000000000000e+00,1.000000000000000000e+00,1.000000000000000000e+00,1.000000000000000000e+00,1.000000000000000000e+00,1.000000000000000000e+00,1.000000000000000000e+00,1.000000000000000000e+00,1.000000000000000000e+00,1.000000000000000000e+00,1.000000000000000000e+00,1.000000000000000000e+00,1.000000000000000000e+00,1.000000000000000000e+00,1.000000000000000000e+00,1.000000000000000000e+00,1.000000000000000000e+00,1.000000000000000000e+00,1.000000000000000000e+00,1.000000000000000000e+00,1.000000000000000000e+00,1.000000000000000000e+00,1.000000000000000000e+00,1.000000000000000000e+00,1.000000000000000000e+00,1.000000000000000000e+00,1.000000000000000000e+00,1.000000000000000000e+00,1.000000000000000000e+00,1.000000000000000000e+00,1.000000000000000000e+00,1.000000000000000000e+00,1.000000000000000000e+00,1.000000000000000000e+00,1.000000000000000000e+00
4.777621328830718994e-01,5.316610336303710938e-01,6.272542476654052734e-01,7.194496989250183105e-01,5.424890518188476562e-01,3.898840248584747314e-01,3.169319331645965576e-01,2.534971237182617188e-01,2.284947931766510010e-01,2.234911769628524780e-01,2.248603105545043945e-01,2.287774085998535156e-01,2.432866990566253662e-01,2.818036377429962158e-01,3.548759520053863525e-01,4.971487522125244141e-01,7.569997310638427734e-01,7.453873157501220703e-01,7.453873157501220703e-01,7.569997310638427734e-01,7.854855656623840332e-01,8.389468193054199219e-01,9.333224296569824219e-01,1.000000000000000000e+00,5.466715693473815918e-01,3.570542335510253906e-01,2.728329896926879883e-01,2.343581765890121460e-01,2.135861068964004517e-01,2.160675525665283203e-01,2.171861231327056885e-01,2.308160364627838135e-01,2.440821975469589233e-01,2.894389033317565918e-01,3.523175716400146484e-01,4.938494563102722168e-01,5.923317670822143555e-01
1.265327632427215576e-01,1.498087197542190552e-01,2.577081918716430664e-01,2.253673672676086426e-01,1.881897300481796265e-01,1.671206802129745483e-01,1.465135216712951660e-01,1.195413842797279358e-01,1.105136498808860779e-01,1.074560731649398804e-01,1.081031858921051025e-01,1.091731861233711243e-01,1.157872825860977173e-01,1.308681517839431763e-01,1.561410874128341675e-01,2.010897099971771240e-01,2.358519881963729858e-01,3.600044846534729004e-01,7.964291572570800781e-01,8.099371194839477539e-01,8.416469097137451172e-01,8.999294042587280273e-01,1.000000000000000000e+00,2.686906456947326660e-01,1.848660260438919067e-01,1.490307599306106567e-01,1.417278945446014404e-01,1.336803138256072998e-01,1.250542402267456055e-01,1.170520335435867310e-01,1.094567552208900452e-01,1.021316498517990112e-01,1.021316498517990112e-01,1.060038954019546509e-01,1.174485981464385986e-01,3.567321896553039551e-01,3.679929077625274658e-01
1.000000000000000000e+00,1.000000000000000000e+00,1.000000000000000000e+00,1.000000000000000000e+00,1.000000000000000000e+00,1.000000000000000000e+00,1.000000000000000000e+00,1.000000000000000000e+00,1.000000000000000000e+00,1.000000000000000000e+00,1.000000000000000000e+00,1.000000000000000000e+00,1.000000000000000000e+00,1.000000000000000000e+00,1.000000000000000000e+00,1.000000000000000000e+00,1.000000000000000000e+00,1.000000000000000000e+00,1.000000000000000000e+00,1.000000000000000000e+00,1.000000000000000000e+00,1.000000000000000000e+00,1.000000000000000000e+00,1.000000000000000000e+00,1.000000000000000000e+00,1.000000000000000000e+00,1.000000000000000000e+00,1.000000000000000000e+00,1.000000000000000000e+00,1.000000000000000000e+00,1.000000000000000000e+00,1.000000000000000000e+00,1.000000000000000000e+00,1.000000000000000000e+00,1.000000000000000000e+00,1.000000000000000000e+00,1.000000000000000000e+00
4.930737018585205078e-01,5.473507642745971680e-01,6.378778815269470215e-01,7.432361841201782227e-01,5.548572540283203125e-01,3.930330872535705566e-01,3.274092078208923340e-01,2.555446028709411621e-01,2.360425144433975220e-01,2.294835150241851807e-01,2.156921029090881348e-01,2.229524552822113037e-01,2.452517151832580566e-01,2.921702563762664795e-01,3.705010116100311279e-01,5.192467570304870605e-01,7.607871294021606445e-01,7.514077425003051758e-01,7.514077425003051758e-01,7.631139755249023438e-01,7.918298840522766113e-01,8.457229137420654297e-01,9.408607482910156250e-01,1.000000000000000000e+00,5.460295677185058594e-01,3.599381148815155029e-01,2.864964902400970459e-01,2.473843693733215332e-01,2.281202971935272217e-01,2.241274416446685791e-01,2.349969893693923950e-01,2.372218668460845947e-01,2.538042068481445312e-01,2.899140715599060059e-01,3.608036339282989502e-01,5.230666995048522949e-01,5.891479253768920898e-01
1.255652457475662231e-01,1.451136022806167603e-01,2.600711286067962646e-01,2.276833206415176392e-01,1.958136111497879028e-01,1.662456393241882324e-01,1.403862088918685913e-01,1.238434016704559326e-01,1.138416603207588196e-01,1.030210405588150024e-01,1.006870493292808533e-01,1.018230766057968140e-01,1.151810213923454285e-01,1.301829218864440918e-01,1.640165448188781738e-01,2.000368088483810425e-01,2.431875765323638916e-01,3.464296460151672363e-01,8.000801205635070801e-01,8.133881688117980957e-01,8.446446657180786133e-01,9.039720296859741211e-01,1.000000000000000000e+00,2.758401632308959961e-01,1.786524206399917603e-01,1.444249898195266724e-01,1.370695233345031738e-01,1.329803615808486938e-01,1.209614723920822144e-01,1.164391413331031799e-01,1.083187386393547058e-01,1.034666970372200012e-01,1.033925563097000122e-01,1.054488569498062134e-01,1.168336346745491028e-01,3.581641912460327148e-01,3.600652217864990234e-01
1.000000000000000000e+00,1.000000000000000000e+00,1.000000000000000000e+00,1.000000000000000000e+00,1.000000000000000000e+00,1.000000000000000000e+00,1.000000000000000000e+00,1.000000000000000000e+00,1.000000000000000000e+00,1.000000000000000000e+00,1.000000000000000000e+00,1.000000000000000000e+00,1.000000000000000000e+00,1.000000000000000000e+00,1.000000000000000000e+00,1.000000000000000000e+00,1.000000000000000000e+00,1.000000000000000000e+00,1.000000000000000000e+00,1.000000000000000000e+00,1.000000000000000000e+00,1.000000000000000000e+00,1.000000000000000000e+00,1.000000000000000000e+00,1.000000000000000000e+00,1.000000000000000000e+00,1.000000000000000000e+00,1.000000000000000000e+00,1.000000000000000000e+00,1.000000000000000000e+00,1.000000000000000000e+00,1.000000000000000000e+00,1.000000000000000000e+00,1.000000000000000000e+00,1.000000000000000000e+00,1.000000000000000000e+00,1.000000000000000000e+00
4.414701163768768311e-01,9.004700779914855957e-01,1.000000000000000000e+00,9.263556003570556641e-01,6.288551688194274902e-01,4.981858730316162109e-01,3.721391260623931885e-01,2.868219614028930664e-01,2.523672878742218018e-01,2.279906421899795532e-01,2.306094318628311157e-01,2.438971698284149170e-01,2.487725615501403809e-01,2.732181251049041748e-01,3.331331014633178711e-01,4.095409214496612549e-01,5.602052807807922363e-01,6.684594750404357910e-01,6.682067513465881348e-01,6.778261661529541016e-01,7.032349109649658203e-01,7.507299184799194336e-01,8.356164097785949707e-01,9.886198043823242188e-01,5.974864363670349121e-01,3.982038795948028564e-01,2.879320383071899414e-01,2.407220005989074707e-01,2.328767180442810059e-01,2.267526835203170776e-01,2.299575358629226685e-01,2.401757091283798218e-01,2.576653659343719482e-01,2.789950668811798096e-01,3.244002163410186768e-01,5.935804247856140137e-01,6.635175347328186035e-01
1.870447099208831787e-01,2.162989526987075806e-01,2.321400940418243408e-01,2.151827663183212280e-01,1.924384981393814087e-01,1.701927334070205688e-01,1.486693769693374634e-01,1.350913792848587036e-01,1.288349330425262451e-01,1.250408440828323364e-01,1.268842965364456177e-01,1.277624070644378662e-01,1.277624070644378662e-01,1.467479765415191650e-01,1.736939698457717896e-01,2.434246540069580078e-01,2.866771221160888672e-01,3.544947504997253418e-01,6.726883053779602051e-01,8.996006846427917480e-01,9.351775646209716797e-01,1.000000000000000000e+00,2.793536484241485596e-01,1.891479492187500000e-01,1.558430045843124390e-01,1.399075239896774292e-01,1.285676360130310059e-01,1.288349330425262451e-01,1.350913792848587036e-01,1.530026793479919434e-01,1.701927334070205688e-01,1.833294481039047241e-01,1.863998919725418091e-01,1.781427413225173950e-01,1.781427413225173950e-01,4.816824197769165039e-01,3.830862641334533691e-01
5.185899734497070312e-01,4.866484105587005615e-01,3.722885251045227051e-01,1.670554429292678833e-01,1.166765838861465454e-01,9.987670183181762695e-02,8.666519075632095337e-02,7.990135997533798218e-02,7.751570641994476318e-02,7.331409305334091187e-02,7.331409305334091187e-02,7.267097383737564087e-02,7.267097383737564087e-02,7.536633312702178955e-02,7.567712664604187012e-02,8.474818617105484009e-02,1.026580184698104858e-01,1.140314340591430664e-01,1.793205291032791138e-01,7.734898924827575684e-01,8.089396357536315918e-01,8.646590113639831543e-01,9.612123370170593262e-01,1.000000000000000000e+00,4.725041687488555908e-01,3.196054399013519287e-01,2.616155147552490234e-01,2.385753542184829712e-01,2.421396672725677490e-01,2.459864467382431030e-01,2.741450369358062744e-01,3.187965750694274902e-01,4.159985780715942383e-01,4.818499088287353516e-01,4.762890934944152832e-01,2.524608075618743896e-01,5.474509596824645996e-01
3.954042494297027588e-01,1.000000000000000000e+00,9.040925502777099609e-01,6.731929183006286621e-01,3.983694612979888916e-01,3.179487287998199463e-01,2.695358395576477051e-01,2.410801947116851807e-01,2.230916619300842285e-01,2.180542796850204468e-01,1.104649156332015991e-01,6.965681165456771851e-02,5.439282953739166260e-02,4.865042492747306824e-02,4.485347494482994080e-02,4.366509243845939636e-02,4.351426288485527039e-02,4.351426288485527039e-02,4.351426288485527039e-02,4.351426288485527039e-02,4.366509243845939636e-02,4.485347494482994080e-02,4.865042492747306824e-02,5.439282953739166260e-02,6.965681165456771851e-02,1.104649156332015991e-01,2.066927552223205566e-01,1.955790072679519653e-01,1.899859905242919922e-01,1.931094378232955933e-01,2.025803327560424805e-01,2.204830050468444824e-01,2.432521283626556396e-01,2.775396704673767090e-01,3.201331198215484619e-01,1.000000000000000000e+00,1.000000000000000000e+00
1.000000000000000000e+00,9.302266836166381836e-01,8.098902702331542969e-01,5.402188897132873535e-01,4.810525774955749512e-01,3.188679814338684082e-01,2.517889738082885742e-01,2.193157672882080078e-01,2.030234485864639282e-01,1.968419253826141357e-01,1.949663907289505005e-01,2.094213515520095825e-01,2.311791181564331055e-01,2.783765196800231934e-01,3.528796136379241943e-01,4.926136136054992676e-01,6.710170507431030273e-01,6.652678847312927246e-01,6.652678847312927246e-01,6.756306290626525879e-01,6.999852061271667480e-01,7.470073103904724121e-01,7.925474643707275391e-01,4.765879511833190918e-01,3.308467268943786621e-01,2.426004260778427124e-01,2.081414610147476196e-01,1.921187490224838257e-01,1.861135512590408325e-01,1.863825619220733643e-01,1.963321864604949951e-01,2.139187753200531006e-01,2.403873801231384277e-01,2.942997217178344727e-01,5.453879833221435547e-01,6.266031861305236816e-01,7.160471081733703613e-01
1.753133833408355713e-01,1.701277196407318115e-01,1.482467949390411377e-01,1.475739628076553345e-01,1.418429464101791382e-01,1.356260627508163452e-01,1.313391029834747314e-01,1.301338374614715576e-01,1.303884983062744141e-01,1.303248852491378784e-01,1.334065645933151245e-01,1.439324021339416504e-01,1.572064906358718872e-01,1.816329956054687500e-01,3.233850300312042236e-01,3.637678921222686768e-01,4.722345471382141113e-01,9.723750948905944824e-01,9.829362034797668457e-01,1.000000000000000000e+00,2.738082706928253174e-01,1.977229863405227661e-01,1.498603373765945435e-01,1.335929334163665771e-01,1.220437437295913696e-01,1.210886612534523010e-01,1.272988915443420410e-01,1.308963447809219360e-01,1.369041353464126587e-01,1.329707056283950806e-01,1.324708163738250732e-01,1.361143589019775391e-01,1.495279222726821899e-01,1.893235892057418823e-01,1.877399981021881104e-01,5.768651366233825684e-01,4.129038751125335693e-01
4.721775352954864502e-01,3.985722362995147705e-01,2.733651995658874512e-01,1.602071672677993774e-01,1.303991824388504028e-01,1.163995936512947083e-01,1.143676564097404480e-01,1.158683225512504578e-01,1.217874437570571899e-01,1.291631460189819336e-01,1.337624788284301758e-01,1.333004236221313477e-01,1.370432376861572266e-01,1.370432376861572266e-01,1.461077779531478882e-01,1.644638925790786743e-01,2.374697923660278320e-01,3.994072675704956055e-01,8.854004144668579102e-01,9.002577066421508789e-01,9.347545504570007324e-01,1.000000000000000000e+00,5.928164720535278320e-01,3.041340708732604980e-01,2.332757413387298584e-01,2.085298448801040649e-01,1.987125426530838013e-01,1.997036337852478027e-01,2.105321586132049561e-01,2.343312948942184448e-01,2.670632898807525635e-01,3.915444016456604004e-01,4.600796103477478027e-01,5.248513221740722656e-01,5.294160246849060059e-01,4.458849728107452393e-01,5.852583050727844238e-01
1.000000000000000000e+00,7.755773067474365234e-01,4.707348942756652832e-01,3.605865836143493652e-01,2.969155907630920410e-01,2.603656053543090820e-01,2.300747185945510864e-01,2.145686000585556030e-01,2.039078623056411743e-01,2.054124772548675537e-01,1.180660203099250793e-01,7.444989681243896484e-02,5.813560634851455688e-02,5.199806392192840576e-02,4.793984815478324890e-02,4.666969180107116699e-02,4.650848358869552612e-02,4.650848358869552612e-02,4.650848358869552612e-02,4.650848358869552612e-02,4.666969180107116699e-02,4.793984815478324890e-02,5.199806392192840576e-02,5.813560634851455688e-02,7.444989681243896484e-02,1.180660203099250793e-01,2.092881798744201660e-01,2.039078623056411743e-01,2.109324783086776733e-01,2.214585840702056885e-01,2.439233362674713135e-01,2.752843499183654785e-01,3.241259157657623291e-01,4.094698727130889893e-01,5.964056849479675293e-01,1.000000000000000000e+00,1.000000000000000000e+00
7.958612442016601562e-01,5.838503241539001465e-01,5.253314971923828125e-01,3.128959834575653076e-01,2.552737593650817871e-01,2.191462963819503784e-01,1.987412273883819580e-01,1.857615262269973755e-01,1.782402098178863525e-01,1.815691292285919189e-01,1.969393640756607056e-01,2.245454192161560059e-01,2.777453064918518066e-01,3.712926805019378662e-01,5.147198438644409180e-01,6.366576552391052246e-01,6.128292083740234375e-01,6.040407419204711914e-01,6.040407419204711914e-01,6.128292083740234375e-01,6.366576552391052246e-01,5.935150384902954102e-01,3.863491415977478027e-01,2.852423191070556641e-01,2.245454192161560059e-01,1.906109303236007690e-01,1.815691292285919189e-01,1.822745501995086670e-01,1.825090944766998291e-01,1.914320439100265503e-01,2.191462963819503784e-01,2.477907538414001465e-01,3.295858502388000488e-01,1.000000000000000000e+00,9.247149229049682617e-01,6.481481194496154785e-01,7.552411556243896484e-01
3.583251833915710449e-01,2.296855896711349487e-01,1.861610263586044312e-01,1.738840490579605103e-01,1.637354642152786255e-01,1.591176986694335938e-01,1.597738564014434814e-01,1.665859967470169067e-01,1.637354642152786255e-01,1.555434316396713257e-01,1.552909910678863525e-01,1.578800529241561890e-01,1.718413978815078735e-01,2.064150422811508179e-01,2.781035006046295166e-01,5.118837356567382812e-01,1.000000000000000000e+00,9.832643270492553711e-01,9.832643270492553711e-01,1.000000000000000000e+00,5.280309915542602539e-01,2.781035006046295166e-01,2.026425451040267944e-01,1.789982765913009644e-01,1.646911203861236572e-01,1.575483679771423340e-01,1.586237996816635132e-01,1.643731892108917236e-01,1.843964159488677979e-01,2.087460756301879883e-01,2.749347984790802002e-01,5.249758362770080566e-01,5.641445517539978027e-01,4.949196577072143555e-01,4.676660895347595215e-01,6.006261706352233887e-01,5.897343158721923828e-01
1.160244867205619812e-01,1.139639541506767273e-01,1.139639541506767273e-01,1.180490553379058838e-01,1.177978888154029846e-01,1.142883598804473877e-01,1.121959462761878967e-01,1.086417809128761292e-01,1.110683232545852661e-01,1.154486760497093201e-01,1.215109154582023621e-01,1.446055769920349121e-01,1.839546710252761841e-01,3.360373973846435547e-01,3.933546543121337891e-01,7.003992199897766113e-01,1.000000000000000000e+00,9.830100536346435547e-01,2.324634194374084473e-01,1.474954485893249512e-01,1.223005428910255432e-01,1.110016331076622009e-01,1.093889325857162476e-01,1.069935113191604614e-01,1.078207939863204956e-01,1.207774430513381958e-01,1.269935369491577148e-01,1.313501745462417603e-01,1.387520432472229004e-01,1.537871956825256348e-01,1.768957674503326416e-01,1.723157167434692383e-01,1.594603955745697021e-01,1.532083153724670410e-01,1.387520432472229004e-01,5.575935840606689453e-01,4.293287694454193115e-01
1.000000000000000000e+00,8.889104127883911133e-01,4.673081636428833008e-01,3.850383162498474121e-01,3.217471539974212646e-01,2.772138416767120361e-01,2.490726411342620850e-01,2.410558164119720459e-01,2.372643947601318359e-01,2.433954626321792603e-01,2.744745016098022461e-01,3.151026964187622070e-01,3.810931444168090820e-01,3.013746142387390137e-01,2.728177011013031006e-01,2.593280076980590820e-01,2.489209026098251343e-01,2.433954626321792603e-01,2.433954626321792603e-01,2.424623072147369385e-01,2.424623072147369385e-01,2.534334361553192139e-01,3.013746142387390137e-01,3.355425298213958740e-01,2.762581706047058105e-01,2.472456693649291992e-01,2.433954626321792603e-01,2.440155744552612305e-01,2.556598186492919922e-01,2.728177011013031006e-01,3.140217363834381104e-01,3.651966452598571777e-01,5.364878773689270020e-01,7.068930268287658691e-01,9.246183633804321289e-01,1.000000000000000000e+00,1.000000000000000000e+00
7.010279893875122070e-01,6.244356036186218262e-01,5.674856901168823242e-01,5.334495306015014648e-01,5.011658668518066406e-01,3.952610492706298828e-01,2.593862414360046387e-01,2.389670163393020630e-01,2.339035719633102417e-01,2.409625947475433350e-01,2.554329931735992432e-01,3.088929057121276855e-01,3.982783555984497070e-01,5.115685462951660156e-01,7.318578958511352539e-01,1.000000000000000000e+00,9.659596085548400879e-01,9.415454268455505371e-01,9.306106567382812500e-01,9.875314831733703613e-01,5.732577443122863770e-01,3.702384233474731445e-01,2.940000295639038086e-01,2.518933415412902832e-01,2.349249869585037231e-01,2.318472415208816528e-01,2.321052849292755127e-01,2.409625947475433350e-01,2.630526423454284668e-01,2.795988321304321289e-01,2.802403569221496582e-01,2.802403569221496582e-01,2.890723049640655518e-01,5.086348652839660645e-01,5.343464612960815430e-01,7.931034564971923828e-01,8.277266025543212891e-01
8.273814916610717773e-01,1.000000000000000000e+00,4.559804201126098633e-01,3.569277226924896240e-01,2.812014520168304443e-01,2.437474876642227173e-01,2.273725420236587524e-01,2.061156481504440308e-01,2.024440765380859375e-01,2.122620493173599243e-01,2.239300012588500977e-01,2.653212547302246094e-01,3.396224379539489746e-01,2.801516354084014893e-01,2.297166585922241211e-01,2.183581292629241943e-01,2.133948057889938354e-01,2.122620493173599243e-01,2.122620493173599243e-01,2.112500667572021484e-01,2.112500667572021484e-01,2.229709923267364502e-01,2.436375617980957031e-01,3.440887629985809326e-01,2.750373780727386475e-01,2.311117053031921387e-01,2.195814400911331177e-01,2.081846147775650024e-01,2.133948057889938354e-01,2.297166585922241211e-01,2.536564171314239502e-01,2.927752435207366943e-01,3.569277226924896240e-01,5.092101693153381348e-01,6.305297613143920898e-01,1.000000000000000000e+00,1.000000000000000000e+00
2.749799489974975586e-01,2.441116720438003540e-01,2.083505690097808838e-01,1.849157959222793579e-01,1.742735207080841064e-01,1.640585958957672119e-01,1.618089079856872559e-01,1.618089079856872559e-01,1.650133579969406128e-01,1.736715435981750488e-01,1.739728003740310669e-01,1.606722474098205566e-01,1.606722474098205566e-01,1.650133579969406128e-01,1.665924638509750366e-01,1.715479642152786255e-01,1.899446398019790649e-01,2.129493802785873413e-01,9.344937205314636230e-01,9.410825967788696289e-01,1.000000000000000000e+00,5.584634542465209961e-01,4.207031726837158203e-01,3.459079265594482422e-01,2.299736738204956055e-01,1.915915906429290771e-01,1.736715435981750488e-01,1.650133579969406128e-01,1.618089079856872559e-01,1.618089079856872559e-01,1.689334660768508911e-01,1.899446398019790649e-01,2.495217174291610718e-01,2.724931240081787109e-01,2.724931240081787109e-01,8.160945773124694824e-01,7.825282216072082520e-01
5.351169705390930176e-01,8.695434927940368652e-01,8.750387430191040039e-01,7.835911512374877930e-01,7.116116881370544434e-01,6.498292088508605957e-01,2.915925979614257812e-01,2.436127662658691406e-01,2.436127662658691406e-01,2.459440380334854126e-01,2.704751491546630859e-01,3.015973567962646484e-01,3.589594066143035889e-01,4.383988678455352783e-01,6.047064661979675293e-01,1.000000000000000000e+00,9.203003644943237305e-01,9.086311459541320801e-01,8.983994722366333008e-01,9.097608923912048340e-01,9.681058526039123535e-01,4.474177062511444092e-01,3.249146044254302979e-01,2.608083486557006836e-01,2.202382981777191162e-01,2.054940462112426758e-01,2.029794007539749146e-01,2.029794007539749146e-01,2.098901420831680298e-01,2.293764501810073853e-01,2.653633654117584229e-01,2.954806685447692871e-01,3.061046600341796875e-01,3.313491940498352051e-01,3.731455802917480469e-01,6.563251614570617676e-01,8.462607264518737793e-01
6.781199574470520020e-01,9.822439551353454590e-01,1.000000000000000000e+00,3.909827768802642822e-01,3.028274476528167725e-01,2.599699497222900391e-01,2.216372936964035034e-01,2.046927064657211304e-01,1.989255547523498535e-01,2.027225643396377563e-01,2.075161933898925781e-01,2.296411991119384766e-01,2.622753977775573730e-01,2.424772083759307861e-01,2.212748378515243530e-01,2.089616358280181885e-01,2.043001949787139893e-01,2.027225643396377563e-01,2.027225643396377563e-01,2.043001949787139893e-01,2.089616358280181885e-01,2.212748378515243530e-01,2.424772083759307861e-01,2.956521511077880859e-01,2.606637179851531982e-01,2.199103385210037231e-01,2.027225643396377563e-01,1.951574981212615967e-01,1.943331658840179443e-01,2.021277844905853271e-01,2.152063250541687012e-01,2.433858364820480347e-01,2.947685122489929199e-01,3.926727771759033203e-01,5.842716693878173828e-01,1.000000000000000000e+00,1.000000000000000000e+00
2.572467625141143799e-01,2.497932314872741699e-01,2.283883690834045410e-01,2.133265733718872070e-01,1.960157454013824463e-01,1.908257156610488892e-01,1.829260289669036865e-01,1.766861975193023682e-01,1.722866892814636230e-01,1.712553650140762329e-01,1.722866892814636230e-01,1.619209945201873779e-01,1.619209945201873779e-01,1.646931916475296021e-01,1.670664250850677490e-01,1.796689182519912720e-01,1.827106922864913940e-01,2.032140791416168213e-01,2.259623259305953979e-01,9.635716080665588379e-01,1.000000000000000000e+00,6.973240971565246582e-01,4.852359294891357422e-01,3.841190338134765625e-01,2.581633031368255615e-01,2.116592079401016235e-01,1.882293373346328735e-01,1.706797182559967041e-01,1.656465679407119751e-01,1.636140197515487671e-01,1.646931916475296021e-01,1.871806979179382324e-01,2.163500338792800903e-01,2.321495115756988525e-01,2.375139594078063965e-01,8.592781424522399902e-01,7.422132492065429688e-01
5.657201409339904785e-01,7.367026805877685547e-01,1.000000000000000000e+00,9.664306640625000000e-01,8.883109092712402344e-01,7.499181628227233887e-01,2.705230414867401123e-01,2.260100692510604858e-01,2.189455032348632812e-01,2.189455032348632812e-01,2.313792258501052856e-01,2.707045376300811768e-01,3.053227961063385010e-01,3.646997213363647461e-01,4.811781644821166992e-01,7.288605570793151855e-01,9.450522661209106445e-01,9.321268796920776367e-01,9.321268796920776367e-01,9.450522661209106445e-01,9.904257059097290039e-01,6.408644914627075195e-01,4.140223860740661621e-01,3.053227961063385010e-01,2.576911151409149170e-01,2.411498278379440308e-01,2.182714790105819702e-01,2.182714790105819702e-01,2.260100692510604858e-01,2.483738809823989868e-01,2.741301655769348145e-01,3.173131346702575684e-01,3.504137396812438965e-01,3.793542087078094482e-01,4.160342216491699219e-01,6.997767686843872070e-01,8.327891230583190918e-01
7.800720334053039551e-01,1.000000000000000000e+00,4.515631198883056641e-01,3.106962740421295166e-01,2.412899881601333618e-01,1.990002095699310303e-01,1.739653646945953369e-01,1.617359369993209839e-01,1.581583917140960693e-01,1.619604080915451050e-01,9.913429617881774902e-02,6.657638400793075562e-02,5.202575773000717163e-02,4.590439423918724060e-02,4.346522688865661621e-02,4.262116178870201111e-02,4.262116178870201111e-02,4.262116178870201111e-02,4.262116178870201111e-02,4.262116178870201111e-02,4.262116178870201111e-02,4.346522688865661621e-02,4.590439423918724060e-02,5.202575773000717163e-02,6.657638400793075562e-02,9.913429617881774902e-02,1.662225276231765747e-01,1.613423526287078857e-01,1.631338596343994141e-01,1.703247427940368652e-01,1.929755210876464844e-01,2.190744280815124512e-01,2.630454301834106445e-01,3.450472056865692139e-01,4.533497393131256104e-01,1.000000000000000000e+00,1.000000000000000000e+00
2.519155442714691162e-01,2.213418930768966675e-01,2.135197818279266357e-01,1.962355822324752808e-01,1.928429454565048218e-01,1.817287355661392212e-01,1.693651974201202393e-01,1.641128808259963989e-01,1.565123498439788818e-01,1.561876386404037476e-01,1.534825265407562256e-01,1.534825265407562256e-01,1.532342433929443359e-01,1.569173038005828857e-01,1.624806374311447144e-01,1.713766455650329590e-01,1.993159800767898560e-01,2.337255030870437622e-01,9.837616682052612305e-01,1.000000000000000000e+00,8.898575305938720703e-01,4.450000822544097900e-01,3.322612345218658447e-01,2.368542104959487915e-01,1.893225312232971191e-01,1.699636727571487427e-01,1.612259447574615479e-01,1.619329154491424561e-01,1.704856008291244507e-01,1.746775954961776733e-01,1.781311929225921631e-01,1.833972781896591187e-01,2.006487995386123657e-01,2.246996313333511353e-01,2.493836581707000732e-01,8.205128312110900879e-01,4.017302989959716797e-01
8.228555321693420410e-01,1.000000000000000000e+00,9.449255466461181641e-01,4.188430011272430420e-01,2.797221839427947998e-01,2.375309169292449951e-01,2.072833925485610962e-01,1.921454519033432007e-01,1.839471161365509033e-01,1.835112273693084717e-01,1.873977780342102051e-01,2.011061459779739380e-01,2.303417026996612549e-01,2.822162508964538574e-01,3.722763359546661377e-01,5.734415054321289062e-01,5.586564540863037109e-01,5.508608818054199219e-01,5.508608818054199219e-01,5.586564540863037109e-01,5.783435106277465820e-01,5.024665594100952148e-01,3.452661931514739990e-01,2.619811594486236572e-01,2.094931900501251221e-01,1.935987621545791626e-01,1.772962212562561035e-01,1.721394807100296021e-01,1.721394807100296021e-01,1.813160330057144165e-01,1.928734779357910156e-01,2.203916013240814209e-01,2.661512792110443115e-01,3.682206273078918457e-01,4.941494762897491455e-01,7.547131180763244629e-01,7.546485066413879395e-01
5.407128930091857910e-01,6.823803782463073730e-01,7.033304572105407715e-01,6.629776358604431152e-01,6.072182655334472656e-01,5.143339037895202637e-01,2.922544479370117188e-01,2.103374451398849487e-01,1.875439733266830444e-01,1.737306565046310425e-01,1.753800362348556519e-01,1.801044642925262451e-01,2.037319689989089966e-01,2.548944950103759766e-01,3.363031446933746338e-01,4.657151401042938232e-01,8.753940463066101074e-01,9.848419427871704102e-01,9.848419427871704102e-01,1.000000000000000000e+00,7.525070309638977051e-01,3.766836822032928467e-01,2.451056391000747681e-01,1.844481378793716431e-01,1.646551638841629028e-01,1.548945456743240356e-01,1.456338316202163696e-01,1.446419954299926758e-01,1.446419954299926758e-01,1.487310379743576050e-01,1.623070240020751953e-01,1.818279922008514404e-01,2.079282701015472412e-01,2.497599571943283081e-01,3.600090742111206055e-01,5.128205418586730957e-01,5.798903107643127441e-01
1.000000000000000000e+00,9.915606975555419922e-01,4.495706558227539062e-01,2.998470664024353027e-01,2.329546958208084106e-01,2.058947831392288208e-01,1.807222962379455566e-01,1.708693355321884155e-01,1.658561378717422485e-01,1.658561378717422485e-01,6.513218581676483154e-02,4.334627091884613037e-02,3.426823392510414124e-02,3.159375116229057312e-02,3.088896907866001129e-02,3.065044060349464417e-02,3.065044060349464417e-02,3.065044060349464417e-02,3.065044060349464417e-02,3.065044060349464417e-02,3.065044060349464417e-02,3.088896907866001129e-02,3.159375116229057312e-02,3.426823392510414124e-02,4.334627091884613037e-02,6.513218581676483154e-02,1.663421988487243652e-01,1.683159917593002319e-01,1.735966056585311890e-01,1.860058158636093140e-01,2.059660553932189941e-01,2.383121103048324585e-01,2.827129364013671875e-01,3.732328414916992188e-01,5.120922923088073730e-01,1.000000000000000000e+00,1.000000000000000000e+00
9.503573775291442871e-01,1.000000000000000000e+00,5.135017633438110352e-01,3.473046123981475830e-01,2.791356444358825684e-01,2.382053136825561523e-01,2.021034806966781616e-01,1.837602853775024414e-01,1.745416522026062012e-01,1.737796366214752197e-01,1.778888702392578125e-01,1.919243782758712769e-01,2.172245532274246216e-01,2.692401707172393799e-01,3.753414452075958252e-01,5.426810979843139648e-01,5.241034626960754395e-01,5.163654088973999023e-01,5.161654949188232422e-01,5.241034626960754395e-01,5.426810979843139648e-01,4.870930612087249756e-01,3.504745066165924072e-01,2.595924139022827148e-01,2.113060057163238525e-01,1.885134875774383545e-01,1.792925149202346802e-01,1.768079698085784912e-01,1.768913567066192627e-01,1.899938881397247314e-01,2.038470357656478882e-01,2.400552481412887573e-01,2.817645967006683350e-01,3.778083920478820801e-01,5.883638262748718262e-01,7.426776885986328125e-01,7.242659330368041992e-01
2.149126529693603516e-01,1.892538666725158691e-01,1.612911820411682129e-01,1.453057229518890381e-01,1.289916485548019409e-01,1.281630098819732666e-01,1.228573843836784363e-01,1.224955096840858459e-01,1.266998350620269775e-01,1.264192014932632446e-01,1.228573843836784363e-01,1.224955096840858459e-01,1.251486241817474365e-01,1.281630098819732666e-01,1.402689963579177856e-01,1.527529060840606689e-01,1.800210326910018921e-01,5.841029286384582520e-01,9.833828806877136230e-01,1.000000000000000000e+00,5.963181853294372559e-01,3.346064984798431396e-01,2.628249526023864746e-01,1.744605451822280884e-01,1.395073533058166504e-01,1.289228051900863647e-01,1.264192014932632446e-01,1.266998350620269775e-01,1.332575529813766479e-01,1.474288702011108398e-01,1.728242933750152588e-01,1.772375404834747314e-01,1.733884960412979126e-01,1.825677007436752319e-01,1.933842003345489502e-01,6.976668834686279297e-01,2.809914052486419678e-01
6.758363246917724609e-01,7.665655016899108887e-01,6.684253811836242676e-01,5.879288911819458008e-01,3.735096156597137451e-01,2.132409363985061646e-01,1.760145723819732666e-01,1.612451523542404175e-01,1.536965817213058472e-01,1.535737812519073486e-01,1.626432538032531738e-01,1.734228134155273438e-01,2.064068168401718140e-01,2.652873098850250244e-01,3.340432643890380859e-01,4.654476344585418701e-01,1.000000000000000000e+00,9.840999841690063477e-01,9.840999841690063477e-01,1.000000000000000000e+00,7.585985064506530762e-01,3.972072303295135498e-01,2.739646136760711670e-01,2.064068168401718140e-01,1.759073585271835327e-01,1.555270999670028687e-01,1.535737812519073486e-01,1.536965817213058472e-01,1.612451523542404175e-01,1.760145723819732666e-01,2.045704126358032227e-01,2.360044717788696289e-01,2.775227427482604980e-01,3.128083348274230957e-01,4.868070781230926514e-01,5.851399898529052734e-01,5.187224149703979492e-01
9.890623688697814941e-01,1.000000000000000000e+00,4.408630430698394775e-01,2.960217297077178955e-01,2.367469519376754761e-01,1.983100175857543945e-01,1.803742498159408569e-01,1.650109738111495972e-01,1.613410264253616333e-01,1.608233749866485596e-01,5.076730996370315552e-02,3.589790686964988708e-02,2.965334430336952209e-02,2.834638021886348724e-02,2.725572325289249420e-02,2.725572325289249420e-02,2.725572325289249420e-02,2.725572325289249420e-02,2.725572325289249420e-02,2.725572325289249420e-02,2.725572325289249420e-02,2.725572325289249420e-02,2.834638021886348724e-02,2.965334430336952209e-02,3.589790686964988708e-02,5.076730996370315552e-02,1.642743200063705444e-01,1.685560941696166992e-01,1.736509054899215698e-01,1.836642771959304810e-01,2.092465311288833618e-01,2.367469519376754761e-01,2.873152196407318115e-01,3.632821440696716309e-01,5.005909204483032227e-01,1.000000000000000000e+00,1.000000000000000000e+00
9.664208889007568359e-01,1.000000000000000000e+00,8.550482392311096191e-01,3.540536761283874512e-01,2.729958891868591309e-01,2.317733466625213623e-01,1.957211047410964966e-01,1.778458803892135620e-01,1.696093380451202393e-01,1.646144837141036987e-01,1.723985821008682251e-01,1.857174783945083618e-01,2.183967083692550659e-01,2.706930041313171387e-01,3.773668408393859863e-01,5.231558680534362793e-01,5.044739246368408203e-01,4.971224367618560791e-01,4.971224367618560791e-01,5.044739246368408203e-01,5.231558680534362793e-01,4.897214472293853760e-01,3.523656725883483887e-01,2.609932124614715576e-01,2.173705697059631348e-01,1.841862648725509644e-01,1.747173666954040527e-01,1.714448928833007812e-01,1.726577579975128174e-01,1.835377216339111328e-01,2.009071707725524902e-01,2.293815314769744873e-01,2.662514746189117432e-01,3.574057221412658691e-01,5.475456714630126953e-01,7.441860437393188477e-01,7.353520393371582031e-01
2.468543350696563721e-01,1.984697878360748291e-01,1.751407235860824585e-01,1.587852537631988525e-01,1.445412486791610718e-01,1.376480162143707275e-01,1.298158168792724609e-01,1.260882616043090820e-01,1.257168799638748169e-01,1.254189610481262207e-01,1.245209649205207825e-01,1.257168799638748169e-01,1.254189610481262207e-01,1.254189610481262207e-01,1.367619335651397705e-01,1.528433114290237427e-01,1.847551912069320679e-01,5.344749689102172852e-01,9.830985665321350098e-01,1.000000000000000000e+00,5.846792459487915039e-01,3.337663710117340088e-01,2.420724779367446899e-01,1.790484786033630371e-01,1.471065133810043335e-01,1.323131918907165527e-01,1.297437548637390137e-01,1.300317496061325073e-01,1.313199400901794434e-01,1.439577639102935791e-01,1.562321782112121582e-01,1.816927343606948853e-01,1.972882598638534546e-01,2.010446786880493164e-01,2.460194677114486694e-01,6.976743936538696289e-01,3.006933033466339111e-01
7.231896519660949707e-01,8.090416193008422852e-01,6.919293403625488281e-01,6.012467145919799805e-01,3.170786798000335693e-01,2.201357334852218628e-01,1.817057281732559204e-01,1.664587557315826416e-01,1.586661189794540405e-01,1.585393399000167847e-01,1.605558246374130249e-01,1.790301650762557983e-01,2.042144238948822021e-01,2.512736022472381592e-01,3.219871222972869873e-01,4.463494718074798584e-01,9.891431927680969238e-01,9.842522740364074707e-01,9.839457869529724121e-01,1.000000000000000000e+00,8.172760605812072754e-01,4.241749644279479980e-01,2.828228175640106201e-01,2.130806446075439453e-01,1.815950274467468262e-01,1.605558246374130249e-01,1.585393399000167847e-01,1.586661189794540405e-01,1.664587557315826416e-01,1.730912774801254272e-01,1.932879984378814697e-01,2.208652794361114502e-01,2.667233049869537354e-01,3.289070427417755127e-01,5.212835073471069336e-01,6.046511530876159668e-01,5.336729288101196289e-01
5.778151750564575195e-01,9.933412075042724609e-01,1.000000000000000000e+00,4.694817960262298584e-01,3.248103559017181396e-01,2.643360495567321777e-01,2.189338356256484985e-01,1.971048414707183838e-01,1.901466399431228638e-01,1.887921988964080811e-01,1.941532939672470093e-01,2.110760807991027832e-01,2.417719662189483643e-01,2.304502427577972412e-01,2.094147056341171265e-01,1.971048414707183838e-01,1.906333714723587036e-01,1.887921988964080811e-01,1.887921988964080811e-01,1.906333714723587036e-01,1.971048414707183838e-01,2.094147056341171265e-01,2.304502427577972412e-01,2.777235209941864014e-01,2.550022900104522705e-01,2.142936885356903076e-01,1.887921988964080811e-01,1.777456104755401611e-01,1.739348918199539185e-01,1.781062036752700806e-01,1.869710087776184082e-01,2.076714038848876953e-01,2.397883832454681396e-01,2.901509404182434082e-01,3.563124537467956543e-01,1.000000000000000000e+00,1.000000000000000000e+00
2.228653281927108765e-01,1.980919390916824341e-01,1.695976704359054565e-01,1.573200374841690063e-01,1.462968140840530396e-01,1.403748244047164917e-01,1.314067095518112183e-01,1.267565637826919556e-01,1.250227391719818115e-01,1.226728409528732300e-01,1.200752407312393188e-01,1.230676099658012390e-01,1.240001395344734192e-01,1.323720961809158325e-01,1.314067095518112183e-01,1.417929977178573608e-01,1.621781438589096069e-01,2.068949490785598755e-01,9.416629076004028320e-01,9.581561684608459473e-01,1.000000000000000000e+00,3.947887718677520752e-01,2.866905033588409424e-01,2.034075409173965454e-01,1.432818025350570679e-01,1.292199343442916870e-01,1.288440227508544922e-01,1.292668431997299194e-01,1.377589106559753418e-01,1.408921778202056885e-01,1.356298625469207764e-01,1.365209966897964478e-01,1.464625000953674316e-01,1.618787795305252075e-01,1.912397593259811401e-01,7.339963316917419434e-01,1.986006200313568115e-01
8.160977363586425781e-01,1.000000000000000000e+00,9.602240324020385742e-01,8.472949266433715820e-01,3.469247817993164062e-01,2.744683623313903809e-01,2.280148118734359741e-01,2.038947492837905884e-01,1.890652775764465332e-01,1.833837181329727173e-01,1.869004964828491211e-01,1.940784305334091187e-01,2.202438265085220337e-01,2.544649541378021240e-01,3.229660391807556152e-01,4.323190450668334961e-01,7.501234412193298340e-01,8.624892830848693848e-01,8.624892830848693848e-01,8.762510418891906738e-01,9.093782305717468262e-01,9.327590465545654297e-01,4.858247041702270508e-01,3.332844972610473633e-01,2.551676332950592041e-01,2.104166299104690552e-01,1.882888227701187134e-01,1.771532446146011353e-01,1.750271469354629517e-01,1.840040087699890137e-01,2.061179727315902710e-01,2.397082298994064331e-01,2.960384488105773926e-01,3.951804637908935547e-01,4.971514344215393066e-01,6.666666865348815918e-01,6.218831539154052734e-01
3.454284369945526123e-01,4.009934365749359131e-01,5.599227547645568848e-01,5.032198429107666016e-01,4.700622260570526123e-01,4.247445464134216309e-01,3.431522250175476074e-01,2.282649576663970947e-01,1.891245841979980469e-01,1.718101799488067627e-01,1.740759015083312988e-01,1.884860098361968994e-01,2.079984098672866821e-01,2.445836514234542847e-01,2.998375296592712402e-01,3.920746147632598877e-01,6.121775507926940918e-01,9.563254714012145996e-01,9.560838341712951660e-01,9.723392128944396973e-01,1.000000000000000000e+00,2.076600044965744019e-01,1.490112692117691040e-01,1.193606331944465637e-01,1.024172827601432800e-01,9.509205818176269531e-02,8.965365588665008545e-02,8.703795075416564941e-02,8.807074278593063354e-02,9.021224826574325562e-02,9.241287410259246826e-02,1.016294434666633606e-01,1.145498678088188171e-01,1.248730868101119995e-01,1.424618810415267944e-01,4.091691076755523682e-01,3.936747908592224121e-01
5.723161697387695312e-01,9.263225793838500977e-01,1.000000000000000000e+00,4.590159058570861816e-01,3.175695538520812988e-01,2.532227933406829834e-01,2.140532582998275757e-01,1.927108764648437500e-01,1.822429597377777100e-01,1.808918714523315430e-01,1.862373948097229004e-01,2.063706815242767334e-01,2.311941236257553101e-01,2.222986817359924316e-01,1.997940987348556519e-01,1.891778707504272461e-01,1.827283948659896851e-01,1.808918714523315430e-01,1.808918714523315430e-01,1.827283948659896851e-01,1.891778707504272461e-01,1.998282074928283691e-01,2.253129333257675171e-01,2.715323865413665771e-01,2.443484663963317871e-01,2.095165550708770752e-01,1.845835447311401367e-01,1.710164397954940796e-01,1.693748980760574341e-01,1.690527349710464478e-01,1.828029602766036987e-01,2.030418962240219116e-01,2.311351597309112549e-01,2.720087766647338867e-01,3.441183865070343018e-01,1.000000000000000000e+00,1.000000000000000000e+00
2.167357206344604492e-01,2.199655920267105103e-01,1.907765567302703857e-01,1.682574152946472168e-01,1.547273695468902588e-01,1.456287503242492676e-01,1.369378268718719482e-01,1.348993927240371704e-01,1.317348480224609375e-01,1.285413950681686401e-01,1.234436482191085815e-01,1.250149607658386230e-01,1.242064386606216431e-01,1.299542486667633057e-01,1.309197396039962769e-01,1.398047506809234619e-01,1.550119817256927490e-01,1.897174119949340820e-01,9.423533082008361816e-01,9.583545327186584473e-01,1.000000000000000000e+00,4.753875434398651123e-01,3.325999975204467773e-01,2.372098118066787720e-01,1.539521962404251099e-01,1.343380957841873169e-01,1.313039511442184448e-01,1.317348480224609375e-01,1.391727626323699951e-01,1.448483616113662720e-01,1.432308703660964966e-01,1.441074460744857788e-01,1.523900181055068970e-01,1.649694293737411499e-01,1.872788220643997192e-01,7.599999904632568359e-01,2.235501557588577271e-01
5.870177149772644043e-01,9.255694746971130371e-01,1.000000000000000000e+00,8.791987895965576172e-01,3.243931233882904053e-01,2.584637999534606934e-01,2.212197780609130859e-01,1.978185176849365234e-01,1.889445930719375610e-01,1.882133483886718750e-01,1.867422759532928467e-01,1.956377774477005005e-01,2.092606723308563232e-01,2.431924939155578613e-01,3.010212481021881104e-01,4.194355905055999756e-01,7.277691364288330078e-01,7.870220541954040527e-01,7.925510406494140625e-01,8.045811653137207031e-01,8.350083827972412109e-01,8.802437782287597656e-01,5.067799687385559082e-01,3.388997912406921387e-01,2.599416077136993408e-01,2.095533460378646851e-01,1.882133483886718750e-01,1.786921024322509766e-01,1.803139001131057739e-01,1.889445930719375610e-01,1.999754905700683594e-01,2.325647324323654175e-01,2.995926737785339355e-01,3.851183354854583740e-01,4.832562506198883057e-01,6.999999880790710449e-01,6.479204893112182617e-01
1.730503290891647339e-01,3.970729708671569824e-01,5.153056979179382324e-01,5.523688197135925293e-01,4.987412095069885254e-01,4.590619206428527832e-01,3.764775693416595459e-01,2.513360977172851562e-01,2.010381072759628296e-01,1.818200498819351196e-01,1.752398014068603516e-01,1.807399839162826538e-01,2.070481032133102417e-01,2.412952780723571777e-01,3.036600053310394287e-01,3.970729708671569824e-01,5.968452095985412598e-01,9.410707354545593262e-01,9.456042051315307617e-01,9.615870118141174316e-01,1.000000000000000000e+00,2.103073596954345703e-01,1.606355905532836914e-01,1.335204094648361206e-01,1.138583570718765259e-01,1.015136912465095520e-01,9.124945849180221558e-02,8.919350802898406982e-02,8.919350802898406982e-02,9.136231988668441772e-02,9.956625103950500488e-02,1.029250696301460266e-01,1.160102039575576782e-01,1.307124197483062744e-01,1.398532986640930176e-01,4.301436543464660645e-01,4.078484475612640381e-01
6.527749896049499512e-01,1.000000000000000000e+00,9.286971092224121094e-01,4.150825738906860352e-01,2.890241742134094238e-01,2.374403476715087891e-01,2.040398716926574707e-01,1.885594576597213745e-01,1.820693612098693848e-01,1.810895353555679321e-01,1.857838630676269531e-01,2.058455646038055420e-01,2.415705770254135132e-01,2.166593521833419800e-01,1.957808881998062134e-01,1.886349320411682129e-01,1.830050498247146606e-01,1.810895353555679321e-01,1.810895353555679321e-01,1.830050498247146606e-01,1.933300942182540894e-01,2.126477062702178955e-01,2.837561070919036865e-01,2.816414833068847656e-01,2.328400015830993652e-01,1.939915567636489868e-01,1.810895353555679321e-01,1.687202155590057373e-01,1.670670956373214722e-01,1.727632284164428711e-01,1.814820915460586548e-01,2.022180557250976562e-01,2.395886331796646118e-01,2.899092435836791992e-01,3.671748638153076172e-01,1.000000000000000000e+00,1.000000000000000000e+00
1.991615295410156250e-01,2.276770621538162231e-01,1.875313222408294678e-01,1.601574569940567017e-01,1.519042849540710449e-01,1.408284753561019897e-01,1.383937448263168335e-01,1.292091012001037598e-01,1.262925118207931519e-01,1.229884549975395203e-01,1.255137175321578979e-01,1.246776431798934937e-01,1.316150724887847900e-01,1.306179612874984741e-01,1.364434361457824707e-01,1.538285464048385620e-01,1.867978870868682861e-01,2.907022237777709961e-01,9.378448128700256348e-01,9.615567922592163086e-01,1.000000000000000000e+00,3.323732316493988037e-01,2.615860104560852051e-01,1.728386133909225464e-01,1.326046735048294067e-01,1.219744309782981873e-01,1.229884549975395203e-01,1.270150691270828247e-01,1.372078359127044678e-01,1.333420425653457642e-01,1.231478005647659302e-01,1.236774697899818420e-01,1.408284753561019897e-01,1.566497832536697388e-01,1.801351904869079590e-01,7.356135249137878418e-01,1.215990334749221802e-01
8.181387186050415039e-01,1.000000000000000000e+00,9.300074577331542969e-01,7.696456909179687500e-01,3.102989792823791504e-01,2.474686503410339355e-01,2.177032977342605591e-01,1.962503045797348022e-01,1.869471371173858643e-01,1.861793845891952515e-01,1.875421106815338135e-01,1.993879228830337524e-01,2.177763879299163818e-01,2.516141235828399658e-01,3.193477690219879150e-01,4.934559166431427002e-01,7.922661304473876953e-01,7.795693278312683105e-01,7.849403619766235352e-01,8.033573627471923828e-01,8.938469290733337402e-01,7.886621952056884766e-01,4.442715644836425781e-01,3.092714846134185791e-01,2.447526752948760986e-01,2.025555223226547241e-01,1.862648427486419678e-01,1.751685589551925659e-01,1.770662367343902588e-01,1.816799640655517578e-01,1.878812462091445923e-01,2.167508602142333984e-01,2.751208841800689697e-01,4.085924923419952393e-01,5.036392211914062500e-01,7.058472633361816406e-01,6.191529631614685059e-01
3.911108076572418213e-01,4.603633284568786621e-01,5.989465117454528809e-01,5.141047835350036621e-01,4.724115133285522461e-01,4.114630222320556641e-01,3.135292828083038330e-01,2.066417634487152100e-01,1.770559698343276978e-01,1.717071831226348877e-01,1.712428480386734009e-01,1.835538595914840698e-01,2.041496783494949341e-01,2.535100579261779785e-01,3.190318048000335693e-01,4.260229468345642090e-01,7.439574599266052246e-01,9.601330161094665527e-01,9.648956060409545898e-01,1.000000000000000000e+00,8.273373842239379883e-01,1.891691684722900391e-01,1.450630575418472290e-01,1.203803718090057373e-01,1.089735850691795349e-01,1.019633486866950989e-01,1.001625284552574158e-01,9.959309548139572144e-02,9.959309548139572144e-02,1.047151461243629456e-01,1.117563322186470032e-01,1.184755042195320129e-01,1.284265965223312378e-01,1.524048745632171631e-01,1.665965020656585693e-01,4.539765417575836182e-01,3.624465763568878174e-01
1.000000000000000000e+00,9.403060078620910645e-01,4.326828420162200928e-01,2.981302738189697266e-01,2.361238300800323486e-01,1.964692622423171997e-01,1.685635745525360107e-01,1.605416834354400635e-01,1.572030186653137207e-01,1.562415212392807007e-01,1.709778457880020142e-01,1.940925866365432739e-01,1.645099371671676636e-01,1.493378281593322754e-01,1.490954607725143433e-01,1.509037166833877563e-01,1.532815396785736084e-01,1.533994674682617188e-01,1.562415212392807007e-01,1.576242148876190186e-01,1.626306027173995972e-01,1.770396828651428223e-01,2.486325353384017944e-01,2.418490350246429443e-01,1.987568736076354980e-01,1.709778457880020142e-01,1.597135514020919800e-01,1.518593132495880127e-01,1.548464894294738770e-01,1.589948832988739014e-01,1.816772967576980591e-01,2.034623622894287109e-01,2.375744134187698364e-01,3.063467442989349365e-01,4.218342602252960205e-01,1.000000000000000000e+00,1.000000000000000000e+00
2.131826728582382202e-01,2.017270773649215698e-01,1.951650828123092651e-01,1.710950136184692383e-01,1.544549763202667236e-01,1.505700349807739258e-01,1.392472237348556519e-01,1.279910206794738770e-01,1.195749863982200623e-01,1.190839186310768127e-01,1.132549792528152466e-01,1.129671633243560791e-01,1.162060052156448364e-01,1.199555397033691406e-01,1.301100552082061768e-01,1.568394005298614502e-01,2.126934379339218140e-01,9.044862389564514160e-01,9.470024108886718750e-01,1.000000000000000000e+00,4.148010909557342529e-01,2.654961347579956055e-01,2.019851207733154297e-01,1.544549763202667236e-01,1.355990171432495117e-01,1.252658516168594360e-01,1.190839186310768127e-01,1.146832183003425598e-01,1.175430268049240112e-01,1.262495666742324829e-01,1.480847150087356567e-01,1.724972873926162720e-01,2.307814210653305054e-01,2.556002140045166016e-01,2.355564236640930176e-01,7.391304373741149902e-01,6.488481163978576660e-02
1.000000000000000000e+00,9.428240656852722168e-01,8.131836652755737305e-01,3.342842459678649902e-01,2.525220215320587158e-01,2.143910527229309082e-01,1.810426265001296997e-01,1.645079702138900757e-01,1.568891555070877075e-01,1.565636545419692993e-01,1.594692170619964600e-01,1.784885972738265991e-01,2.020176202058792114e-01,2.575229406356811523e-01,3.378137052059173584e-01,5.917857885360717773e-01,6.260917186737060547e-01,6.442628502845764160e-01,6.723917722702026367e-01,6.884363889694213867e-01,7.841855883598327637e-01,5.093188285827636719e-01,3.330611586570739746e-01,2.414195090532302856e-01,2.010684311389923096e-01,1.753164976835250854e-01,1.616141051054000854e-01,1.605055183172225952e-01,1.626367419958114624e-01,1.654356569051742554e-01,1.824460774660110474e-01,2.050876915454864502e-01,2.507481575012207031e-01,3.673306107521057129e-01,5.886743068695068359e-01,6.956521868705749512e-01,6.144994497299194336e-01
6.357129812240600586e-01,5.944820642471313477e-01,5.451537966728210449e-01,4.823423027992248535e-01,3.688561916351318359e-01,1.875287294387817383e-01,1.552714854478836060e-01,1.355849951505661011e-01,1.303547918796539307e-01,1.299986392259597778e-01,1.322088986635208130e-01,1.422597914934158325e-01,1.617789417505264282e-01,2.011280953884124756e-01,2.511073946952819824e-01,3.496261537075042725e-01,8.830991983413696289e-01,9.036505818367004395e-01,9.497298002243041992e-01,1.000000000000000000e+00,6.205071210861206055e-01,3.113257884979248047e-01,2.011280953884124756e-01,1.550473719835281372e-01,1.378738731145858765e-01,1.274776458740234375e-01,1.251838654279708862e-01,1.255536973476409912e-01,1.309757530689239502e-01,1.445231586694717407e-01,1.668578088283538818e-01,1.849772036075592041e-01,2.240288704633712769e-01,3.151740431785583496e-01,4.931315481662750244e-01,5.652173757553100586e-01,3.390932977199554443e-01
3.912764787673950195e-01,7.159942984580993652e-01,9.644865989685058594e-01,1.000000000000000000e+00,4.561496675014495850e-01,3.110936880111694336e-01,2.355183362960815430e-01,2.080506831407546997e-01,1.967830359935760498e-01,1.885320246219635010e-01,1.886367350816726685e-01,1.967830359935760498e-01,2.186483740806579590e-01,2.583492696285247803e-01,2.405374348163604736e-01,2.179246693849563599e-01,2.017380744218826294e-01,1.955246627330780029e-01,1.841340065002441406e-01,1.841340065002441406e-01,1.855761259794235229e-01,1.949177533388137817e-01,2.169711440801620483e-01,2.954336702823638916e-01,3.458419442176818848e-01,2.565082609653472900e-01,2.132996320724487305e-01,1.875343471765518188e-01,1.828425824642181396e-01,1.839730739593505859e-01,1.886367350816726685e-01,1.999683976173400879e-01,2.245739102363586426e-01,2.487305104732513428e-01,2.893555462360382080e-01,1.000000000000000000e+00,1.000000000000000000e+00
5.556759834289550781e-01,1.000000000000000000e+00,8.329120874404907227e-01,9.760885238647460938e-01,4.769754111766815186e-01,2.681040763854980469e-01,2.285720407962799072e-01,2.128090411424636841e-01,2.076314240694046021e-01,2.034783810377120972e-01,2.062908560037612915e-01,2.103883922100067139e-01,2.225160747766494751e-01,2.311716377735137939e-01,2.736195921897888184e-01,3.251587152481079102e-01,4.389480948448181152e-01,7.417522072792053223e-01,8.393443226814270020e-01,8.305256962776184082e-01,8.346782326698303223e-01,8.970623612403869629e-01,9.795806407928466797e-01,4.458945095539093018e-01,2.921779155731201172e-01,2.267910540103912354e-01,2.091675549745559692e-01,1.965425908565521240e-01,1.942488849163055420e-01,2.050456255674362183e-01,2.267910540103912354e-01,2.744762301445007324e-01,3.155656754970550537e-01,3.718817830085754395e-01,4.715755283832550049e-01,7.500000000000000000e-01,7.221348285675048828e-01
1.516166031360626221e-01,1.225313097238540649e-01,1.108012944459915161e-01,1.108012944459915161e-01,2.187644094228744507e-01,2.025811225175857544e-01,1.821433007717132568e-01,1.685649007558822632e-01,1.559376269578933716e-01,1.485064625740051270e-01,1.337067037820816040e-01,1.290708482265472412e-01,1.209719926118850708e-01,1.209719926118850708e-01,1.290708482265472412e-01,1.352946609258651733e-01,1.535349041223526001e-01,1.805730611085891724e-01,4.618224501609802246e-01,8.878726959228515625e-01,8.968877792358398438e-01,1.000000000000000000e+00,3.473232984542846680e-01,2.435082942247390747e-01,1.903407275676727295e-01,1.341791749000549316e-01,1.193923130631446838e-01,1.147985681891441345e-01,1.145226135849952698e-01,1.248337700963020325e-01,1.380725950002670288e-01,1.615192592144012451e-01,1.832258105278015137e-01,2.176042348146438599e-01,2.394793033599853516e-01,7.122300267219543457e-01,5.003257989883422852e-01
6.550881862640380859e-01,9.583572745323181152e-01,1.000000000000000000e+00,4.235785901546478271e-01,2.976758778095245361e-01,2.450518012046813965e-01,2.088470309972763062e-01,1.882667541503906250e-01,1.815336793661117554e-01,1.840178221464157104e-01,1.878773719072341919e-01,2.203805297613143921e-01,2.544351518154144287e-01,2.416815757751464844e-01,2.132194489240646362e-01,2.022197991609573364e-01,1.906631886959075928e-01,1.840178221464157104e-01,1.806440055370330811e-01,1.799128204584121704e-01,1.799128204584121704e-01,1.890431195497512817e-01,2.221677005290985107e-01,3.237435519695281982e-01,2.783516645431518555e-01,2.219038456678390503e-01,1.895074099302291870e-01,1.772886067628860474e-01,1.762944608926773071e-01,1.819366514682769775e-01,1.955177634954452515e-01,2.079333513975143433e-01,2.445132881402969360e-01,2.978234589099884033e-01,3.906607925891876221e-01,1.000000000000000000e+00,1.000000000000000000e+00
1.737314462661743164e-01,1.507710814476013184e-01,1.455449908971786499e-01,1.455449908971786499e-01,2.583874166011810303e-01,2.484723180532455444e-01,2.280542999505996704e-01,2.051207125186920166e-01,1.898829042911529541e-01,1.750717312097549438e-01,1.607142537832260132e-01,1.439300179481506348e-01,1.427067965269088745e-01,1.491147428750991821e-01,1.514478474855422974e-01,1.619818806648254395e-01,1.915680617094039917e-01,2.782602608203887939e-01,9.366961121559143066e-01,9.328984618186950684e-01,1.000000000000000000e+00,3.856445252895355225e-01,2.756226658821105957e-01,2.162162214517593384e-01,1.717864722013473511e-01,1.537455469369888306e-01,1.460460126399993896e-01,1.403324902057647705e-01,1.405405402183532715e-01,1.428091377019882202e-01,1.495061218738555908e-01,1.612587422132492065e-01,1.863885372877120972e-01,2.512786984443664551e-01,2.545710802078247070e-01,8.123946189880371094e-01,6.874828934669494629e-01
8.283799886703491211e-01,9.270382523536682129e-01,8.561566472053527832e-01,9.783838987350463867e-01,3.035428225994110107e-01,2.533482611179351807e-01,2.302593588829040527e-01,2.095335125923156738e-01,2.051372081041336060e-01,2.091706842184066772e-01,2.071637660264968872e-01,2.185822427272796631e-01,2.423144578933715820e-01,2.773922383785247803e-01,3.456638157367706299e-01,4.840800166130065918e-01,9.299833178520202637e-01,8.983675241470336914e-01,8.896586894989013672e-01,8.802599310874938965e-01,9.260544776916503906e-01,1.000000000000000000e+00,5.066965222358703613e-01,3.364206850528717041e-01,2.769811749458312988e-01,2.307536453008651733e-01,2.178861200809478760e-01,2.071637660264968872e-01,2.040233314037322998e-01,2.107984870672225952e-01,2.404262572526931763e-01,2.600067257881164551e-01,3.394551277160644531e-01,4.438036084175109863e-01,6.275725364685058594e-01,7.142857313156127930e-01,8.269715905189514160e-01
1.000000000000000000e+00,9.645363092422485352e-01,4.509582817554473877e-01,3.779190778732299805e-01,3.147046864032745361e-01,2.580825686454772949e-01,2.326244115829467773e-01,2.182375490665435791e-01,2.161636501550674438e-01,2.171339392662048340e-01,2.370995879173278809e-01,2.738886773586273193e-01,3.317077457904815674e-01,2.859051227569580078e-01,2.533854842185974121e-01,2.312000244855880737e-01,2.259448021650314331e-01,2.169955968856811523e-01,2.128033936023712158e-01,2.128033936023712158e-01,2.161636501550674438e-01,2.259448021650314331e-01,2.859051227569580078e-01,3.425745964050292969e-01,2.738886773586273193e-01,2.370995879173278809e-01,2.169955968856811523e-01,2.128033936023712158e-01,2.182375490665435791e-01,2.326244115829467773e-01,2.580825686454772949e-01,2.977392375469207764e-01,3.605967760086059570e-01,5.710219740867614746e-01,6.370446085929870605e-01,1.000000000000000000e+00,1.000000000000000000e+00
2.462641894817352295e-01,2.347671985626220703e-01,2.282521575689315796e-01,2.025789022445678711e-01,1.909200847148895264e-01,1.850699335336685181e-01,1.809491217136383057e-01,1.809491217136383057e-01,1.905906200408935547e-01,1.909200847148895264e-01,1.843895316123962402e-01,1.760196238756179810e-01,1.760196238756179810e-01,1.797294169664382935e-01,1.870963126420974731e-01,2.056577801704406738e-01,2.657790780067443848e-01,1.000000000000000000e+00,9.850567579269409180e-01,9.905599951744079590e-01,7.684385180473327637e-01,4.487287104129791260e-01,3.818401694297790527e-01,2.663695514202117920e-01,1.988213062286376953e-01,1.850699335336685181e-01,1.823330670595169067e-01,1.788531094789505005e-01,1.807753741741180420e-01,1.917412430047988892e-01,2.080880850553512573e-01,2.476637959480285645e-01,3.297316730022430420e-01,2.658972740173339844e-01,2.462641894817352295e-01,8.275862336158752441e-01,7.766233086585998535e-01
9.299829602241516113e-01,8.496476411819458008e-01,8.424358367919921875e-01,7.602859139442443848e-01,7.049690485000610352e-01,4.254281222820281982e-01,3.093490898609161377e-01,2.833418250083923340e-01,2.729510068893432617e-01,2.729510068893432617e-01,3.112120330333709717e-01,3.452587425708770752e-01,4.216370284557342529e-01,5.054615139961242676e-01,7.328427433967590332e-01,1.000000000000000000e+00,9.539829492568969727e-01,9.186569452285766602e-01,9.069771766662597656e-01,9.539829492568969727e-01,6.652200222015380859e-01,4.086413979530334473e-01,2.885082364082336426e-01,2.294894009828567505e-01,1.936699002981185913e-01,1.827499866485595703e-01,1.827499866485595703e-01,1.926724463701248169e-01,1.979340910911560059e-01,2.280857712030410767e-01,2.806085646152496338e-01,2.902836799621582031e-01,2.994321286678314209e-01,3.263232111930847168e-01,4.757443666458129883e-01,6.115602850914001465e-01,8.464671969413757324e-01
8.244654536247253418e-01,5.832259058952331543e-01,4.193475842475891113e-01,3.645986914634704590e-01,2.993508279323577881e-01,2.603647708892822266e-01,2.366364151239395142e-01,2.265916168689727783e-01,2.302791327238082886e-01,2.419999539852142334e-01,2.652489244937896729e-01,3.046635687351226807e-01,3.737259507179260254e-01,2.857773005962371826e-01,2.611339390277862549e-01,2.498294711112976074e-01,2.433223724365234375e-01,2.418341487646102905e-01,2.418341487646102905e-01,2.433223724365234375e-01,2.498294711112976074e-01,2.611339390277862549e-01,2.857773005962371826e-01,3.457379043102264404e-01,2.965235114097595215e-01,2.652489244937896729e-01,2.507909536361694336e-01,2.514299154281616211e-01,2.634279727935791016e-01,2.811072170734405518e-01,3.235631883144378662e-01,3.959279358386993408e-01,6.809539794921875000e-01,8.639966249465942383e-01,1.000000000000000000e+00,1.000000000000000000e+00,1.000000000000000000e+00
5.485540032386779785e-01,4.799644052982330322e-01,4.171980321407318115e-01,4.048957526683807373e-01,3.936377465724945068e-01,3.563455343246459961e-01,2.952151000499725342e-01,2.686425447463989258e-01,2.579731345176696777e-01,2.579731345176696777e-01,2.718765139579772949e-01,3.154568970203399658e-01,4.156989157199859619e-01,5.382138490676879883e-01,8.872650861740112305e-01,1.000000000000000000e+00,9.625915884971618652e-01,9.503861665725708008e-01,9.503861665725708008e-01,9.214363098144531250e-01,4.300197362899780273e-01,3.039672076702117920e-01,2.686425447463989258e-01,2.481043189764022827e-01,2.453207969665527344e-01,2.511056959629058838e-01,2.579731345176696777e-01,2.684100270271301270e-01,2.759788334369659424e-01,2.913837432861328125e-01,3.721145391464233398e-01,4.224029779434204102e-01,4.298745393753051758e-01,4.525147974491119385e-01,6.504989862442016602e-01,8.752564787864685059e-01,8.201695084571838379e-01
8.576426506042480469e-01,7.855768203735351562e-01,4.729700088500976562e-01,4.039307832717895508e-01,3.247260153293609619e-01,2.779491245746612549e-01,2.489061355590820312e-01,2.423035651445388794e-01,2.414440214633941650e-01,2.463876157999038696e-01,2.789943218231201172e-01,3.305636942386627197e-01,3.676073253154754639e-01,2.909587025642395020e-01,2.658685147762298584e-01,2.543590962886810303e-01,2.477340102195739746e-01,2.462188005447387695e-01,2.462188005447387695e-01,2.477340102195739746e-01,2.543590962886810303e-01,2.658685147762298584e-01,3.035479784011840820e-01,3.392544090747833252e-01,2.815165221691131592e-01,2.504050731658935547e-01,2.462188005447387695e-01,2.468933761119842529e-01,2.567994296550750732e-01,2.737284004688262939e-01,3.165563046932220459e-01,3.831155896186828613e-01,6.443743705749511719e-01,8.582242727279663086e-01,1.000000000000000000e+00,1.000000000000000000e+00,1.000000000000000000e+00
5.275685191154479980e-01,4.702199399471282959e-01,4.357300996780395508e-01,4.059106409549713135e-01,4.015592634677886963e-01,3.888585269451141357e-01,3.362486064434051514e-01,2.800516188144683838e-01,2.578909099102020264e-01,2.578909099102020264e-01,2.836136221885681152e-01,3.412495255470275879e-01,4.324055016040802002e-01,5.395628809928894043e-01,8.645207881927490234e-01,9.883878231048583984e-01,9.539530277252197266e-01,9.415733814239501953e-01,9.415733814239501953e-01,1.000000000000000000e+00,4.561317861080169678e-01,3.294626176357269287e-01,2.693158984184265137e-01,2.554463744163513184e-01,2.459357231855392456e-01,2.479682713747024536e-01,2.487262040376663208e-01,2.578909099102020264e-01,2.693158984184265137e-01,2.709417939186096191e-01,2.773500978946685791e-01,3.098337948322296143e-01,4.162890017032623291e-01,4.182437658309936523e-01,5.842282176017761230e-01,8.571428656578063965e-01,8.237823843955993652e-01
4.481683969497680664e-01,7.222769260406494141e-01,1.000000000000000000e+00,5.099019408226013184e-01,3.532601594924926758e-01,2.736246883869171143e-01,2.260840386152267456e-01,1.996110230684280396e-01,1.889430582523345947e-01,1.883250474929809570e-01,1.976546347141265869e-01,2.208086848258972168e-01,2.464252263307571411e-01,2.343550324440002441e-01,2.118876427412033081e-01,2.013555169105529785e-01,1.950820237398147583e-01,1.934149116277694702e-01,1.883938163518905640e-01,1.900368183851242065e-01,1.950820237398147583e-01,2.072519361972808838e-01,2.202212661504745483e-01,2.663318216800689697e-01,2.799888849258422852e-01,2.296652197837829590e-01,1.985047757625579834e-01,1.790157258510589600e-01,1.730554401874542236e-01,1.780725866556167603e-01,1.838703006505966187e-01,2.066886723041534424e-01,2.254529148340225220e-01,2.591836452484130859e-01,3.314280509948730469e-01,1.000000000000000000e+00,1.000000000000000000e+00
1.987015157938003540e-01,1.971671134233474731e-01,1.742727607488632202e-01,1.600888669490814209e-01,1.510020047426223755e-01,1.470038443803787231e-01,1.384935081005096436e-01,1.361971646547317505e-01,1.356815993785858154e-01,1.353367865085601807e-01,1.320161968469619751e-01,1.319276839494705200e-01,1.300550103187561035e-01,1.300550103187561035e-01,1.314842402935028076e-01,1.407523751258850098e-01,1.407523751258850098e-01,1.565472930669784546e-01,1.740715503692626953e-01,2.194304168224334717e-01,9.507545232772827148e-01,1.000000000000000000e+00,4.598139226436614990e-01,3.230832219123840332e-01,2.421074509620666504e-01,1.829704344272613525e-01,1.595772802829742432e-01,1.488987058401107788e-01,1.342970430850982666e-01,1.314842402935028076e-01,1.336868107318878174e-01,1.373926550149917603e-01,1.427302658557891846e-01,1.544438749551773071e-01,1.688253879547119141e-01,7.558115720748901367e-01,7.186951041221618652e-01
5.472908020019531250e-01,7.380938529968261719e-01,9.420867562294006348e-01,9.746401309967041016e-01,8.918325304985046387e-01,2.947906255722045898e-01,2.449462562799453735e-01,2.219853252172470093e-01,2.127957046031951904e-01,2.121689170598983765e-01,2.160565406084060669e-01,2.228834480047225952e-01,2.400028854608535767e-01,2.712623775005340576e-01,3.304687142372131348e-01,4.275427758693695068e-01,7.144845128059387207e-01,8.904126882553100586e-01,8.900761008262634277e-01,8.948514461517333984e-01,9.289897084236145020e-01,1.000000000000000000e+00,5.903713703155517578e-01,3.836229145526885986e-01,2.883962690830230713e-01,2.416619062423706055e-01,2.203292548656463623e-01,2.040085792541503906e-01,2.040085792541503906e-01,2.085282951593399048e-01,2.141992896795272827e-01,2.434464246034622192e-01,2.885116934776306152e-01,3.562622964382171631e-01,4.321130812168121338e-01,7.116312980651855469e-01,8.237901329994201660e-01
1.000000000000000000e+00,9.321011304855346680e-01,4.427153766155242920e-01,3.285998404026031494e-01,2.486805766820907593e-01,2.029847800731658936e-01,1.737351417541503906e-01,1.608558893203735352e-01,1.527189016342163086e-01,1.521609723567962646e-01,1.603262722492218018e-01,1.788807958364486694e-01,2.017238438129425049e-01,1.844981759786605835e-01,1.673064827919006348e-01,1.582497954368591309e-01,1.531514525413513184e-01,1.521609723567962646e-01,1.521609723567962646e-01,1.531514525413513184e-01,1.571110785007476807e-01,1.673064827919006348e-01,1.844981759786605835e-01,2.151881009340286255e-01,1.944241523742675781e-01,1.645728945732116699e-01,1.565084308385848999e-01,1.527189016342163086e-01,1.526570171117782593e-01,1.617931425571441650e-01,1.784046888351440430e-01,2.078156918287277222e-01,2.450052946805953979e-01,3.024530112743377686e-01,4.102534055709838867e-01,1.000000000000000000e+00,1.000000000000000000e+00
2.200556993484497070e-01,2.055041342973709106e-01,1.878707110881805420e-01,1.758380979299545288e-01,1.647888422012329102e-01,1.557785570621490479e-01,1.508546024560928345e-01,1.468114852905273438e-01,1.453133672475814819e-01,1.404120177030563354e-01,1.362196654081344604e-01,1.359785050153732300e-01,1.431896686553955078e-01,1.488835215568542480e-01,1.686605811119079590e-01,2.051844447851181030e-01,2.711915373802185059e-01,9.836853146553039551e-01,9.836853146553039551e-01,1.000000000000000000e+00,3.839504420757293701e-01,2.751963734626770020e-01,2.253128141164779663e-01,1.936632841825485229e-01,1.653191298246383667e-01,1.477030515670776367e-01,1.404120177030563354e-01,1.376578062772750854e-01,1.407233625650405884e-01,1.492504924535751343e-01,1.621113419532775879e-01,1.833913475275039673e-01,2.176561057567596436e-01,2.721982896327972412e-01,2.393005788326263428e-01,8.731614351272583008e-01,3.992182314395904541e-01
1.000000000000000000e+00,9.042474031448364258e-01,7.967797517776489258e-01,3.382448852062225342e-01,2.537943124771118164e-01,2.169526964426040649e-01,1.876004785299301147e-01,1.759981662034988403e-01,1.692090183496475220e-01,1.687467098236083984e-01,1.777648180723190308e-01,1.903906017541885376e-01,2.187457233667373657e-01,2.610773742198944092e-01,3.259537518024444580e-01,4.735494256019592285e-01,6.730453968048095703e-01,6.629585623741149902e-01,6.629585623741149902e-01,6.730453968048095703e-01,6.976667046546936035e-01,4.962655007839202881e-01,3.410051763057708740e-01,2.587479650974273682e-01,2.069077789783477783e-01,1.777648180723190308e-01,1.626169681549072266e-01,1.593412458896636963e-01,1.601969450712203979e-01,1.651198416948318481e-01,1.816769689321517944e-01,2.088806033134460449e-01,2.683811485767364502e-01,4.348046779632568359e-01,7.274868488311767578e-01,7.620503306388854980e-01,7.550292015075683594e-01
6.995536088943481445e-01,6.435123085975646973e-01,6.019259095191955566e-01,5.411530733108520508e-01,4.740139245986938477e-01,3.209837079048156738e-01,2.345432341098785400e-01,1.992957442998886108e-01,1.832003742456436157e-01,1.769135594367980957e-01,1.792554110288619995e-01,1.919870823621749878e-01,2.205799669027328491e-01,2.721682190895080566e-01,3.567337989807128906e-01,5.172866582870483398e-01,9.508934020996093750e-01,9.844483137130737305e-01,9.844483137130737305e-01,1.000000000000000000e+00,4.435841441154479980e-01,2.132557481527328491e-01,1.604299694299697876e-01,1.276115328073501587e-01,1.136160492897033691e-01,1.100646704435348511e-01,1.100646704435348511e-01,1.134411245584487915e-01,1.177363917231559753e-01,1.268310248851776123e-01,1.565455049276351929e-01,1.968896687030792236e-01,2.454656958580017090e-01,3.467974960803985596e-01,4.735108911991119385e-01,4.722222089767456055e-01,5.908382534980773926e-01
1.000000000000000000e+00,9.302594661712646484e-01,4.708804488182067871e-01,3.239875137805938721e-01,2.578160762786865234e-01,2.137957960367202759e-01,1.776110380887985229e-01,1.644444465637207031e-01,1.561259329319000244e-01,1.555555611848831177e-01,1.639030128717422485e-01,1.769424825906753540e-01,2.026978582143783569e-01,1.886141747236251831e-01,1.710389405488967896e-01,1.617802232503890991e-01,1.565681397914886475e-01,1.555555611848831177e-01,1.555555611848831177e-01,1.565681397914886475e-01,1.606160998344421387e-01,1.710389405488967896e-01,1.886141747236251831e-01,2.199887782335281372e-01,1.928090006113052368e-01,1.682443916797637939e-01,1.555555611848831177e-01,1.527363508939743042e-01,1.560626626014709473e-01,1.654026210308074951e-01,1.822764128446578979e-01,2.035730183124542236e-01,2.405343800783157349e-01,2.951459288597106934e-01,4.099021255970001221e-01,1.000000000000000000e+00,1.000000000000000000e+00
1.909693330526351929e-01,1.853810250759124756e-01,1.635054349899291992e-01,1.583862006664276123e-01,1.454707086086273193e-01,1.416189968585968018e-01,1.397697031497955322e-01,1.395368129014968872e-01,1.403888463973999023e-01,1.400022059679031372e-01,1.378956139087677002e-01,1.395368129014968872e-01,1.434444487094879150e-01,1.547860354185104370e-01,1.717828065156936646e-01,2.085008472204208374e-01,2.699509859085083008e-01,9.810436367988586426e-01,9.838354587554931641e-01,1.000000000000000000e+00,3.968884348869323730e-01,2.843076884746551514e-01,2.308562248945236206e-01,1.862561553716659546e-01,1.645628660917282104e-01,1.470273882150650024e-01,1.443485170602798462e-01,1.400022059679031372e-01,1.413891613483428955e-01,1.501645147800445557e-01,1.647603809833526611e-01,1.890866905450820923e-01,2.270683348178863525e-01,2.338423579931259155e-01,2.192963510751724243e-01,8.852117657661437988e-01,4.014739990234375000e-01
1.000000000000000000e+00,9.079370498657226562e-01,8.039962649345397949e-01,3.491628170013427734e-01,2.619863152503967285e-01,2.148493677377700806e-01,1.848586946725845337e-01,1.755028516054153442e-01,1.682374775409698486e-01,1.677419394254684448e-01,1.708155125379562378e-01,1.906230598688125610e-01,2.167780399322509766e-01,2.695044875144958496e-01,3.221287131309509277e-01,4.684866070747375488e-01,6.884206533432006836e-01,6.779107451438903809e-01,6.779107451438903809e-01,6.884206533432006836e-01,7.140626907348632812e-01,5.266666412353515625e-01,3.520122170448303223e-01,2.580645084381103516e-01,2.135863900184631348e-01,1.835027486085891724e-01,1.741935461759567261e-01,1.644845008850097656e-01,1.653678119182586670e-01,1.760947555303573608e-01,1.962181478738784790e-01,2.246977388858795166e-01,2.857707738876342773e-01,4.488393962383270264e-01,7.519935369491577148e-01,7.500000000000000000e-01,7.598116397857666016e-01
6.554375886917114258e-01,6.114190816879272461e-01,5.680802464485168457e-01,5.270609259605407715e-01,4.601099491119384766e-01,3.209837079048156738e-01,2.345432341098785400e-01,1.992957442998886108e-01,1.832003742456436157e-01,1.765764802694320679e-01,1.792554110288619995e-01,1.919870823621749878e-01,2.205799669027328491e-01,2.632665634155273438e-01,3.427075445652008057e-01,4.974015951156616211e-01,8.866533041000366211e-01,9.844483137130737305e-01,9.844483137130737305e-01,1.000000000000000000e+00,4.237085580825805664e-01,2.132557481527328491e-01,1.604299694299697876e-01,1.363392621278762817e-01,1.217173337936401367e-01,1.141392290592193604e-01,1.136160492897033691e-01,1.197434067726135254e-01,1.238202452659606934e-01,1.353157907724380493e-01,1.565455049276351929e-01,1.968896687030792236e-01,2.454656958580017090e-01,3.467974960803985596e-01,4.994336962699890137e-01,5.120503306388854980e-01,5.944662690162658691e-01
9.863052964210510254e-01,1.000000000000000000e+00,5.075709223747253418e-01,3.536681234836578369e-01,2.726039588451385498e-01,2.237761020660400391e-01,1.898757517337799072e-01,1.721209585666656494e-01,1.634141206741333008e-01,1.628835648298263550e-01,1.715542525053024292e-01,1.894193291664123535e-01,1.941026151180267334e-01,1.677272766828536987e-01,1.520970761775970459e-01,1.444343626499176025e-01,1.402535736560821533e-01,1.395575255155563354e-01,1.395575255155563354e-01,1.402535736560821533e-01,1.444343626499176025e-01,1.520970761775970459e-01,1.612813919782638550e-01,1.941026151180267334e-01,1.956019401550292969e-01,1.715542525053024292e-01,1.628171205520629883e-01,1.606090962886810303e-01,1.618172079324722290e-01,1.731238514184951782e-01,1.908987462520599365e-01,2.158509790897369385e-01,2.517628967761993408e-01,3.133403956890106201e-01,4.152732193470001221e-01,1.000000000000000000e+00,1.000000000000000000e+00
2.333150506019592285e-01,2.040349096059799194e-01,2.016470879316329956e-01,1.784622967243194580e-01,1.730856746435165405e-01,1.649786531925201416e-01,1.633957475423812866e-01,1.589243263006210327e-01,1.509959101676940918e-01,1.430409699678421021e-01,1.439465731382369995e-01,1.435356438159942627e-01,1.487891674041748047e-01,1.547056734561920166e-01,1.752561181783676147e-01,2.112601101398468018e-01,2.817966043949127197e-01,9.804949760437011719e-01,9.881758093833923340e-01,1.000000000000000000e+00,4.296456575393676758e-01,2.859580516815185547e-01,2.377786487340927124e-01,2.012365758419036865e-01,1.782635897397994995e-01,1.592213809490203857e-01,1.506826430559158325e-01,1.465491950511932373e-01,1.507610082626342773e-01,1.525526046752929688e-01,1.684507727622985840e-01,1.867431551218032837e-01,2.153034657239913940e-01,2.441035360097885132e-01,2.389680445194244385e-01,8.852117657661437988e-01,4.233239293098449707e-01
1.000000000000000000e+00,9.508798122406005859e-01,8.469484448432922363e-01,3.560541868209838867e-01,2.671571075916290283e-01,2.190898060798645020e-01,1.952739804983139038e-01,1.789667159318923950e-01,1.715579628944396973e-01,1.710526347160339355e-01,1.806517094373703003e-01,1.943853497505187988e-01,2.210565507411956787e-01,2.606791257858276367e-01,3.284865319728851318e-01,4.630569517612457275e-01,6.684677004814147949e-01,6.584208607673645020e-01,6.584208607673645020e-01,6.684677004814147949e-01,6.865471005439758301e-01,5.664011240005493164e-01,3.917651176452636719e-01,2.815912365913391113e-01,2.237809449434280396e-01,1.948301643133163452e-01,1.777533739805221558e-01,1.755482107400894165e-01,1.771435737609863281e-01,1.795703172683715820e-01,2.005230337381362915e-01,2.291325628757476807e-01,2.914109826087951660e-01,4.576980769634246826e-01,7.668355107307434082e-01,7.500000000000000000e-01,7.644180059432983398e-01
6.782922744750976562e-01,6.834835410118103027e-01,6.285241842269897461e-01,5.707567334175109863e-01,5.092265009880065918e-01,3.385430574417114258e-01,2.473738640546798706e-01,2.018340378999710083e-01,1.865915805101394653e-01,1.861173957586288452e-01,1.890615373849868774e-01,2.024896889925003052e-01,2.326467484235763550e-01,2.776685357093811035e-01,3.614552915096282959e-01,5.246118307113647461e-01,9.351574778556823730e-01,9.915028214454650879e-01,9.915028214454650879e-01,1.000000000000000000e+00,5.455847382545471191e-01,2.396627962589263916e-01,1.786066144704818726e-01,1.437976807355880737e-01,1.283758580684661865e-01,1.203831955790519714e-01,1.196468994021415710e-01,1.196468994021415710e-01,1.241771429777145386e-01,1.337693035602569580e-01,1.651092916727066040e-01,2.076604813337326050e-01,2.795714735984802246e-01,3.657689690589904785e-01,5.059623122215270996e-01,4.722222089767456055e-01,6.091096401214599609e-01
9.759098291397094727e-01,1.000000000000000000e+00,5.337498188018798828e-01,3.689323961734771729e-01,2.762446701526641846e-01,2.267646789550781250e-01,1.924116015434265137e-01,1.744196712970733643e-01,1.655965596437454224e-01,1.649915874004364014e-01,1.682590544223785400e-01,1.876758486032485962e-01,1.966949105262756348e-01,1.699673235416412354e-01,1.541283726692199707e-01,1.463633179664611816e-01,1.421267092227935791e-01,1.414213627576828003e-01,1.414213627576828003e-01,1.421267092227935791e-01,1.463633179664611816e-01,1.541283726692199707e-01,1.634353399276733398e-01,1.966949105262756348e-01,1.982142478227615356e-01,1.784501224756240845e-01,1.649915874004364014e-01,1.581138819456100464e-01,1.595131456851959229e-01,1.689838916063308716e-01,1.836058646440505981e-01,2.055345326662063599e-01,2.445858120918273926e-01,2.981424033641815186e-01,4.115283191204071045e-01,1.000000000000000000e+00,1.000000000000000000e+00
2.310786843299865723e-01,2.051950544118881226e-01,1.989257931709289551e-01,1.736697405576705933e-01,1.641707420349121094e-01,1.597761660814285278e-01,1.584111899137496948e-01,1.581825464963912964e-01,1.525923758745193481e-01,1.480986475944519043e-01,1.454685032367706299e-01,1.471998393535614014e-01,1.513220667839050293e-01,1.599271148443222046e-01,1.771090924739837646e-01,2.134937345981597900e-01,2.847760319709777832e-01,8.925611376762390137e-01,9.888139963150024414e-01,1.000000000000000000e+00,4.341882765293121338e-01,2.999211549758911133e-01,2.435342818498611450e-01,2.102480083703994751e-01,1.845808029174804688e-01,1.609048098325729370e-01,1.522757858037948608e-01,1.525923758745193481e-01,1.541655361652374268e-01,1.584111899137496948e-01,1.705150455236434937e-01,1.887175738811492920e-01,2.175798416137695312e-01,2.408443093299865723e-01,2.365991324186325073e-01,8.888888955116271973e-01,4.292846620082855225e-01
1.000000000000000000e+00,9.501090049743652344e-01,8.427830934524536133e-01,3.632230758666992188e-01,2.725361287593841553e-01,2.235010117292404175e-01,1.923026740550994873e-01,1.825700700283050537e-01,1.750121414661407471e-01,1.744966506958007812e-01,1.776939928531646729e-01,1.894710659980773926e-01,2.161240577697753906e-01,2.659277021884918213e-01,3.258318305015563965e-01,4.512144029140472412e-01,6.819267272949218750e-01,6.716776490211486816e-01,6.716776490211486816e-01,6.819267272949218750e-01,7.003701925277709961e-01,5.927736163139343262e-01,3.901863694190979004e-01,2.872608602046966553e-01,2.282865941524505615e-01,1.908921152353286743e-01,1.812080591917037964e-01,1.742383241653442383e-01,1.761665046215057373e-01,1.831858307123184204e-01,2.045604139566421509e-01,2.337459772825241089e-01,2.972783148288726807e-01,4.881368279457092285e-01,7.822751402854919434e-01,7.500000000000000000e-01,7.638595700263977051e-01
6.517160534858703613e-01,6.687143445014953613e-01,6.309447288513183594e-01,5.707567334175109863e-01,5.238955020904541016e-01,4.183419048786163330e-01,2.804393470287322998e-01,2.312179952859878540e-01,2.064869403839111328e-01,2.060585469007492065e-01,2.098826467990875244e-01,2.260974198579788208e-01,2.565795779228210449e-01,3.107806742191314697e-01,4.058512449264526367e-01,5.665611028671264648e-01,9.690340757369995117e-01,9.915028214454650879e-01,9.915028214454650879e-01,1.000000000000000000e+00,3.482572138309478760e-01,1.808193027973175049e-01,1.457811892032623291e-01,1.162758842110633850e-01,1.050990894436836243e-01,9.992706775665283203e-02,9.992706775665283203e-02,1.063527986407279968e-01,1.096259579062461853e-01,1.189060434699058533e-01,1.463860869407653809e-01,1.744771450757980347e-01,2.440472245216369629e-01,3.112069070339202881e-01,4.524390697479248047e-01,4.564947783946990967e-01,6.120314598083496094e-01
8.125255107879638672e-01,1.000000000000000000e+00,5.816059112548828125e-01,4.001717269420623779e-01,3.140091300010681152e-01,2.563090026378631592e-01,2.240645438432693481e-01,2.083132416009902954e-01,1.983083039522171021e-01,2.031128257513046265e-01,2.197186350822448730e-01,2.553667128086090088e-01,2.989151775836944580e-01,2.329659759998321533e-01,1.967828273773193359e-01,1.892895102500915527e-01,1.892895102500915527e-01,1.933844387531280518e-01,2.031128257513046265e-01,2.104003876447677612e-01,2.224447727203369141e-01,2.357945740222930908e-01,3.152542412281036377e-01,3.206565678119659424e-01,2.577744722366333008e-01,2.197186350822448730e-01,1.976232975721359253e-01,1.905588656663894653e-01,1.909538060426712036e-01,2.042963057756423950e-01,2.252717167139053345e-01,2.547168433666229248e-01,3.068743944168090820e-01,3.871193230152130127e-01,6.227176189422607422e-01,1.000000000000000000e+00,1.000000000000000000e+00
2.890251278877258301e-01,3.765206038951873779e-01,2.329079210758209229e-01,2.030102759599685669e-01,1.884903013706207275e-01,1.884903013706207275e-01,2.005192637443542480e-01,2.495055794715881348e-01,2.185504436492919922e-01,1.848696172237396240e-01,1.530736535787582397e-01,1.530736535787582397e-01,1.554330885410308838e-01,1.581960767507553101e-01,1.779918819665908813e-01,2.397283315658569336e-01,4.255285263061523438e-01,9.608091711997985840e-01,9.549288153648376465e-01,1.000000000000000000e+00,9.020292758941650391e-01,4.200354814529418945e-01,3.129221498966217041e-01,2.602491676807403564e-01,2.159176915884017944e-01,1.801212728023529053e-01,1.590700894594192505e-01,1.471862047910690308e-01,1.471862047910690308e-01,1.485924720764160156e-01,1.545384973287582397e-01,1.545384973287582397e-01,1.585243940353393555e-01,1.826058179140090942e-01,2.056397199630737305e-01,7.577482461929321289e-01,4.012666642665863037e-01
6.403002142906188965e-01,1.000000000000000000e+00,7.219750881195068359e-01,6.962794065475463867e-01,3.776105046272277832e-01,2.965216934680938721e-01,2.547520399093627930e-01,2.323320060968399048e-01,2.224526405334472656e-01,2.290862202644348145e-01,2.339380085468292236e-01,2.510508298873901367e-01,2.828427255153656006e-01,3.523046374320983887e-01,4.647311568260192871e-01,8.332033157348632812e-01,8.429204225540161133e-01,8.150303959846496582e-01,8.458396196365356445e-01,8.740316629409790039e-01,9.817364811897277832e-01,5.811924934387207031e-01,3.916443884372711182e-01,2.938793301582336426e-01,2.510508298873901367e-01,2.169135361909866333e-01,1.974881291389465332e-01,1.974881291389465332e-01,1.974881291389465332e-01,2.156150788068771362e-01,2.519192993640899658e-01,3.034898340702056885e-01,3.745408058166503906e-01,4.421617686748504639e-01,5.532488226890563965e-01,7.027027010917663574e-01,6.756990551948547363e-01
2.727435231208801270e-01,3.094717860221862793e-01,2.903386950492858887e-01,2.851741611957550049e-01,2.725921273231506348e-01,2.635057270526885986e-01,2.571628987789154053e-01,2.519737184047698975e-01,2.480105757713317871e-01,2.544193267822265625e-01,2.481769770383834839e-01,2.471769303083419800e-01,2.444901466369628906e-01,2.506596446037292480e-01,2.620919942855834961e-01,2.805036604404449463e-01,3.133163154125213623e-01,3.495609760284423828e-01,4.634066224098205566e-01,9.801531434059143066e-01,1.000000000000000000e+00,9.835167527198791504e-01,6.120352745056152344e-01,4.598295390605926514e-01,3.211243748664855957e-01,2.779905200004577637e-01,2.455011308193206787e-01,2.424555122852325439e-01,2.414317727088928223e-01,2.480105757713317871e-01,3.154173493385314941e-01,4.148020744323730469e-01,3.276149630546569824e-01,2.673936188220977783e-01,2.660005092620849609e-01,1.000000000000000000e+00,4.138519167900085449e-01
5.560026764869689941e-01,1.000000000000000000e+00,9.920808672904968262e-01,9.896103143692016602e-01,8.731301426887512207e-01,3.433501720428466797e-01,2.842897176742553711e-01,2.482453137636184692e-01,2.298787981271743774e-01,2.292016893625259399e-01,2.334014177322387695e-01,2.488706260919570923e-01,2.822321057319641113e-01,3.056305050849914551e-01,2.685458660125732422e-01,2.458862662315368652e-01,2.298787981271743774e-01,2.292016893625259399e-01,2.292016893625259399e-01,2.288623899221420288e-01,2.288623899221420288e-01,2.275000959634780884e-01,2.275000959634780884e-01,2.307223975658416748e-01,2.542764544486999512e-01,3.164979815483093262e-01,2.468325942754745483e-01,2.119377851486206055e-01,2.095408439636230469e-01,2.132172882556915283e-01,2.189712226390838623e-01,2.438232898712158203e-01,2.722818255424499512e-01,3.819237053394317627e-01,4.495015144348144531e-01,9.322415590286254883e-01,1.000000000000000000e+00
2.945810556411743164e-01,3.511741757392883301e-01,3.588847219944000244e-01,3.588847219944000244e-01,3.490239083766937256e-01,3.392799198627471924e-01,3.311131596565246582e-01,3.294554948806762695e-01,3.235868513584136963e-01,3.097555935382843018e-01,2.998767793178558350e-01,2.952771782875061035e-01,2.952771782875061035e-01,3.062001764774322510e-01,3.182555735111236572e-01,3.400858044624328613e-01,3.810814917087554932e-01,6.022587418556213379e-01,1.000000000000000000e+00,9.961601495742797852e-01,9.602701663970947266e-01,9.784147143363952637e-01,5.548235774040222168e-01,3.931037187576293945e-01,3.350172042846679688e-01,3.212519884109497070e-01,3.041819930076599121e-01,3.037317097187042236e-01,3.070929050445556641e-01,3.193289637565612793e-01,4.061193466186523438e-01,5.079439878463745117e-01,3.182555735111236572e-01,2.962028086185455322e-01,2.945810556411743164e-01,1.000000000000000000e+00,1.660909652709960938e-01
9.740970134735107422e-01,9.246096014976501465e-01,1.000000000000000000e+00,9.288395047187805176e-01,7.746269106864929199e-01,3.144465982913970947e-01,2.710805535316467285e-01,2.466722130775451660e-01,2.389617860317230225e-01,2.389617860317230225e-01,2.525322139263153076e-01,2.712962925434112549e-01,3.181461095809936523e-01,3.451377451419830322e-01,3.053850233554840088e-01,2.781117260456085205e-01,2.712962925434112549e-01,2.704322934150695801e-01,2.525322139263153076e-01,2.497365772724151611e-01,2.418820112943649292e-01,2.340138107538223267e-01,2.340138107538223267e-01,2.447673827409744263e-01,2.704322934150695801e-01,3.309454917907714844e-01,2.497365772724151611e-01,2.362532317638397217e-01,2.330116033554077148e-01,2.418820112943649292e-01,2.534572482109069824e-01,2.991915047168731689e-01,3.730005621910095215e-01,4.279329478740692139e-01,6.173442602157592773e-01,8.839860558509826660e-01,1.000000000000000000e+00
3.301286101341247559e-01,3.303549587726593018e-01,3.179016411304473877e-01,3.171954452991485596e-01,3.171954452991485596e-01,3.200108408927917480e-01,3.124467432498931885e-01,3.117281794548034668e-01,3.174310028553009033e-01,3.117281794548034668e-01,3.066512346267700195e-01,3.064073920249938965e-01,3.085951507091522217e-01,3.200108408927917480e-01,3.292216658592224121e-01,3.390646874904632568e-01,3.712657392024993896e-01,4.322892129421234131e-01,9.952045083045959473e-01,1.000000000000000000e+00,9.604217410087585449e-01,9.678645730018615723e-01,7.016414999961853027e-01,4.719679951667785645e-01,3.774555921554565430e-01,3.477712273597717285e-01,3.301286101341247559e-01,3.143548369407653809e-01,3.209438025951385498e-01,3.503410220146179199e-01,4.244366884231567383e-01,3.827652037143707275e-01,3.479861021041870117e-01,3.337317705154418945e-01,3.321602046489715576e-01,1.000000000000000000e+00,1.714985817670822144e-01
9.840102791786193848e-01,9.761329293251037598e-01,1.000000000000000000e+00,9.749818444252014160e-01,8.911096453666687012e-01,3.611153066158294678e-01,2.969052493572235107e-01,2.701716125011444092e-01,2.609209418296813965e-01,2.606517970561981201e-01,2.765899002552032471e-01,2.971415519714355469e-01,3.484545052051544189e-01,3.943736851215362549e-01,3.454200327396392822e-01,3.161389827728271484e-01,3.089530467987060547e-01,2.961952388286590576e-01,2.765899002552032471e-01,2.622624337673187256e-01,2.543832361698150635e-01,2.465369403362274170e-01,2.465369403362274170e-01,2.518878877162933350e-01,2.961952388286590576e-01,2.999625802040100098e-01,2.617266476154327393e-01,2.557590603828430176e-01,2.587600648403167725e-01,2.763360142707824707e-01,2.942934632301330566e-01,3.276942074298858643e-01,3.820803463459014893e-01,4.271788299083709717e-01,5.925089120864868164e-01,8.442712426185607910e-01,1.000000000000000000e+00
3.063889741897583008e-01,2.963854372501373291e-01,2.961541414260864258e-01,2.961541414260864258e-01,3.246317505836486816e-01,3.840024173259735107e-01,4.152103364467620850e-01,4.398910999298095703e-01,4.228955209255218506e-01,3.675921857357025146e-01,3.370583653450012207e-01,3.184517920017242432e-01,3.063889741897583008e-01,2.954592108726501465e-01,2.954592108726501465e-01,2.984588742256164551e-01,3.039189577102661133e-01,3.195258378982543945e-01,3.394891023635864258e-01,3.891427814960479736e-01,9.700178503990173340e-01,1.000000000000000000e+00,9.950542449951171875e-01,7.660394906997680664e-01,5.916137695312500000e-01,4.431501626968383789e-01,3.629021346569061279e-01,3.184517920017242432e-01,3.092826306819915771e-01,3.090610206127166748e-01,3.145548701286315918e-01,3.237863481044769287e-01,3.775239288806915283e-01,4.370782673358917236e-01,3.630909025669097900e-01,1.000000000000000000e+00,7.002499103546142578e-01
4.793531298637390137e-01,6.157183051109313965e-01,9.602839946746826172e-01,8.977215290069580078e-01,9.612406492233276367e-01,1.000000000000000000e+00,3.263579607009887695e-01,2.729516327381134033e-01,2.497836500406265259e-01,2.495671063661575317e-01,2.530095577239990234e-01,2.703643441200256348e-01,3.058328628540039062e-01,3.456664383411407471e-01,3.167743980884552002e-01,2.774700224399566650e-01,2.607962787151336670e-01,2.495671063661575317e-01,2.495671063661575317e-01,2.471725940704345703e-01,2.418659478425979614e-01,2.393944263458251953e-01,2.393944263458251953e-01,2.427584379911422729e-01,2.538628876209259033e-01,3.128242194652557373e-01,2.809554934501647949e-01,2.301834672689437866e-01,2.280597388744354248e-01,2.249567359685897827e-01,2.290060520172119141e-01,2.504321634769439697e-01,2.799916565418243408e-01,3.359899818897247314e-01,4.241825044155120850e-01,8.836718797683715820e-01,1.000000000000000000e+00
3.387493491172790527e-01,3.166567385196685791e-01,3.166567385196685791e-01,3.234430253505706787e-01,4.091708958148956299e-01,4.961389303207397461e-01,5.443248748779296875e-01,5.403199791908264160e-01,4.457948207855224609e-01,3.826556503772735596e-01,3.497898578643798828e-01,3.284407258033752441e-01,3.234430253505706787e-01,3.234430253505706787e-01,3.284407258033752441e-01,3.309112489223480225e-01,3.531371951103210449e-01,3.959066569805145264e-01,4.845112264156341553e-01,9.867905974388122559e-01,1.000000000000000000e+00,9.598265290260314941e-01,9.525389075279235840e-01,7.374899387359619141e-01,5.535569787025451660e-01,3.826556503772735596e-01,3.632433116436004639e-01,3.642385005950927734e-01,3.738027513027191162e-01,3.330919146537780762e-01,3.330919146537780762e-01,4.013551771640777588e-01,4.724059998989105225e-01,4.247969985008239746e-01,3.769369423389434814e-01,1.000000000000000000e+00,8.009864687919616699e-01
6.975212693214416504e-01,9.135866165161132812e-01,8.717048168182373047e-01,8.619782924652099609e-01,1.000000000000000000e+00,9.459235072135925293e-01,3.120667040348052979e-01,2.497057020664215088e-01,2.403700798749923706e-01,2.400980144739151001e-01,2.425356209278106689e-01,2.569300830364227295e-01,2.885619103908538818e-01,3.315639197826385498e-01,3.333333432674407959e-01,2.939476668834686279e-01,2.753488719463348389e-01,2.743977308273315430e-01,2.669116556644439697e-01,2.639568150043487549e-01,2.556549906730651855e-01,2.446819990873336792e-01,2.425356209278106689e-01,2.425356209278106689e-01,2.446819990873336792e-01,2.659303545951843262e-01,3.429971635341644287e-01,3.001089096069335938e-01,2.867441773414611816e-01,2.921634316444396973e-01,3.001089096069335938e-01,3.339210450649261475e-01,3.687108755111694336e-01,4.161761701107025146e-01,4.776029586791992188e-01,8.670017123222351074e-01,1.000000000000000000e+00
5.437759757041931152e-01,5.062683820724487305e-01,4.886401891708374023e-01,4.634320139884948730e-01,4.492729306221008301e-01,4.492729306221008301e-01,4.590961039066314697e-01,4.560701847076416016e-01,4.213531315326690674e-01,4.049691259860992432e-01,3.882901370525360107e-01,3.922322690486907959e-01,4.000000059604644775e-01,4.217180907726287842e-01,4.526843130588531494e-01,5.574668049812316895e-01,9.276936054229736328e-01,1.000000000000000000e+00,7.963377833366394043e-01,7.107958793640136719e-01,6.750498414039611816e-01,6.750498414039611816e-01,6.950373649597167969e-01,4.670694172382354736e-01,4.399300515651702881e-01,4.385290145874023438e-01,4.049691259860992432e-01,4.049691259860992432e-01,4.217180907726287842e-01,6.356099247932434082e-01,4.986134767532348633e-01,4.914656281471252441e-01,5.026085972785949707e-01,6.056147813796997070e-01,5.440587997436523438e-01,1.000000000000000000e+00,1.000000000000000000e+00
4.229511022567749023e-01,4.167328774929046631e-01,3.917422294616699219e-01,3.850203156471252441e-01,3.742567300796508789e-01,3.628616333007812500e-01,3.555941879749298096e-01,3.571866452693939209e-01,3.727371990680694580e-01,3.665961623191833496e-01,3.504496812820434570e-01,3.504496812820434570e-01,3.530313074588775635e-01,3.622354567050933838e-01,3.888339400291442871e-01,4.178209602832794189e-01,4.907776117324829102e-01,7.756217718124389648e-01,1.000000000000000000e+00,9.026383161544799805e-01,7.834844589233398438e-01,7.682697176933288574e-01,7.469955086708068848e-01,5.605251193046569824e-01,3.778786659240722656e-01,3.665961623191833496e-01,3.616082072257995605e-01,3.619219660758972168e-01,3.954910337924957275e-01,4.098669588565826416e-01,4.156419336795806885e-01,4.282848536968231201e-01,4.449234306812286377e-01,4.532641172409057617e-01,4.522612988948822021e-01,1.000000000000000000e+00,1.000000000000000000e+00
3.618804812431335449e-01,3.236757516860961914e-01,2.994197905063629150e-01,2.862229347229003906e-01,2.563073039054870605e-01,2.432427257299423218e-01,2.338837087154388428e-01,2.362582236528396606e-01,2.405803799629211426e-01,2.502038776874542236e-01,2.446507960557937622e-01,2.391483336687088013e-01,2.373461425304412842e-01,2.425356209278106689e-01,2.520844936370849609e-01,2.776952385902404785e-01,3.018477559089660645e-01,3.565012812614440918e-01,5.375548601150512695e-01,9.850754141807556152e-01,9.963436722755432129e-01,1.000000000000000000e+00,5.779696702957153320e-01,3.836503922939300537e-01,2.945038378238677979e-01,2.544578909873962402e-01,2.409370541572570801e-01,2.316702455282211304e-01,2.316702455282211304e-01,2.448262423276901245e-01,2.824477553367614746e-01,3.560191988945007324e-01,4.045681655406951904e-01,3.327029943466186523e-01,3.327029943466186523e-01,1.000000000000000000e+00,5.535482764244079590e-01
4.888547360897064209e-01,9.715380668640136719e-01,1.000000000000000000e+00,9.117117524147033691e-01,7.984801530838012695e-01,3.214842975139617920e-01,2.454007416963577271e-01,2.248091101646423340e-01,2.142848372459411621e-01,2.141136229038238525e-01,2.168369591236114502e-01,2.339234203100204468e-01,2.638380229473114014e-01,2.969316542148590088e-01,2.609025239944458008e-01,2.471876591444015503e-01,2.326657474040985107e-01,2.142848372459411621e-01,2.142848372459411621e-01,2.147976905107498169e-01,2.201937586069107056e-01,2.306074202060699463e-01,2.423932552337646484e-01,2.483717948198318481e-01,2.660528719425201416e-01,2.620246708393096924e-01,2.314012497663497925e-01,2.141136229038238525e-01,2.069715708494186401e-01,2.071487009525299072e-01,2.120481729507446289e-01,2.248091101646423340e-01,2.570790350437164307e-01,3.117541372776031494e-01,4.098472595214843750e-01,9.629629850387573242e-01,1.000000000000000000e+00
3.612098991870880127e-01,3.475048840045928955e-01,3.312732279300689697e-01,3.241958320140838623e-01,3.205985128879547119e-01,3.151256144046783447e-01,3.151256144046783447e-01,3.345392346382141113e-01,3.259795904159545898e-01,3.048368096351623535e-01,2.909677326679229736e-01,2.909677326679229736e-01,3.010082542896270752e-01,3.151256144046783447e-01,3.373441994190216064e-01,3.608083426952362061e-01,4.151732325553894043e-01,1.000000000000000000e+00,9.669067263603210449e-01,9.660067558288574219e-01,9.502711892127990723e-01,9.370595812797546387e-01,5.369771122932434082e-01,3.709125220775604248e-01,3.288575410842895508e-01,3.125851452350616455e-01,3.130486011505126953e-01,2.951723337173461914e-01,3.010082542896270752e-01,5.348129868507385254e-01,4.625743925571441650e-01,4.093712270259857178e-01,4.093712270259857178e-01,4.038449525833129883e-01,3.734443783760070801e-01,1.000000000000000000e+00,3.796215057373046875e-01
9.875594377517700195e-01,1.000000000000000000e+00,9.762142300605773926e-01,9.241693019866943359e-01,7.308843135833740234e-01,3.619009554386138916e-01,2.998175024986267090e-01,2.587801516056060791e-01,2.499195039272308350e-01,2.499195039272308350e-01,2.649278044700622559e-01,2.950547635555267334e-01,3.495927155017852783e-01,3.525274395942687988e-01,3.055612444877624512e-01,2.671063244342803955e-01,2.619949281215667725e-01,2.496617138385772705e-01,2.496617138385772705e-01,2.499195039272308350e-01,2.560284137725830078e-01,2.519722580909729004e-01,2.499195039272308350e-01,2.567818164825439453e-01,2.678285539150238037e-01,2.873149812221527100e-01,2.499195039272308350e-01,2.425980865955352783e-01,2.436574697494506836e-01,2.436574697494506836e-01,2.658982276916503906e-01,2.978782951831817627e-01,3.659703731536865234e-01,4.130828976631164551e-01,6.810846924781799316e-01,8.560488820075988770e-01,1.000000000000000000e+00
2.798681557178497314e-01,2.798681557178497314e-01,2.827288806438446045e-01,3.386732637882232666e-01,3.361291885375976562e-01,3.443286716938018799e-01,3.449513316154479980e-01,3.603169918060302734e-01,3.535533845424652100e-01,3.252598941326141357e-01,2.829185724258422852e-01,2.673185765743255615e-01,2.653040885925292969e-01,2.711048722267150879e-01,2.758132815361022949e-01,2.779446244239807129e-01,2.948048114776611328e-01,3.150379657745361328e-01,3.523373901844024658e-01,4.278401732444763184e-01,9.597589969635009766e-01,9.822458028793334961e-01,1.000000000000000000e+00,6.923865675926208496e-01,5.234828591346740723e-01,3.595717549324035645e-01,3.211099207401275635e-01,2.718952596187591553e-01,2.547825872898101807e-01,2.528803944587707520e-01,2.718952596187591553e-01,3.236062824726104736e-01,3.803093433380126953e-01,3.372445702552795410e-01,3.005717098712921143e-01,1.000000000000000000e+00,7.138531804084777832e-01
4.685212969779968262e-01,6.553160548210144043e-01,9.490183591842651367e-01,9.262446761131286621e-01,1.000000000000000000e+00,9.506170749664306641e-01,3.274769484996795654e-01,2.650070190429687500e-01,2.437410503625869751e-01,2.346148490905761719e-01,2.370294779539108276e-01,2.532881498336791992e-01,3.001059591770172119e-01,3.309363126754760742e-01,3.057451844215393066e-01,2.811667919158935547e-01,2.540363967418670654e-01,2.435462921857833862e-01,2.370294779539108276e-01,2.370294779539108276e-01,2.388244271278381348e-01,2.406059801578521729e-01,2.623073756694793701e-01,2.755411863327026367e-01,2.809979617595672607e-01,2.967669367790222168e-01,2.826816141605377197e-01,2.410001009702682495e-01,2.265896946191787720e-01,2.272170782089233398e-01,2.282588779926300049e-01,2.557120025157928467e-01,2.706762552261352539e-01,3.147688508033752441e-01,4.089257419109344482e-01,9.372607469558715820e-01,1.000000000000000000e+00
3.648107349872589111e-01,3.418505191802978516e-01,3.238008618354797363e-01,3.041777908802032471e-01,2.802824079990386963e-01,2.726681530475616455e-01,2.698287665843963623e-01,2.765943109989166260e-01,2.844645977020263672e-01,2.765943109989166260e-01,2.675355672836303711e-01,2.589534521102905273e-01,2.583579421043395996e-01,2.652225196361541748e-01,2.756645977497100830e-01,2.901830375194549561e-01,3.173946738243103027e-01,3.683125674724578857e-01,6.081023216247558594e-01,9.958323240280151367e-01,1.000000000000000000e+00,9.315227866172790527e-01,6.320332288742065430e-01,4.621647000312805176e-01,3.581346571445465088e-01,3.100295066833496094e-01,2.636692225933074951e-01,2.436290234327316284e-01,2.436290234327316284e-01,2.677274048328399658e-01,2.533407807350158691e-01,2.450998574495315552e-01,2.450998574495315552e-01,2.541501820087432861e-01,3.856109976768493652e-01,1.000000000000000000e+00,7.342959046363830566e-01
6.061754822731018066e-01,8.214967250823974609e-01,1.000000000000000000e+00,9.284886717796325684e-01,8.614000082015991211e-01,3.743335604667663574e-01,2.884884178638458252e-01,2.522757947444915771e-01,2.308627665042877197e-01,2.212605178356170654e-01,2.243697196245193481e-01,2.373727709054946899e-01,2.692779600620269775e-01,3.194825351238250732e-01,3.571600019931793213e-01,3.287448287010192871e-01,2.993310987949371338e-01,2.883282899856567383e-01,2.802047133445739746e-01,2.798748910427093506e-01,2.793793678283691406e-01,2.480293661355972290e-01,2.446546554565429688e-01,2.446546554565429688e-01,2.480293661355972290e-01,2.544631958007812500e-01,2.314621508121490479e-01,2.127472907304763794e-01,2.107844352722167969e-01,2.079164832830429077e-01,2.116590589284896851e-01,2.314621508121490479e-01,2.838077247142791748e-01,3.465274572372436523e-01,4.034307003021240234e-01,8.903965353965759277e-01,1.000000000000000000e+00
5.362585186958312988e-01,5.141143798828125000e-01,5.134812593460083008e-01,5.191517472267150879e-01,4.720558226108551025e-01,4.247162044048309326e-01,4.069180488586425781e-01,3.912261426448822021e-01,3.707331418991088867e-01,3.591448664665222168e-01,3.434014022350311279e-01,3.367049098014831543e-01,3.367049098014831543e-01,3.518239557743072510e-01,3.678703010082244873e-01,4.053159952163696289e-01,4.397683739662170410e-01,5.663521289825439453e-01,1.000000000000000000e+00,8.692124485969543457e-01,8.270201086997985840e-01,8.071129918098449707e-01,5.687880516052246094e-01,4.642383456230163574e-01,4.053159952163696289e-01,3.776877224445343018e-01,3.571010231971740723e-01,3.376697003841400146e-01,3.469356596469879150e-01,4.461940526962280273e-01,3.367049098014831543e-01,3.367049098014831543e-01,3.434014022350311279e-01,4.478314816951751709e-01,4.827876687049865723e-01,1.000000000000000000e+00,7.741799354553222656e-01
8.103396296501159668e-01,9.983225464820861816e-01,1.000000000000000000e+00,8.759390711784362793e-01,7.199837565422058105e-01,2.872025966644287109e-01,2.055730223655700684e-01,1.804526299238204956e-01,1.750647574663162231e-01,1.655756682157516479e-01,1.655756682157516479e-01,1.730010658502578735e-01,1.821036487817764282e-01,2.090379744768142700e-01,2.582297921180725098e-01,3.180585801601409912e-01,3.189981877803802490e-01,2.628249824047088623e-01,2.231646627187728882e-01,1.972515583038330078e-01,1.860063076019287109e-01,1.794547289609909058e-01,1.781154870986938477e-01,1.781154870986938477e-01,1.863278448581695557e-01,2.499850392341613770e-01,2.516556084156036377e-01,2.518933415412902832e-01,2.499850392341613770e-01,2.593862414360046387e-01,2.872025966644287109e-01,3.264177441596984863e-01,4.261588752269744873e-01,5.985936522483825684e-01,7.806163430213928223e-01,5.882090330123901367e-01,1.000000000000000000e+00
3.088896870613098145e-01,3.259988129138946533e-01,3.306929171085357666e-01,3.220348060131072998e-01,3.118456304073333740e-01,2.852972149848937988e-01,2.688746452331542969e-01,2.519647479057312012e-01,2.404887974262237549e-01,2.400305718183517456e-01,2.386506348848342896e-01,2.352433800697326660e-01,2.381888777017593384e-01,2.426157146692276001e-01,2.519647479057312012e-01,2.758805751800537109e-01,2.954082787036895752e-01,3.465160727500915527e-01,4.712661206722259521e-01,9.662563800811767578e-01,9.942587614059448242e-01,1.000000000000000000e+00,5.649713873863220215e-01,4.027428925037384033e-01,3.219208419322967529e-01,2.705075144767761230e-01,2.484447062015533447e-01,2.330491989850997925e-01,2.330491989850997925e-01,2.571544945240020752e-01,2.973892390727996826e-01,3.599184453487396240e-01,3.359772861003875732e-01,2.873478829860687256e-01,2.873478829860687256e-01,1.000000000000000000e+00,5.484883785247802734e-01
5.327992439270019531e-01,9.730349779129028320e-01,1.000000000000000000e+00,9.949382543563842773e-01,8.154782056808471680e-01,2.982012033462524414e-01,2.384604066610336304e-01,2.085275799036026001e-01,1.987655162811279297e-01,1.986066997051239014e-01,2.011328041553497314e-01,2.169817984104156494e-01,2.447298765182495117e-01,2.467842996120452881e-01,2.242761254310607910e-01,2.119795083999633789e-01,1.992412209510803223e-01,1.986066997051239014e-01,1.986066997051239014e-01,1.992412209510803223e-01,2.042464911937713623e-01,2.131670713424682617e-01,2.139059603214263916e-01,2.191523909568786621e-01,2.512198090553283691e-01,2.508426904678344727e-01,2.144952267408370972e-01,1.965303272008895874e-01,1.888330876827239990e-01,1.921462118625640869e-01,1.973315179347991943e-01,2.085275799036026001e-01,2.384604066610336304e-01,2.789558172225952148e-01,3.879699409008026123e-01,8.833378553390502930e-01,1.000000000000000000e+00
3.609759509563446045e-01,3.715446889400482178e-01,3.615325987339019775e-01,3.409217298030853271e-01,3.210241496562957764e-01,3.056212961673736572e-01,2.976211011409759521e-01,2.823659777641296387e-01,2.823659777641296387e-01,3.009803593158721924e-01,3.054567873477935791e-01,2.949061393737792969e-01,2.839637994766235352e-01,2.787825167179107666e-01,2.809380888938903809e-01,2.793229520320892334e-01,2.823659777641296387e-01,2.950765788555145264e-01,3.310465216636657715e-01,3.843144178390502930e-01,9.734562635421752930e-01,1.000000000000000000e+00,9.975840449333190918e-01,7.062531113624572754e-01,5.022571086883544922e-01,3.697815537452697754e-01,3.308946192264556885e-01,3.322591483592987061e-01,3.097062408924102783e-01,2.839637994766235352e-01,2.839637994766235352e-01,3.351215422153472900e-01,3.932366073131561279e-01,3.677366375923156738e-01,3.615325987339019775e-01,1.000000000000000000e+00,6.747840046882629395e-01
4.450398683547973633e-01,7.288548946380615234e-01,9.501461982727050781e-01,1.000000000000000000e+00,9.632463455200195312e-01,8.654083609580993652e-01,2.845171988010406494e-01,2.379578351974487305e-01,2.268180251121520996e-01,2.266367822885513306e-01,2.295194119215011597e-01,2.476052343845367432e-01,2.774982154369354248e-01,3.013502359390258789e-01,2.845171988010406494e-01,2.528600394725799561e-01,2.363985776901245117e-01,2.266367822885513306e-01,2.266367822885513306e-01,2.266367822885513306e-01,2.266367822885513306e-01,2.357022613286972046e-01,2.435897439718246460e-01,2.435897439718246460e-01,2.466074824333190918e-01,2.559290230274200439e-01,2.810296118259429932e-01,2.552860081195831299e-01,2.316578328609466553e-01,2.288021594285964966e-01,2.311250865459442139e-01,2.379578351974487305e-01,2.597538530826568604e-01,3.013502359390258789e-01,3.805339038372039795e-01,8.634989261627197266e-01,1.000000000000000000e+00
3.283006548881530762e-01,3.008284270763397217e-01,2.995929718017578125e-01,2.852609157562255859e-01,2.690691053867340088e-01,2.560737729072570801e-01,2.511009871959686279e-01,2.503613531589508057e-01,2.619448304176330566e-01,2.596694529056549072e-01,2.550578713417053223e-01,2.503613531589508057e-01,2.557839155197143555e-01,2.619448304176330566e-01,2.723572552204132080e-01,2.929581701755523682e-01,3.324543833732604980e-01,4.251739978790283203e-01,1.000000000000000000e+00,9.883604049682617188e-01,9.324805736541748047e-01,8.685591816902160645e-01,4.699248075485229492e-01,3.565696477890014648e-01,3.043828308582305908e-01,2.719483971595764160e-01,2.606673836708068848e-01,2.768146693706512451e-01,3.268287181854248047e-01,3.944011330604553223e-01,3.793497681617736816e-01,3.664191961288452148e-01,3.568815588951110840e-01,3.428890109062194824e-01,3.363364040851593018e-01,1.000000000000000000e+00,6.793577075004577637e-01
9.606744647026062012e-01,1.000000000000000000e+00,9.868721365928649902e-01,9.032528400421142578e-01,7.539520859718322754e-01,3.081643879413604736e-01,2.352331578731536865e-01,2.154946774244308472e-01,2.054064720869064331e-01,1.977156102657318115e-01,1.997504681348800659e-01,2.134520411491394043e-01,2.300179749727249146e-01,2.729028761386871338e-01,3.050870597362518311e-01,2.808147370815277100e-01,2.647546529769897461e-01,2.464275956153869629e-01,2.335077077150344849e-01,2.289901226758956909e-01,2.093069404363632202e-01,2.004241645336151123e-01,1.973744183778762817e-01,1.973744183778762817e-01,2.118673622608184814e-01,2.254304736852645874e-01,2.134520411491394043e-01,1.895354986190795898e-01,1.873897463083267212e-01,1.873897463083267212e-01,1.923592686653137207e-01,2.102707475423812866e-01,2.464275956153869629e-01,2.988373637199401855e-01,4.186138808727264404e-01,8.156464695930480957e-01,1.000000000000000000e+00
4.125269353389739990e-01,3.973761200904846191e-01,3.700821995735168457e-01,3.590324819087982178e-01,3.495872020721435547e-01,3.463815450668334961e-01,3.478099107742309570e-01,3.626391887664794922e-01,3.672243654727935791e-01,3.569551110267639160e-01,3.486996889114379883e-01,3.386007547378540039e-01,3.429652750492095947e-01,3.543412983417510986e-01,3.859839737415313721e-01,4.183448255062103271e-01,4.970163702964782715e-01,7.167691588401794434e-01,9.930971264839172363e-01,1.000000000000000000e+00,9.857688546180725098e-01,6.549646258354187012e-01,4.965173602104187012e-01,4.141761660575866699e-01,3.685719966888427734e-01,3.380512297153472900e-01,3.386007547378540039e-01,3.578221499919891357e-01,3.626391887664794922e-01,3.799968659877777100e-01,4.015648663043975830e-01,4.208556711673736572e-01,4.682534337043762207e-01,5.109121799468994141e-01,4.576783776283264160e-01,1.000000000000000000e+00,7.128941416740417480e-01
1.000000000000000000e+00,9.395986199378967285e-01,8.897601962089538574e-01,8.348528146743774414e-01,6.777204871177673340e-01,2.821168601512908936e-01,2.216911613941192627e-01,2.017298787832260132e-01,1.859857589006423950e-01,1.857752501964569092e-01,1.876613348722457886e-01,2.019237577915191650e-01,2.110205143690109253e-01,2.377043664455413818e-01,1.987990289926528931e-01,1.891153007745742798e-01,1.859857589006423950e-01,1.857752501964569092e-01,1.804326921701431274e-01,1.804326921701431274e-01,1.804326921701431274e-01,1.821593642234802246e-01,1.821593642234802246e-01,1.880778968334197998e-01,2.211610078811645508e-01,2.065222263336181641e-01,1.866158694028854370e-01,1.847191005945205688e-01,1.823740452527999878e-01,1.899411380290985107e-01,2.072787284851074219e-01,2.322085350751876831e-01,2.852891385555267334e-01,4.225043654441833496e-01,7.722795605659484863e-01,6.760106086730957031e-01,1.000000000000000000e+00
3.692165911197662354e-01,3.409284353256225586e-01,3.360655605792999268e-01,3.153341710567474365e-01,3.033894300460815430e-01,2.840610444545745850e-01,2.502350509166717529e-01,2.421850264072418213e-01,2.445317059755325317e-01,2.389734387397766113e-01,2.314031869173049927e-01,2.296545207500457764e-01,2.296545207500457764e-01,2.377049177885055542e-01,2.410728037357330322e-01,2.604958713054656982e-01,2.904925346374511719e-01,3.396450579166412354e-01,4.508941769599914551e-01,1.000000000000000000e+00,9.833674430847167969e-01,9.605214595794677734e-01,5.405487418174743652e-01,3.918170034885406494e-01,3.189356923103332520e-01,2.684973776340484619e-01,2.378461956977844238e-01,2.331387251615524292e-01,2.410728037357330322e-01,2.572517096996307373e-01,2.961047887802124023e-01,3.623284697532653809e-01,3.137321174144744873e-01,3.085496723651885986e-01,3.263283371925354004e-01,1.000000000000000000e+00,6.212185621261596680e-01
5.662203431129455566e-01,9.292076230049133301e-01,1.000000000000000000e+00,9.515671133995056152e-01,8.015378117561340332e-01,2.938122153282165527e-01,2.264328598976135254e-01,2.052073478698730469e-01,1.887401193380355835e-01,1.816732734441757202e-01,1.835430264472961426e-01,1.961328685283660889e-01,2.323860973119735718e-01,2.882394790649414062e-01,2.800281345844268799e-01,2.653150558471679688e-01,2.582502961158752441e-01,2.489378750324249268e-01,2.432728856801986694e-01,2.290564328432083130e-01,2.160150259733200073e-01,2.052073478698730469e-01,2.052073478698730469e-01,2.080987095832824707e-01,2.280605435371398926e-01,2.381906062364578247e-01,2.113546878099441528e-01,1.866176724433898926e-01,1.754590123891830444e-01,1.759448200464248657e-01,1.816732734441757202e-01,1.980097889900207520e-01,2.264328598976135254e-01,2.745901644229888916e-01,3.772540390491485596e-01,8.591025471687316895e-01,1.000000000000000000e+00
3.426086306571960449e-01,3.117422461509704590e-01,2.951775491237640381e-01,2.726888358592987061e-01,2.571326494216918945e-01,2.557198107242584229e-01,2.571326494216918945e-01,2.562505304813385010e-01,2.481705546379089355e-01,2.301832586526870728e-01,2.227850705385208130e-01,2.262142747640609741e-01,2.323372960090637207e-01,2.557198107242584229e-01,2.799006104469299316e-01,3.363388478755950928e-01,4.340377151966094971e-01,1.000000000000000000e+00,9.753784537315368652e-01,9.579984545707702637e-01,9.360011816024780273e-01,5.175132155418395996e-01,3.770905137062072754e-01,2.931763231754302979e-01,2.599352598190307617e-01,2.519734501838684082e-01,2.379226535558700562e-01,2.381129264831542969e-01,2.498074620962142944e-01,3.329557478427886963e-01,4.374672472476959229e-01,3.107237219810485840e-01,3.064680397510528564e-01,3.163566291332244873e-01,3.526395857334136963e-01,1.000000000000000000e+00,5.514591336250305176e-01
9.357526898384094238e-01,1.000000000000000000e+00,8.989287614822387695e-01,7.579804658889770508e-01,3.584645688533782959e-01,2.815116643905639648e-01,2.409428507089614868e-01,2.206865698099136353e-01,2.120429426431655884e-01,2.118591070175170898e-01,2.234935164451599121e-01,2.411044985055923462e-01,2.719374299049377441e-01,2.938365340232849121e-01,2.689118087291717529e-01,2.355460971593856812e-01,2.213916480541229248e-01,2.206865698099136353e-01,2.164079099893569946e-01,2.122265994548797607e-01,2.053215503692626953e-01,2.014905810356140137e-01,2.032234519720077515e-01,2.122265994548797607e-01,2.350493371486663818e-01,2.891583740711212158e-01,2.383414953947067261e-01,2.122265994548797607e-01,2.092685997486114502e-01,2.092685997486114502e-01,2.185577154159545898e-01,2.317103892564773560e-01,2.846771180629730225e-01,3.853872716426849365e-01,5.748027563095092773e-01,9.615384340286254883e-01,1.000000000000000000e+00
2.624743580818176270e-01,2.626416981220245361e-01,2.732991874217987061e-01,2.724941670894622803e-01,2.664615511894226074e-01,2.651391625404357910e-01,2.654703557491302490e-01,2.757000923156738281e-01,2.729774713516235352e-01,2.812225520610809326e-01,2.757000923156738281e-01,2.681053876876831055e-01,2.585956454277038574e-01,2.585956454277038574e-01,2.626416981220245361e-01,2.724941670894622803e-01,2.820026278495788574e-01,3.128754198551177979e-01,3.282268345355987549e-01,4.255669116973876953e-01,9.663949012756347656e-01,1.000000000000000000e+00,9.899317622184753418e-01,6.265928745269775391e-01,4.695471525192260742e-01,3.254036307334899902e-01,2.813787162303924561e-01,2.433653920888900757e-01,2.371476739645004272e-01,2.558627128601074219e-01,3.121725022792816162e-01,3.469677865505218506e-01,3.587960600852966309e-01,3.051980733871459961e-01,2.720100283622741699e-01,1.000000000000000000e+00,6.993673443794250488e-01
4.767728149890899658e-01,6.370656490325927734e-01,9.948920011520385742e-01,1.000000000000000000e+00,9.916038513183593750e-01,8.974601030349731445e-01,3.137114942073822021e-01,2.744727730751037598e-01,2.526639103889465332e-01,2.349826842546463013e-01,2.362763434648513794e-01,2.548946142196655273e-01,2.874910533428192139e-01,3.434002101421356201e-01,2.928932309150695801e-01,2.784109115600585938e-01,2.628014981746673584e-01,2.519735693931579590e-01,2.519735693931579590e-01,2.490182816982269287e-01,2.490182816982269287e-01,2.538674771785736084e-01,2.507609128952026367e-01,2.442510873079299927e-01,2.538674771785736084e-01,3.015376031398773193e-01,2.614725232124328613e-01,2.399340867996215820e-01,2.295455634593963623e-01,2.333088666200637817e-01,2.379292845726013184e-01,2.521463334560394287e-01,2.801261246204376221e-01,3.189426958560943604e-01,4.191255867481231689e-01,9.483501315116882324e-01,1.000000000000000000e+00
2.856930196285247803e-01,2.771186828613281250e-01,2.538942992687225342e-01,2.489178180694580078e-01,2.362702935934066772e-01,2.134863138198852539e-01,2.078300416469573975e-01,2.037772536277770996e-01,2.099689990282058716e-01,2.315584272146224976e-01,2.437176108360290527e-01,2.555315792560577393e-01,2.674920260906219482e-01,2.788332700729370117e-01,3.019152581691741943e-01,3.526992797851562500e-01,4.380610883235931396e-01,6.213843822479248047e-01,1.000000000000000000e+00,9.904518723487854004e-01,9.431881308555603027e-01,4.990906119346618652e-01,2.731124460697174072e-01,2.162589877843856812e-01,2.037772536277770996e-01,2.037772536277770996e-01,2.119458913803100586e-01,2.320724278688430786e-01,2.422464638948440552e-01,2.594648599624633789e-01,3.167454302310943604e-01,3.246408998966217041e-01,3.027035295963287354e-01,3.027035295963287354e-01,3.014215230941772461e-01,1.000000000000000000e+00,6.107625961303710938e-01
9.892034530639648438e-01,1.000000000000000000e+00,9.363071918487548828e-01,8.193957209587097168e-01,4.191394150257110596e-01,3.006927073001861572e-01,2.363026142120361328e-01,2.063423842191696167e-01,1.910760700702667236e-01,1.845000535249710083e-01,1.855157911777496338e-01,2.001341879367828369e-01,2.257277518510818481e-01,2.592710554599761963e-01,2.626657485961914062e-01,2.416942417621612549e-01,2.282116115093231201e-01,2.198229879140853882e-01,2.198229879140853882e-01,2.155062705278396606e-01,2.031959444284439087e-01,1.972971707582473755e-01,1.968885511159896851e-01,1.968885511159896851e-01,2.155062705278396606e-01,2.471854984760284424e-01,2.126218527555465698e-01,1.831858307123184204e-01,1.770754158496856689e-01,1.809742450714111328e-01,1.917772740125656128e-01,2.026667892932891846e-01,2.263216227293014526e-01,3.198993206024169922e-01,4.253699481487274170e-01,9.068943858146667480e-01,1.000000000000000000e+00
1.000000000000000000e+00,9.350185394287109375e-01,8.536114692687988281e-01,7.352531552314758301e-01,6.354142427444458008e-01,3.856060206890106201e-01,2.783749103546142578e-01,2.290048897266387939e-01,1.999506354331970215e-01,1.917601674795150757e-01,1.917601674795150757e-01,1.939993202686309814e-01,1.943170875310897827e-01,2.279246747493743896e-01,2.621669173240661621e-01,2.980688214302062988e-01,4.181529879570007324e-01,7.495474219322204590e-01,8.682311177253723145e-01,8.627420067787170410e-01,8.478094339370727539e-01,8.156901597976684570e-01,8.354941010475158691e-01,4.754589498043060303e-01,3.778478503227233887e-01,3.507501482963562012e-01,3.334361612796783447e-01,3.289653062820434570e-01,3.229078650474548340e-01,3.238618075847625732e-01,3.302755355834960938e-01,3.712588846683502197e-01,4.672122299671173096e-01,9.801207780838012695e-01,9.948658943176269531e-01,5.710076093673706055e-01,8.164613246917724609e-01
3.593311309814453125e-01,3.593311309814453125e-01,5.339350700378417969e-01,5.038295984268188477e-01,4.660816788673400879e-01,4.321134090423583984e-01,4.206646382808685303e-01,3.905773162841796875e-01,3.596706092357635498e-01,3.314158618450164795e-01,3.144086897373199463e-01,3.144086897373199463e-01,3.163435161113739014e-01,3.314158618450164795e-01,3.468889594078063965e-01,4.052980840206146240e-01,7.468100190162658691e-01,1.000000000000000000e+00,9.862367510795593262e-01,9.662349224090576172e-01,9.437434673309326172e-01,9.191107153892517090e-01,6.526265144348144531e-01,5.468082427978515625e-01,3.365317285060882568e-01,3.262197673320770264e-01,3.295695185661315918e-01,3.163435161113739014e-01,3.144086897373199463e-01,3.144086897373199463e-01,3.220783174037933350e-01,5.221479535102844238e-01,4.249940812587738037e-01,3.801262676715850830e-01,3.593311309814453125e-01,1.000000000000000000e+00,7.978881597518920898e-01
9.237856864929199219e-01,9.264735579490661621e-01,1.000000000000000000e+00,8.679640293121337891e-01,3.562457561492919922e-01,2.988896965980529785e-01,2.731288671493530273e-01,2.535436749458312988e-01,2.442938834428787231e-01,2.442938834428787231e-01,2.457972466945648193e-01,2.621165812015533447e-01,3.124482035636901855e-01,3.165479600429534912e-01,2.748096585273742676e-01,2.635182738304138184e-01,2.446705847978591919e-01,2.446705847978591919e-01,2.446705847978591919e-01,2.446705847978591919e-01,2.427812069654464722e-01,2.427812069654464722e-01,2.446705847978591919e-01,2.502531409263610840e-01,2.607073485851287842e-01,3.156739175319671631e-01,3.395683765411376953e-01,3.225999474525451660e-01,3.262901902198791504e-01,3.585649132728576660e-01,4.226938784122467041e-01,4.726835489273071289e-01,4.982932806015014648e-01,6.911007165908813477e-01,8.012009859085083008e-01,8.441749811172485352e-01,1.000000000000000000e+00
3.345048427581787109e-01,3.084963262081146240e-01,2.838871777057647705e-01,2.723152041435241699e-01,2.655650675296783447e-01,2.687567174434661865e-01,4.505470395088195801e-01,3.941479623317718506e-01,3.661463558673858643e-01,3.293672502040863037e-01,3.099196255207061768e-01,2.838871777057647705e-01,2.780129909515380859e-01,2.679367065429687500e-01,2.788033783435821533e-01,2.854332029819488525e-01,3.076928257942199707e-01,3.440710008144378662e-01,4.080011844635009766e-01,9.412550330162048340e-01,9.546027183532714844e-01,1.000000000000000000e+00,7.635164856910705566e-01,5.328363776206970215e-01,4.080011844635009766e-01,3.274408578872680664e-01,2.819427251815795898e-01,2.608625888824462891e-01,2.604404687881469727e-01,2.862030863761901855e-01,3.358179330825805664e-01,3.812355101108551025e-01,4.366578161716461182e-01,4.175303578376770020e-01,4.016140699386596680e-01,1.000000000000000000e+00,3.637725412845611572e-01
5.225601792335510254e-01,9.373089075088500977e-01,9.196361303329467773e-01,8.639945983886718750e-01,1.000000000000000000e+00,3.204495906829833984e-01,2.201230078935623169e-01,1.910469830036163330e-01,1.828955262899398804e-01,1.824621260166168213e-01,1.863264590501785278e-01,1.999564468860626221e-01,2.252779752016067505e-01,2.628284990787506104e-01,2.115017473697662354e-01,1.953499317169189453e-01,1.834358423948287964e-01,1.824621260166168213e-01,1.824621260166168213e-01,1.834358423948287964e-01,1.877023577690124512e-01,1.916676014661788940e-01,2.094327509403228760e-01,2.269412130117416382e-01,2.364242821931838989e-01,2.122491002082824707e-01,1.888587623834609985e-01,1.754949092864990234e-01,1.771786212921142578e-01,1.888587623834609985e-01,2.048460841178894043e-01,2.191316634416580200e-01,2.646297514438629150e-01,3.123799860477447510e-01,3.961834609508514404e-01,7.810162901878356934e-01,1.000000000000000000e+00
2.905004620552062988e-01,2.594065964221954346e-01,2.399668991565704346e-01,2.399668991565704346e-01,2.424821108579635620e-01,4.097542166709899902e-01,3.770878612995147705e-01,3.503209352493286133e-01,3.362621963024139404e-01,3.059440553188323975e-01,2.730797231197357178e-01,2.616296708583831787e-01,2.573786973953247070e-01,2.578069567680358887e-01,2.637294530868530273e-01,2.858107984066009521e-01,3.009453713893890381e-01,3.445261716842651367e-01,4.530950188636779785e-01,9.497582912445068359e-01,9.701843261718750000e-01,1.000000000000000000e+00,7.169833183288574219e-01,5.231012105941772461e-01,3.819565176963806152e-01,2.884043157100677490e-01,2.600437104701995850e-01,2.534918785095214844e-01,2.818268239498138428e-01,4.243680536746978760e-01,5.094257593154907227e-01,5.094798803329467773e-01,4.799337983131408691e-01,4.648125767707824707e-01,3.497694432735443115e-01,1.000000000000000000e+00,5.679302215576171875e-01
5.272580981254577637e-01,1.000000000000000000e+00,8.847619295120239258e-01,8.541504740715026855e-01,9.166139364242553711e-01,3.221074640750885010e-01,2.510082125663757324e-01,2.201118022203445435e-01,2.090695202350616455e-01,2.081567794084548950e-01,2.082583904266357422e-01,2.212622165679931641e-01,2.419962435960769653e-01,2.809182703495025635e-01,2.562633156776428223e-01,2.225017845630645752e-01,2.162328660488128662e-01,2.081567794084548950e-01,2.081567794084548950e-01,2.082583904266357422e-01,2.082583904266357422e-01,2.126813530921936035e-01,2.238290309906005859e-01,2.483815550804138184e-01,2.531066238880157471e-01,2.321802526712417603e-01,2.017567604780197144e-01,1.940598040819168091e-01,1.913148313760757446e-01,2.020711153745651245e-01,2.117841690778732300e-01,2.407691627740859985e-01,2.793322205543518066e-01,3.579468131065368652e-01,4.363619089126586914e-01,9.048274159431457520e-01,1.000000000000000000e+00
3.046038448810577393e-01,2.703231275081634521e-01,2.561552822589874268e-01,2.561552822589874268e-01,2.647698819637298584e-01,4.186379611492156982e-01,3.822946250438690186e-01,3.546451628208160400e-01,3.207972049713134766e-01,2.898108065128326416e-01,2.588635087013244629e-01,2.571004927158355713e-01,2.554440498352050781e-01,2.703231275081634521e-01,2.872888147830963135e-01,3.170895576477050781e-01,3.626765310764312744e-01,4.240353107452392578e-01,9.978752732276916504e-01,9.974193572998046875e-01,1.000000000000000000e+00,9.910454154014587402e-01,5.912747383117675781e-01,4.487703144550323486e-01,3.378309905529022217e-01,2.947899997234344482e-01,2.647698819637298584e-01,2.657985687255859375e-01,2.807768881320953369e-01,4.127295315265655518e-01,4.901083409786224365e-01,4.928229451179504395e-01,5.032339096069335938e-01,4.307748973369598389e-01,3.589790761470794678e-01,1.000000000000000000e+00,5.559223294258117676e-01
9.757880568504333496e-01,9.485424757003784180e-01,8.645299077033996582e-01,1.000000000000000000e+00,8.029468655586242676e-01,2.742649018764495850e-01,2.260390967130661011e-01,2.043115198612213135e-01,1.878110766410827637e-01,1.873660236597061157e-01,1.913342177867889404e-01,2.053305357694625854e-01,2.261314094066619873e-01,2.468705475330352783e-01,2.171861231327056885e-01,2.006002068519592285e-01,1.947936415672302246e-01,1.938269287347793579e-01,1.878110766410827637e-01,1.881441771984100342e-01,1.823988109827041626e-01,1.823988109827041626e-01,1.917700618505477905e-01,2.147701829671859741e-01,2.513945102691650391e-01,2.179535627365112305e-01,1.938269287347793579e-01,1.864727437496185303e-01,1.850119531154632568e-01,1.851247251033782959e-01,2.056352496147155762e-01,2.250211089849472046e-01,2.717419862747192383e-01,3.555255234241485596e-01,4.588601887226104736e-01,8.571428656578063965e-01,1.000000000000000000e+00
2.491364330053329468e-01,2.438299208879470825e-01,2.461595684289932251e-01,2.639677226543426514e-01,2.840173840522766113e-01,2.780088782310485840e-01,2.717801332473754883e-01,2.704644203186035156e-01,2.560098171234130859e-01,2.498037219047546387e-01,2.378060668706893921e-01,2.437323778867721558e-01,2.469312250614166260e-01,2.635168731212615967e-01,2.735245823860168457e-01,2.780088782310485840e-01,2.946208119392395020e-01,3.130913078784942627e-01,3.448275923728942871e-01,4.047870635986328125e-01,5.714574456214904785e-01,9.533469676971435547e-01,1.000000000000000000e+00,6.905167102813720703e-01,4.009501338005065918e-01,2.610688805580139160e-01,2.551724016666412354e-01,2.560098171234130859e-01,3.010880053043365479e-01,3.253096938133239746e-01,3.511150777339935303e-01,3.242112994194030762e-01,3.099614381790161133e-01,2.962307929992675781e-01,2.835145592689514160e-01,1.000000000000000000e+00,6.275175809860229492e-01
3.893593549728393555e-01,4.367863535881042480e-01,5.770617723464965820e-01,9.492577910423278809e-01,1.000000000000000000e+00,9.134853482246398926e-01,2.927530705928802490e-01,2.230183780193328857e-01,1.981627941131591797e-01,1.855985224246978760e-01,1.822924315929412842e-01,1.947354525327682495e-01,2.214546948671340942e-01,2.518339753150939941e-01,2.743703424930572510e-01,2.462524771690368652e-01,2.190882265567779541e-01,1.978337168693542480e-01,1.929426789283752441e-01,1.875773519277572632e-01,1.860660165548324585e-01,1.831245422363281250e-01,1.865323483943939209e-01,2.097696363925933838e-01,2.578004300594329834e-01,2.287870496511459351e-01,1.912467032670974731e-01,1.838347911834716797e-01,1.798937320709228516e-01,1.774626225233078003e-01,1.915871053934097290e-01,2.059030681848526001e-01,2.388197630643844604e-01,2.731008529663085938e-01,3.360660076141357422e-01,7.914044857025146484e-01,1.000000000000000000e+00
1.945580840110778809e-01,2.308866679668426514e-01,2.925893366336822510e-01,8.843332529067993164e-01,8.943237066268920898e-01,1.000000000000000000e+00,9.632295966148376465e-01,8.039698004722595215e-01,6.503478288650512695e-01,4.653669595718383789e-01,3.895915448665618896e-01,3.522913753986358643e-01,3.501833975315093994e-01,3.611129820346832275e-01,3.895915448665618896e-01,4.484535753726959229e-01,5.577272772789001465e-01,8.566910028457641602e-01,8.127284646034240723e-01,7.816734910011291504e-01,7.668514251708984375e-01,7.959290146827697754e-01,6.000154018402099609e-01,3.713476955890655518e-01,2.842462360858917236e-01,2.435659766197204590e-01,2.022547572851181030e-01,1.825319379568099976e-01,1.682861298322677612e-01,1.566067785024642944e-01,1.521099507808685303e-01,1.521099507808685303e-01,1.521099507808685303e-01,1.592439264059066772e-01,1.797216236591339111e-01,4.324687421321868896e-01,8.069626688957214355e-01
2.439861446619033813e-01,2.439861446619033813e-01,2.476971745491027832e-01,2.648732364177703857e-01,2.701592743396759033e-01,2.580693066120147705e-01,2.513534128665924072e-01,2.538814544677734375e-01,2.506264448165893555e-01,2.379281371831893921e-01,2.264347523450851440e-01,2.325960099697113037e-01,2.352287024259567261e-01,2.580693066120147705e-01,2.678701281547546387e-01,2.935458123683929443e-01,3.113431930541992188e-01,3.461045324802398682e-01,3.917891979217529297e-01,4.519115686416625977e-01,9.897061586380004883e-01,1.000000000000000000e+00,9.936620593070983887e-01,6.191968917846679688e-01,3.624567091464996338e-01,2.622772157192230225e-01,2.498973459005355835e-01,2.490745633840560913e-01,2.387893348932266235e-01,2.323998063802719116e-01,2.439861446619033813e-01,2.701592743396759033e-01,2.991640567779541016e-01,2.821354269981384277e-01,2.502621710300445557e-01,1.000000000000000000e+00,5.644910931587219238e-01
4.038973450660705566e-01,4.887498021125793457e-01,9.521028995513916016e-01,9.838140606880187988e-01,1.000000000000000000e+00,8.105567693710327148e-01,2.613822519779205322e-01,2.085913568735122681e-01,1.925408244132995605e-01,1.861516833305358887e-01,1.864818334579467773e-01,1.892107278108596802e-01,2.062186747789382935e-01,2.356394231319427490e-01,2.522809505462646484e-01,2.252285629510879517e-01,1.994456052780151367e-01,1.921143829822540283e-01,1.867016255855560303e-01,1.803330034017562866e-01,1.803330034017562866e-01,1.807872354984283447e-01,1.847141981124877930e-01,2.128725945949554443e-01,2.539820373058319092e-01,2.285721600055694580e-01,1.985181868076324463e-01,1.864818334579467773e-01,1.779292225837707520e-01,1.779292225837707520e-01,1.947643607854843140e-01,2.000615000724792480e-01,2.351167500019073486e-01,2.855985462665557861e-01,3.453905880451202393e-01,8.334338068962097168e-01,1.000000000000000000e+00
3.016810417175292969e-01,3.685924410820007324e-01,9.185746312141418457e-01,9.246829152107238770e-01,9.867768883705139160e-01,1.000000000000000000e+00,9.214810729026794434e-01,7.177088856697082520e-01,5.562723278999328613e-01,4.205501675605773926e-01,3.651398122310638428e-01,3.340050876140594482e-01,3.356863260269165039e-01,3.427396118640899658e-01,3.573478758335113525e-01,4.120988845825195312e-01,5.122811198234558105e-01,7.797998785972595215e-01,8.568490147590637207e-01,8.342117071151733398e-01,8.256195187568664551e-01,8.577246069908142090e-01,7.007756233215332031e-01,4.281780719757080078e-01,3.423287272453308105e-01,2.755093872547149658e-01,2.332792580127716064e-01,2.052510082721710205e-01,1.961345374584197998e-01,1.917808204889297485e-01,1.917808204889297485e-01,1.922694295644760132e-01,2.043347060680389404e-01,2.213081419467926025e-01,2.584652304649353027e-01,5.598570108413696289e-01,7.806012630462646484e-01
2.306514978408813477e-01,2.306514978408813477e-01,2.507540881633758545e-01,3.156358301639556885e-01,2.895308434963226318e-01,2.677047550678253174e-01,2.510668337345123291e-01,2.394424229860305786e-01,2.264746576547622681e-01,2.250264137983322144e-01,2.297425270080566406e-01,2.333011329174041748e-01,2.429666072130203247e-01,2.342521399259567261e-01,2.412380576133728027e-01,2.565287947654724121e-01,2.852992415428161621e-01,3.292631208896636963e-01,4.349807798862457275e-01,1.000000000000000000e+00,9.984294176101684570e-01,9.792260527610778809e-01,5.264683365821838379e-01,2.731691896915435791e-01,2.104307860136032104e-01,2.038008868694305420e-01,2.220426946878433228e-01,2.524693012237548828e-01,3.058723807334899902e-01,3.019132614135742188e-01,2.180608808994293213e-01,2.086834162473678589e-01,2.172798365354537964e-01,2.280857712030410767e-01,2.366405427455902100e-01,1.000000000000000000e+00,4.829255938529968262e-01
4.472135901451110840e-01,5.538921952247619629e-01,9.553341269493103027e-01,1.000000000000000000e+00,8.261017203330993652e-01,3.094339966773986816e-01,2.389001399278640747e-01,1.949665546417236328e-01,1.844641119241714478e-01,1.787963062524795532e-01,1.816218495368957520e-01,1.915297359228134155e-01,2.117324769496917725e-01,2.428522109985351562e-01,2.168974429368972778e-01,2.055247575044631958e-01,1.943410187959671021e-01,1.882066428661346436e-01,1.751055270433425903e-01,1.689279079437255859e-01,1.668842136859893799e-01,1.683371365070343018e-01,1.735817342996597290e-01,1.763652861118316650e-01,1.840435862541198730e-01,1.975049078464508057e-01,1.882066428661346436e-01,1.745990663766860962e-01,1.668842136859893799e-01,1.751055270433425903e-01,1.864338517189025879e-01,2.051474004983901978e-01,2.272648811340332031e-01,2.574117183685302734e-01,3.063782155513763428e-01,8.822382688522338867e-01,1.000000000000000000e+00
7.567984461784362793e-01,7.889823913574218750e-01,8.739767074584960938e-01,1.000000000000000000e+00,8.879034519195556641e-01,7.609909176826477051e-01,4.872556328773498535e-01,3.096500337123870850e-01,2.438997328281402588e-01,2.231536060571670532e-01,2.174644470214843750e-01,2.173535674810409546e-01,2.332924753427505493e-01,2.554836273193359375e-01,2.907826900482177734e-01,3.637683689594268799e-01,4.664815962314605713e-01,8.021014332771301270e-01,8.061480522155761719e-01,7.915444374084472656e-01,7.816469073295593262e-01,7.621619701385498047e-01,6.702883839607238770e-01,4.250632226467132568e-01,2.919408679008483887e-01,2.410167753696441650e-01,2.222878336906433105e-01,2.088709473609924316e-01,2.108235955238342285e-01,2.215275019407272339e-01,2.307995110750198364e-01,2.527328431606292725e-01,2.609905898571014404e-01,2.854283452033996582e-01,3.050228655338287354e-01,7.080852389335632324e-01,6.827129125595092773e-01
3.016473948955535889e-01,3.087592124938964844e-01,3.356391787528991699e-01,3.371723592281341553e-01,3.133879005908966064e-01,3.013622760772705078e-01,2.856191098690032959e-01,2.778384089469909668e-01,2.635480463504791260e-01,2.622401118278503418e-01,2.687961161136627197e-01,2.668703794479370117e-01,2.662253975868225098e-01,2.738651931285858154e-01,2.822128832340240479e-01,3.082018792629241943e-01,3.530515730381011963e-01,4.358632564544677734e-01,6.823284029960632324e-01,9.528784155845642090e-01,9.807964563369750977e-01,1.000000000000000000e+00,6.421536803245544434e-01,4.474442005157470703e-01,2.697538137435913086e-01,2.481773942708969116e-01,2.447769492864608765e-01,2.968356609344482422e-01,3.020033836364746094e-01,2.467880100011825562e-01,2.553476989269256592e-01,3.369810879230499268e-01,3.591469228267669678e-01,3.292393088340759277e-01,3.157789111137390137e-01,1.000000000000000000e+00,6.650763154029846191e-01
4.771899580955505371e-01,9.774070978164672852e-01,9.765435457229614258e-01,1.000000000000000000e+00,8.812186717987060547e-01,4.773104786872863770e-01,3.282064199447631836e-01,2.624365687370300293e-01,2.366179078817367554e-01,2.175348103046417236e-01,2.177990823984146118e-01,2.219845503568649292e-01,2.303770631551742554e-01,2.586835920810699463e-01,2.521525919437408447e-01,2.373460978269577026e-01,2.312078475952148438e-01,2.291252315044403076e-01,2.250725775957107544e-01,2.237910777330398560e-01,2.237910777330398560e-01,2.298771440982818604e-01,2.318703383207321167e-01,2.583869397640228271e-01,3.040042817592620850e-01,2.794216573238372803e-01,2.353992760181427002e-01,2.177990823984146118e-01,2.116374969482421875e-01,2.118186056613922119e-01,2.191156297922134399e-01,2.292089015245437622e-01,2.742967605590820312e-01,3.153351843357086182e-01,4.032311737537384033e-01,9.211069345474243164e-01,1.000000000000000000e+00
3.857705891132354736e-01,3.572051525115966797e-01,3.344114720821380615e-01,3.163810074329376221e-01,3.000773787498474121e-01,2.828354835510253906e-01,2.560427188873291016e-01,2.467067986726760864e-01,2.494829148054122925e-01,2.571362853050231934e-01,2.533385157585144043e-01,2.491759806871414185e-01,2.479444593191146851e-01,2.487661540508270264e-01,2.536404132843017578e-01,2.683973610401153564e-01,2.963134050369262695e-01,3.384301662445068359e-01,4.071951210498809814e-01,6.012163758277893066e-01,9.577046036720275879e-01,1.000000000000000000e+00,7.508307099342346191e-01,5.030897855758666992e-01,3.673446476459503174e-01,2.998222410678863525e-01,2.643754780292510986e-01,2.425356209278106689e-01,2.374335229396820068e-01,2.401043921709060669e-01,2.580275833606719971e-01,3.157353103160858154e-01,4.185022413730621338e-01,4.245537817478179932e-01,4.015809893608093262e-01,1.000000000000000000e+00,6.668283939361572266e-01
4.467894732952117920e-01,6.734150648117065430e-01,1.000000000000000000e+00,9.600804448127746582e-01,8.630912899971008301e-01,5.152255296707153320e-01,2.532906234264373779e-01,1.993137449026107788e-01,1.842616200447082520e-01,1.737924069166183472e-01,1.704126149415969849e-01,1.761319041252136230e-01,1.930544674396514893e-01,2.322597503662109375e-01,2.421591281890869141e-01,2.389349788427352905e-01,2.312371879816055298e-01,2.297416925430297852e-01,2.297416925430297852e-01,2.312371879816055298e-01,2.345671802759170532e-01,2.439319193363189697e-01,2.549015283584594727e-01,2.877719700336456299e-01,2.935531735420227051e-01,2.214332967996597290e-01,1.903574019670486450e-01,1.704126149415969849e-01,1.706652641296386719e-01,1.767424196004867554e-01,1.815526187419891357e-01,2.009285241365432739e-01,2.263407260179519653e-01,2.865716516971588135e-01,3.475848138332366943e-01,7.870745062828063965e-01,1.000000000000000000e+00
2.871799170970916748e-01,2.947322130203247070e-01,2.962353527545928955e-01,2.752087712287902832e-01,2.680659890174865723e-01,2.659648358821868896e-01,2.584763765335083008e-01,2.599194049835205078e-01,2.686757147312164307e-01,2.940175235271453857e-01,2.921031117439270020e-01,2.806756198406219482e-01,2.756331562995910645e-01,2.759721875190734863e-01,2.921031117439270020e-01,3.214407265186309814e-01,3.616187870502471924e-01,4.545858204364776611e-01,9.886210560798645020e-01,9.455956816673278809e-01,9.449032545089721680e-01,1.000000000000000000e+00,5.629314780235290527e-01,3.994010984897613525e-01,2.722195982933044434e-01,2.521588504314422607e-01,2.552913725376129150e-01,3.095862567424774170e-01,4.153535664081573486e-01,3.940390050411224365e-01,3.300522565841674805e-01,3.323110044002532959e-01,3.608422279357910156e-01,3.070843815803527832e-01,2.879115641117095947e-01,1.000000000000000000e+00,3.894364237785339355e-01
9.208277463912963867e-01,9.805608987808227539e-01,1.000000000000000000e+00,9.386975765228271484e-01,8.657739758491516113e-01,3.639497756958007812e-01,2.949447333812713623e-01,2.504922151565551758e-01,2.310763448476791382e-01,2.301820516586303711e-01,2.350098490715026855e-01,2.543957531452178955e-01,2.897712290287017822e-01,3.452066779136657715e-01,3.603427708148956299e-01,2.743336558341979980e-01,2.452220171689987183e-01,2.369521111249923706e-01,2.259618490934371948e-01,2.250472307205200195e-01,2.250472307205200195e-01,2.275787740945816040e-01,2.440979927778244019e-01,2.776550054550170898e-01,3.239740729331970215e-01,2.775724828243255615e-01,2.369521111249923706e-01,2.185377180576324463e-01,2.187473326921463013e-01,2.253525108098983765e-01,2.350098490715026855e-01,2.559226155281066895e-01,3.150079250335693359e-01,4.067673981189727783e-01,4.674774408340454102e-01,8.713173866271972656e-01,1.000000000000000000e+00
3.156275451183319092e-01,3.152465224266052246e-01,2.990735769271850586e-01,2.842856645584106445e-01,2.697762548923492432e-01,2.559061348438262939e-01,2.350718975067138672e-01,2.293789684772491455e-01,2.209574133157730103e-01,2.273909449577331543e-01,2.337045371532440186e-01,2.307719737291336060e-01,2.265672683715820312e-01,2.163771688938140869e-01,2.279188632965087891e-01,2.314076274633407593e-01,2.470379024744033813e-01,2.653844952583312988e-01,3.101216256618499756e-01,3.874258995056152344e-01,9.070497155189514160e-01,9.524370431900024414e-01,1.000000000000000000e+00,5.432523488998413086e-01,3.906524777412414551e-01,2.657364904880523682e-01,2.222229689359664917e-01,2.237202376127243042e-01,2.353557795286178589e-01,2.739027142524719238e-01,2.997426092624664307e-01,3.142282366752624512e-01,3.536194860935211182e-01,3.710880279541015625e-01,3.322007656097412109e-01,1.000000000000000000e+00,5.909214019775390625e-01
4.214415848255157471e-01,5.083457231521606445e-01,1.000000000000000000e+00,9.908367395401000977e-01,9.235688447952270508e-01,5.185550451278686523e-01,2.831324934959411621e-01,2.209863811731338501e-01,2.041216343641281128e-01,1.844051331281661987e-01,1.838717907667160034e-01,1.972707808017730713e-01,2.259850949048995972e-01,2.448116093873977661e-01,2.239112854003906250e-01,2.116798758506774902e-01,2.046622037887573242e-01,1.982020437717437744e-01,1.982020437717437744e-01,1.963351070880889893e-01,2.007865905761718750e-01,2.083479613065719604e-01,2.281476855278015137e-01,2.382550090551376343e-01,2.762857377529144287e-01,2.547879219055175781e-01,2.032175064086914062e-01,1.886827200651168823e-01,1.817227303981781006e-01,1.844051331281661987e-01,1.892025023698806763e-01,2.012141197919845581e-01,2.171759903430938721e-01,2.616811096668243408e-01,3.226495385169982910e-01,9.025665521621704102e-01,1.000000000000000000e+00
2.444713860750198364e-01,2.970385253429412842e-01,9.814585447311401367e-01,9.678050279617309570e-01,1.000000000000000000e+00,9.681935310363769531e-01,8.818478584289550781e-01,7.952212095260620117e-01,5.142046213150024414e-01,3.981558978557586670e-01,3.587920963764190674e-01,3.469875752925872803e-01,3.469041883945465088e-01,3.878506720066070557e-01,4.265679121017456055e-01,5.353722572326660156e-01,6.973434686660766602e-01,8.451640605926513672e-01,8.448559045791625977e-01,8.443421721458435059e-01,8.659251928329467773e-01,8.810930252075195312e-01,5.610187053680419922e-01,3.149076998233795166e-01,2.247423827648162842e-01,2.013895213603973389e-01,1.675130873918533325e-01,1.613556295633316040e-01,1.638463884592056274e-01,1.700837761163711548e-01,1.721126735210418701e-01,1.724485009908676147e-01,1.878636628389358521e-01,1.907669752836227417e-01,2.121620327234268188e-01,5.295780897140502930e-01,7.482029199600219727e-01
4.129552841186523438e-01,4.066891074180603027e-01,3.767796754837036133e-01,3.567591607570648193e-01,3.533689081668853760e-01,3.547289073467254639e-01,3.677252829074859619e-01,3.796441555023193359e-01,3.690323829650878906e-01,3.583303093910217285e-01,3.376918733119964600e-01,3.354266583919525146e-01,3.386411070823669434e-01,3.549550771713256836e-01,3.902758359909057617e-01,4.411430358886718750e-01,5.453512072563171387e-01,8.468278646469116211e-01,9.502511620521545410e-01,9.647091031074523926e-01,1.000000000000000000e+00,7.512662410736083984e-01,5.334489941596984863e-01,4.533444941043853760e-01,3.886273503303527832e-01,3.324225842952728271e-01,3.422945439815521240e-01,4.234139323234558105e-01,4.129552841186523438e-01,4.425053000450134277e-01,5.449095368385314941e-01,5.423261523246765137e-01,5.389864444732666016e-01,4.761379361152648926e-01,4.582742154598236084e-01,1.000000000000000000e+00,7.426623702049255371e-01
9.933741688728332520e-01,9.577729701995849609e-01,9.077883958816528320e-01,8.758370876312255859e-01,7.745019197463989258e-01,4.203750491142272949e-01,2.910133302211761475e-01,2.374397665262222290e-01,2.195083796977996826e-01,2.070365399122238159e-01,2.070365399122238159e-01,2.239210605621337891e-01,2.518125474452972412e-01,2.877380847930908203e-01,2.628616392612457275e-01,2.503513395786285400e-01,2.435420006513595581e-01,2.424095273017883301e-01,2.424095273017883301e-01,2.435420006513595581e-01,2.503513395786285400e-01,2.628616392612457275e-01,2.884809076786041260e-01,3.237378001213073730e-01,2.867801785469055176e-01,2.392356693744659424e-01,2.189505398273468018e-01,2.105508595705032349e-01,2.098235636949539185e-01,2.134352475404739380e-01,2.435420006513595581e-01,2.894331514835357666e-01,4.057191610336303711e-01,5.118743777275085449e-01,1.000000000000000000e+00,7.190527915954589844e-01,1.000000000000000000e+00
3.190014064311981201e-01,3.134680688381195068e-01,2.883527278900146484e-01,2.727048695087432861e-01,2.548628151416778564e-01,2.447173148393630981e-01,2.241929471492767334e-01,2.235865592956542969e-01,2.251999527215957642e-01,2.416779994964599609e-01,2.468653470277786255e-01,2.376497536897659302e-01,2.341970205307006836e-01,2.335520386695861816e-01,2.392944097518920898e-01,2.560438215732574463e-01,2.784524261951446533e-01,3.099839091300964355e-01,3.570665717124938965e-01,4.903276264667510986e-01,9.518676400184631348e-01,1.000000000000000000e+00,7.257826328277587891e-01,5.112916827201843262e-01,3.463875055313110352e-01,2.770947813987731934e-01,2.416779994964599609e-01,2.432334125041961670e-01,3.285064399242401123e-01,3.637217283248901367e-01,3.115856647491455078e-01,3.141890764236450195e-01,3.610994517803192139e-01,3.664075732231140137e-01,3.476047515869140625e-01,1.000000000000000000e+00,5.377444624900817871e-01
4.574779868125915527e-01,6.339554786682128906e-01,1.000000000000000000e+00,9.658522009849548340e-01,8.736435174942016602e-01,3.090206086635589600e-01,2.396357357501983643e-01,1.992345899343490601e-01,1.835235506296157837e-01,1.828896254301071167e-01,1.835938543081283569e-01,1.976739764213562012e-01,2.166124880313873291e-01,2.198059707880020142e-01,2.001393139362335205e-01,1.898144483566284180e-01,1.840151101350784302e-01,1.828896254301071167e-01,1.828896254301071167e-01,1.840151101350784302e-01,1.898144483566284180e-01,1.999457925558090210e-01,2.085386365652084351e-01,2.370912432670593262e-01,2.612759172916412354e-01,2.193357944488525391e-01,1.829601675271987915e-01,1.804031431674957275e-01,1.728037744760513306e-01,1.777367591857910156e-01,1.835235506296157837e-01,2.062988877296447754e-01,2.295134067535400391e-01,2.843588590621948242e-01,3.666953742504119873e-01,8.281806707382202148e-01,1.000000000000000000e+00
3.469222187995910645e-01,8.044624328613281250e-01,1.000000000000000000e+00,9.959087967872619629e-01,9.730085134506225586e-01,9.029865264892578125e-01,8.533955812454223633e-01,6.428486704826354980e-01,4.417555034160614014e-01,3.492172062397003174e-01,3.214243352413177490e-01,3.165083229541778564e-01,3.279846906661987305e-01,3.596513867378234863e-01,4.182946383953094482e-01,5.171611309051513672e-01,7.444071769714355469e-01,7.929049134254455566e-01,7.929049134254455566e-01,8.043152689933776855e-01,8.173416256904602051e-01,8.549196124076843262e-01,4.197068512439727783e-01,2.861703932285308838e-01,2.272813320159912109e-01,1.871619224548339844e-01,1.846153885126113892e-01,1.795787364244461060e-01,1.794138997793197632e-01,1.770902276039123535e-01,1.802365332841873169e-01,1.910729557275772095e-01,2.032283842563629150e-01,2.314093708992004395e-01,2.686807513236999512e-01,5.245251059532165527e-01,7.653192877769470215e-01
5.286130905151367188e-01,4.919706881046295166e-01,4.646219313144683838e-01,4.447664320468902588e-01,4.156670272350311279e-01,3.991203010082244873e-01,4.000240862369537354e-01,4.047110378742218018e-01,4.198929369449615479e-01,4.155704677104949951e-01,3.995222151279449463e-01,3.875934779644012451e-01,3.809103369712829590e-01,3.995222151279449463e-01,4.225601851940155029e-01,4.658294022083282471e-01,5.366736650466918945e-01,6.489638090133666992e-01,9.502511620521545410e-01,9.647091031074523926e-01,1.000000000000000000e+00,9.956167340278625488e-01,7.180590033531188965e-01,5.736083984375000000e-01,4.807505607604980469e-01,3.954845070838928223e-01,3.868681490421295166e-01,3.954845070838928223e-01,3.646572232246398926e-01,3.656461834907531738e-01,4.562559425830841064e-01,5.446885824203491211e-01,5.850366353988647461e-01,5.975903272628784180e-01,5.758424997329711914e-01,1.000000000000000000e+00,7.277644872665405273e-01
9.737270474433898926e-01,1.000000000000000000e+00,9.664924144744873047e-01,8.963444828987121582e-01,8.318635821342468262e-01,7.134867906570434570e-01,3.705928325653076172e-01,2.696458995342254639e-01,2.354581654071807861e-01,2.142370194196701050e-01,2.137651294469833374e-01,2.258256524801254272e-01,2.430555373430252075e-01,2.463569492101669312e-01,2.230132669210433960e-01,2.050855606794357300e-01,2.001009583473205566e-01,1.989622116088867188e-01,1.989622116088867188e-01,2.001009583473205566e-01,2.050855606794357300e-01,2.164644449949264526e-01,2.365279495716094971e-01,2.742873132228851318e-01,2.417014539241790771e-01,2.243676036596298218e-01,2.131738066673278809e-01,2.021095454692840576e-01,2.089876532554626465e-01,2.230132669210433960e-01,2.514286339282989502e-01,2.985278964042663574e-01,3.686804473400115967e-01,4.426743984222412109e-01,6.693792939186096191e-01,6.491145491600036621e-01,1.000000000000000000e+00
5.523108243942260742e-01,5.537652373313903809e-01,5.390446186065673828e-01,5.306795239448547363e-01,4.793126285076141357e-01,4.395947158336639404e-01,4.092731773853302002e-01,4.027104973793029785e-01,3.942579925060272217e-01,3.922125399112701416e-01,3.893825113773345947e-01,3.893825113773345947e-01,3.931087553501129150e-01,4.188644289970397949e-01,4.591715633869171143e-01,5.214096903800964355e-01,6.201425194740295410e-01,7.862175107002258301e-01,8.929196000099182129e-01,9.049987196922302246e-01,9.385932087898254395e-01,1.000000000000000000e+00,7.395631074905395508e-01,5.997854471206665039e-01,4.932685792446136475e-01,4.208998084068298340e-01,4.111115038394927979e-01,4.030848145484924316e-01,4.377611577510833740e-01,5.952422022819519043e-01,7.586885094642639160e-01,4.402803480625152588e-01,4.441455006599426270e-01,5.772341489791870117e-01,5.737399458885192871e-01,1.000000000000000000e+00,7.686234116554260254e-01
8.341481089591979980e-01,9.913478493690490723e-01,1.000000000000000000e+00,9.522523283958435059e-01,8.265475034713745117e-01,7.077981829643249512e-01,4.606305360794067383e-01,3.543000817298889160e-01,3.035500347614288330e-01,2.785029709339141846e-01,2.688169181346893311e-01,2.733567059040069580e-01,2.362000644207000732e-01,2.030067443847656250e-01,1.859705448150634766e-01,1.792308539152145386e-01,1.754946112632751465e-01,1.747738867998123169e-01,1.747738867998123169e-01,1.749543547630310059e-01,1.792308539152145386e-01,1.859705448150634766e-01,2.030067443847656250e-01,2.362000644207000732e-01,2.274892181158065796e-01,1.932923793792724609e-01,1.906624287366867065e-01,1.908278614282608032e-01,1.986066997051239014e-01,2.168363183736801147e-01,2.533461749553680420e-01,2.940452396869659424e-01,3.518871366977691650e-01,4.446661472320556641e-01,9.588899016380310059e-01,5.609756112098693848e-01,1.000000000000000000e+00
4.024716913700103760e-01,4.034970998764038086e-01,3.970737755298614502e-01,3.900742828845977783e-01,3.681537508964538574e-01,3.523501157760620117e-01,3.431074023246765137e-01,3.472309410572052002e-01,3.514367640018463135e-01,3.566243052482604980e-01,3.533910214900970459e-01,3.600836694240570068e-01,3.622448146343231201e-01,3.796958923339843750e-01,4.013292789459228516e-01,4.504869282245635986e-01,5.160419940948486328e-01,6.656327843666076660e-01,9.504240155220031738e-01,9.625685214996337891e-01,1.000000000000000000e+00,9.022469520568847656e-01,5.841493606567382812e-01,4.849431812763214111e-01,3.942888975143432617e-01,3.420351743698120117e-01,3.470986783504486084e-01,3.555928468704223633e-01,3.455077111721038818e-01,4.042928516864776611e-01,5.286988615989685059e-01,4.718912541866302490e-01,4.306869804859161377e-01,4.209831655025482178e-01,4.130559861660003662e-01,1.000000000000000000e+00,7.582679390907287598e-01
9.856085181236267090e-01,1.000000000000000000e+00,9.963924884796142578e-01,9.288562536239624023e-01,8.398887515068054199e-01,6.285127401351928711e-01,3.591897487640380859e-01,2.782828509807586670e-01,2.470299005508422852e-01,2.289711534976959229e-01,2.262492477893829346e-01,2.401953339576721191e-01,2.588180005550384521e-01,2.925280928611755371e-01,2.761878371238708496e-01,2.625315189361572266e-01,2.565641105175018311e-01,2.552022039890289307e-01,2.552022039890289307e-01,2.565641105175018311e-01,2.625315189361572266e-01,2.761878371238708496e-01,3.050975203514099121e-01,3.273817598819732666e-01,2.913343608379364014e-01,2.502999007701873779e-01,2.289711534976959229e-01,2.228001356124877930e-01,2.226262688636779785e-01,2.401953339576721191e-01,2.558083832263946533e-01,2.941121757030487061e-01,3.897947072982788086e-01,4.842441380023956299e-01,7.682320475578308105e-01,7.132201194763183594e-01,1.000000000000000000e+00
2.860641777515411377e-01,2.838879525661468506e-01,2.885090112686157227e-01,2.627845108509063721e-01,2.327800095081329346e-01,2.132819443941116333e-01,2.143303602933883667e-01,2.109216600656509399e-01,2.230765372514724731e-01,2.177200168371200562e-01,2.041531205177307129e-01,2.057935148477554321e-01,2.088926732540130615e-01,2.247450351715087891e-01,2.413529902696609497e-01,2.720882296562194824e-01,3.300393521785736084e-01,4.735324680805206299e-01,9.718069434165954590e-01,1.000000000000000000e+00,7.610290646553039551e-01,5.005936622619628906e-01,3.925003409385681152e-01,3.242148756980895996e-01,2.662869393825531006e-01,2.390823364257812500e-01,2.203467339277267456e-01,2.181657105684280396e-01,2.275862693786621094e-01,2.487621903419494629e-01,2.924957275390625000e-01,3.550165295600891113e-01,4.142290353775024414e-01,3.300393521785736084e-01,2.873412072658538818e-01,1.000000000000000000e+00,3.972350955009460449e-01
1.000000000000000000e+00,9.446118474006652832e-01,9.309166669845581055e-01,8.181275725364685059e-01,7.486993670463562012e-01,4.542520642280578613e-01,2.960273325443267822e-01,2.359362095594406128e-01,2.082624137401580811e-01,1.974799633026123047e-01,1.985642760992050171e-01,2.038993984460830688e-01,2.217445522546768188e-01,2.568509578704833984e-01,3.234529793262481689e-01,4.415786266326904297e-01,6.547005176544189453e-01,7.471742630004882812e-01,7.520794272422790527e-01,7.743055820465087891e-01,6.561338305473327637e-01,4.575782418251037598e-01,3.270426392555236816e-01,2.694473266601562500e-01,2.316889017820358276e-01,2.124095708131790161e-01,2.072288542985916138e-01,2.082624137401580811e-01,2.195550352334976196e-01,2.443741410970687866e-01,2.858331203460693359e-01,3.523271381855010986e-01,4.309974014759063721e-01,5.637234449386596680e-01,9.539844989776611328e-01,6.974414587020874023e-01,7.195501923561096191e-01
1.000000000000000000e+00,9.222455024719238281e-01,8.480377197265625000e-01,3.970423638820648193e-01,2.435716092586517334e-01,1.924701333045959473e-01,1.651324629783630371e-01,1.441470682621002197e-01,1.333489567041397095e-01,1.262633353471755981e-01,1.287584602832794189e-01,1.384984552860260010e-01,1.599001288414001465e-01,1.903850585222244263e-01,2.114596068859100342e-01,1.990595161914825439e-01,1.929204165935516357e-01,1.939073801040649414e-01,1.939073801040649414e-01,1.996398717164993286e-01,2.098118364810943604e-01,2.236119657754898071e-01,1.977475136518478394e-01,1.625907272100448608e-01,1.430190205574035645e-01,1.320849508047103882e-01,1.292517036199569702e-01,1.269942522048950195e-01,1.333923190832138062e-01,1.435035616159439087e-01,1.588111221790313721e-01,1.870748251676559448e-01,2.403440922498703003e-01,3.636116385459899902e-01,6.022809743881225586e-01,6.800054311752319336e-01,1.000000000000000000e+00
6.314968317747116089e-02,6.314968317747116089e-02,6.322123855352401733e-02,5.673837289214134216e-02,5.103265121579170227e-02,4.895249381661415100e-02,4.895249381661415100e-02,5.004858225584030151e-02,5.328644067049026489e-02,5.721450969576835632e-02,7.020210474729537964e-02,2.649857997894287109e-01,3.692405223846435547e-01,3.996765911579132080e-01,4.378960430622100830e-01,5.015416741371154785e-01,6.405958533287048340e-01,9.911714196205139160e-01,1.000000000000000000e+00,2.326592057943344116e-01,1.224458739161491394e-01,8.844228088855743408e-02,7.020210474729537964e-02,6.088969856500625610e-02,5.138582363724708557e-02,4.848847910761833191e-02,4.550610110163688660e-02,4.550610110163688660e-02,4.600020870566368103e-02,4.977682232856750488e-02,5.354038998484611511e-02,6.170110404491424561e-02,6.567665934562683105e-02,6.379081308841705322e-02,6.314968317747116089e-02,2.924360334873199463e-01,4.895137548446655273e-01
2.387405633926391602e-01,2.327958792448043823e-01,2.327958792448043823e-01,2.239841669797897339e-01,2.210772484540939331e-01,2.218885570764541626e-01,2.218885570764541626e-01,2.239841669797897339e-01,2.314023375511169434e-01,2.289039939641952515e-01,2.173062860965728760e-01,2.166437655687332153e-01,2.187896221876144409e-01,2.218885570764541626e-01,2.282751351594924927e-01,2.351000756025314331e-01,2.550432980060577393e-01,2.997399270534515381e-01,9.589429497718811035e-01,9.545105099678039551e-01,1.000000000000000000e+00,5.176396965980529785e-01,3.963826894760131836e-01,3.086011409759521484e-01,2.694326937198638916e-01,2.411370128393173218e-01,2.205890417098999023e-01,2.179667949676513672e-01,2.124562114477157593e-01,2.124562114477157593e-01,2.281176447868347168e-01,2.529208362102508545e-01,2.868747711181640625e-01,2.760212719440460205e-01,2.629524171352386475e-01,1.000000000000000000e+00,7.948510646820068359e-01
9.261897206306457520e-01,1.000000000000000000e+00,9.663423299789428711e-01,3.832613527774810791e-01,3.013532757759094238e-01,2.637262642383575439e-01,2.361694276332855225e-01,2.271198779344558716e-01,2.190657854080200195e-01,2.249670326709747314e-01,2.375916689634323120e-01,2.635842859745025635e-01,3.339940011501312256e-01,3.192086219787597656e-01,2.522638440132141113e-01,2.413433492183685303e-01,2.256316393613815308e-01,2.249670326709747314e-01,2.205983251333236694e-01,2.188948392868041992e-01,2.188948392868041992e-01,2.244672924280166626e-01,2.329778075218200684e-01,3.243274390697479248e-01,2.864513099193572998e-01,2.375916689634323120e-01,2.164874374866485596e-01,2.121205627918243408e-01,2.107040435075759888e-01,2.168329954147338867e-01,2.393184900283813477e-01,2.581312358379364014e-01,2.983571588993072510e-01,3.777521848678588867e-01,6.245459318161010742e-01,9.703176617622375488e-01,1.000000000000000000e+00
2.354616820812225342e-01,2.303259074687957764e-01,2.303259074687957764e-01,2.143451720476150513e-01,2.143451720476150513e-01,2.195343077182769775e-01,2.195343077182769775e-01,2.176028937101364136e-01,2.258531302213668823e-01,2.220834195613861084e-01,2.150006741285324097e-01,2.117029130458831787e-01,2.117029130458831787e-01,2.195343077182769775e-01,2.258531302213668823e-01,2.326056659221649170e-01,2.546962797641754150e-01,3.144092261791229248e-01,9.523214697837829590e-01,9.426307678222656250e-01,1.000000000000000000e+00,5.308336019515991211e-01,3.740886449813842773e-01,3.053269088268280029e-01,2.478359192609786987e-01,2.303259074687957764e-01,2.264753282070159912e-01,2.156541645526885986e-01,2.102020531892776489e-01,2.102020531892776489e-01,2.201743572950363159e-01,2.384310513734817505e-01,2.778180241584777832e-01,2.730926871299743652e-01,2.517790198326110840e-01,1.000000000000000000e+00,8.001792430877685547e-01
9.083763957023620605e-01,1.000000000000000000e+00,9.676537513732910156e-01,4.101789891719818115e-01,3.262907564640045166e-01,2.811285555362701416e-01,2.406149506568908691e-01,2.203862369060516357e-01,2.203862369060516357e-01,2.247507572174072266e-01,2.119377851486206055e-01,2.130349725484848022e-01,2.469899654388427734e-01,3.055033385753631592e-01,2.963355183601379395e-01,2.737051546573638916e-01,2.570123076438903809e-01,2.469899654388427734e-01,2.420639693737030029e-01,2.373632490634918213e-01,2.373632490634918213e-01,2.488706260919570923e-01,2.934366464614868164e-01,4.213932454586029053e-01,3.232999444007873535e-01,2.507371902465820312e-01,2.292016893625259399e-01,2.119377851486206055e-01,2.119377851486206055e-01,2.209145426750183105e-01,2.313950657844543457e-01,2.629901468753814697e-01,3.039732873439788818e-01,3.819237053394317627e-01,5.740205049514770508e-01,9.862418174743652344e-01,1.000000000000000000e+00
9.881985783576965332e-01,1.000000000000000000e+00,8.961917161941528320e-01,4.418604373931884766e-01,3.430028855800628662e-01,2.888867259025573730e-01,2.562380135059356689e-01,2.401228398084640503e-01,2.373306155204772949e-01,2.367682307958602905e-01,2.417826950550079346e-01,2.702904343605041504e-01,3.265768587589263916e-01,3.124958276748657227e-01,2.744508981704711914e-01,2.613890171051025391e-01,2.461542636156082153e-01,2.367682307958602905e-01,2.309247106313705444e-01,2.299121916294097900e-01,2.299121916294097900e-01,2.373306155204772949e-01,2.536232471466064453e-01,3.060297071933746338e-01,3.250424265861511230e-01,2.674393355846405029e-01,2.369089424610137939e-01,2.258167415857315063e-01,2.299121916294097900e-01,2.423334568738937378e-01,2.603669762611389160e-01,2.843517065048217773e-01,3.433913290500640869e-01,4.157446622848510742e-01,6.134192347526550293e-01,1.000000000000000000e+00,1.000000000000000000e+00
2.586164772510528564e-01,2.322354614734649658e-01,2.092085331678390503e-01,1.987334489822387695e-01,1.899037957191467285e-01,1.878470182418823242e-01,1.834880262613296509e-01,1.876745969057083130e-01,2.011620551347732544e-01,2.037206590175628662e-01,1.944520175457000732e-01,1.786608994007110596e-01,1.786608994007110596e-01,1.878470182418823242e-01,1.899037957191467285e-01,2.051458507776260376e-01,2.290068864822387695e-01,9.905346632003784180e-01,9.752522110939025879e-01,9.658460021018981934e-01,1.000000000000000000e+00,5.382128357887268066e-01,3.762106895446777344e-01,3.105983734130859375e-01,2.018047422170639038e-01,1.878470182418823242e-01,1.850690841674804688e-01,1.815369129180908203e-01,1.808221936225891113e-01,1.876745969057083130e-01,2.105965912342071533e-01,2.400496304035186768e-01,2.774578332901000977e-01,2.950986325740814209e-01,2.901200354099273682e-01,8.000000119209289551e-01,7.908702492713928223e-01
5.443183183670043945e-01,8.241860270500183105e-01,1.000000000000000000e+00,4.510402679443359375e-01,3.361855745315551758e-01,2.681136429309844971e-01,2.358651161193847656e-01,2.126224189996719360e-01,2.025431394577026367e-01,2.017113417387008667e-01,2.061994522809982300e-01,2.296855747699737549e-01,2.653823494911193848e-01,2.509090602397918701e-01,2.191129028797149658e-01,2.090784609317779541e-01,2.031877487897872925e-01,2.017113417387008667e-01,2.017113417387008667e-01,2.016187012195587158e-01,2.016187012195587158e-01,2.079136818647384644e-01,2.203880548477172852e-01,2.852629125118255615e-01,2.733577489852905273e-01,2.254165709018707275e-01,1.956943571567535400e-01,1.882996410131454468e-01,1.817366480827331543e-01,1.847946792840957642e-01,1.949291825294494629e-01,2.176586836576461792e-01,2.380724698305130005e-01,2.861782610416412354e-01,3.548389971256256104e-01,1.000000000000000000e+00,1.000000000000000000e+00
2.491834312677383423e-01,2.278254777193069458e-01,2.123061567544937134e-01,2.003354579210281372e-01,1.901564002037048340e-01,1.844911128282546997e-01,1.758155971765518188e-01,1.749354153871536255e-01,1.705794930458068848e-01,1.739398837089538574e-01,1.718192696571350098e-01,1.705794930458068848e-01,1.713694781064987183e-01,1.678427457809448242e-01,1.689884513616561890e-01,1.811134070158004761e-01,1.827044785022735596e-01,2.073403149843215942e-01,2.175135910511016846e-01,9.734839797019958496e-01,1.000000000000000000e+00,9.878082275390625000e-01,4.581847190856933594e-01,3.405362963676452637e-01,2.473180294036865234e-01,2.095618844032287598e-01,1.863641589879989624e-01,1.732730269432067871e-01,1.695583909749984741e-01,1.678427457809448242e-01,1.713694781064987183e-01,1.765821576118469238e-01,1.973271071910858154e-01,2.123061567544937134e-01,2.351604253053665161e-01,8.723790645599365234e-01,7.492374181747436523e-01
5.790911912918090820e-01,7.845966219902038574e-01,1.000000000000000000e+00,9.441276788711547852e-01,8.718267083168029785e-01,3.346162438392639160e-01,2.415646165609359741e-01,2.105293720960617065e-01,2.026584148406982422e-01,2.024290263652801514e-01,2.044842094182968140e-01,2.202362269163131714e-01,2.432894259691238403e-01,2.931732833385467529e-01,3.475563228130340576e-01,5.050387382507324219e-01,8.930964469909667969e-01,9.065722823143005371e-01,9.065722823143005371e-01,9.169672131538391113e-01,9.298474192619323730e-01,9.853036403656005859e-01,5.259481668472290039e-01,3.586092889308929443e-01,2.760326266288757324e-01,2.250358760356903076e-01,2.122874706983566284e-01,2.012782096862792969e-01,2.012782096862792969e-01,2.155452817678451538e-01,2.394396662712097168e-01,2.666147947311401367e-01,3.061957061290740967e-01,3.475563228130340576e-01,4.140489399433135986e-01,6.618047952651977539e-01,8.457351326942443848e-01
2.630162537097930908e-01,2.532065808773040771e-01,2.510546445846557617e-01,2.377343326807022095e-01,2.300010472536087036e-01,2.235208451747894287e-01,2.165340781211853027e-01,2.126360535621643066e-01,2.021720409393310547e-01,1.954633146524429321e-01,1.977629512548446655e-01,1.960407495498657227e-01,1.954633146524429321e-01,1.999231278896331787e-01,2.032871842384338379e-01,2.075789719820022583e-01,2.170554846525192261e-01,2.377343326807022095e-01,2.756898403167724609e-01,3.394859433174133301e-01,9.930126070976257324e-01,1.000000000000000000e+00,5.725401043891906738e-01,4.022138714790344238e-01,3.157484233379364014e-01,2.545423209667205811e-01,2.218966931104660034e-01,2.006004452705383301e-01,1.925501376390457153e-01,1.923151761293411255e-01,1.954633146524429321e-01,2.100689113140106201e-01,2.318610548973083496e-01,2.637029886245727539e-01,2.822538316249847412e-01,1.000000000000000000e+00,6.984858512878417969e-01
5.978165268898010254e-01,8.343825340270996094e-01,1.000000000000000000e+00,3.965195715427398682e-01,2.981131672859191895e-01,2.502372264862060547e-01,2.159724533557891846e-01,1.950853317975997925e-01,1.803525388240814209e-01,1.798942089080810547e-01,1.965608745813369751e-01,2.126984894275665283e-01,2.378041446208953857e-01,2.138597369194030762e-01,1.957190632820129395e-01,1.854307055473327637e-01,1.809238195419311523e-01,1.798942089080810547e-01,1.798942089080810547e-01,1.809238195419311523e-01,1.854307055473327637e-01,1.957190632820129395e-01,2.138597369194030762e-01,2.589916884899139404e-01,2.557842433452606201e-01,2.167356163263320923e-01,1.864297389984130859e-01,1.867615580558776855e-01,1.839780807495117188e-01,1.840902268886566162e-01,2.000990360975265503e-01,2.147265374660491943e-01,2.672281563282012939e-01,3.271601498126983643e-01,4.246686100959777832e-01,9.394956827163696289e-01,1.000000000000000000e+00
5.541105866432189941e-01,7.125558853149414062e-01,1.000000000000000000e+00,9.924535751342773438e-01,9.526259303092956543e-01,8.636001348495483398e-01,6.428614854812622070e-01,2.839499711990356445e-01,2.298776954412460327e-01,2.128985226154327393e-01,2.079798281192779541e-01,2.113576233386993408e-01,2.403056025505065918e-01,2.804752588272094727e-01,3.763549625873565674e-01,5.235778689384460449e-01,9.013198018074035645e-01,9.295281767845153809e-01,9.295281767845153809e-01,9.421025514602661133e-01,9.770743250846862793e-01,8.753793239593505859e-01,4.655253887176513672e-01,3.361362516880035400e-01,2.850987911224365234e-01,2.436824291944503784e-01,2.296405881643295288e-01,2.231434136629104614e-01,2.241178452968597412e-01,2.241178452968597412e-01,2.445750534534454346e-01,2.673485875129699707e-01,2.900244593620300293e-01,3.567363619804382324e-01,4.381561577320098877e-01,7.267748117446899414e-01,8.125243186950683594e-01
2.851209044456481934e-01,2.832431793212890625e-01,2.609258294105529785e-01,2.469405829906463623e-01,2.330635637044906616e-01,2.232238203287124634e-01,2.039249837398529053e-01,1.976008862257003784e-01,1.949760913848876953e-01,1.941248774528503418e-01,1.900053024291992188e-01,1.868806332349777222e-01,1.868806332349777222e-01,1.819920688867568970e-01,1.834021061658859253e-01,1.983444541692733765e-01,2.033828645944595337e-01,2.273889631032943726e-01,2.669216990470886230e-01,3.122871816158294678e-01,9.668635129928588867e-01,1.000000000000000000e+00,5.771058797836303711e-01,4.272831976413726807e-01,3.038656115531921387e-01,2.428077012300491333e-01,2.184747159481048584e-01,2.059898674488067627e-01,1.845024228096008301e-01,1.849009096622467041e-01,1.849009096622467041e-01,2.027485668659210205e-01,2.227286845445632935e-01,2.513716816902160645e-01,2.605729997158050537e-01,1.000000000000000000e+00,5.746081471443176270e-01
5.206140875816345215e-01,7.653056979179382324e-01,1.000000000000000000e+00,9.489176273345947266e-01,3.144860267639160156e-01,2.669727206230163574e-01,2.206408977508544922e-01,1.934823691844940186e-01,1.837760061025619507e-01,1.829736828804016113e-01,1.861622333526611328e-01,2.020783871412277222e-01,2.241690158843994141e-01,1.982398182153701782e-01,1.794555038213729858e-01,1.705821752548217773e-01,1.667048037052154541e-01,1.658198982477188110e-01,1.658198982477188110e-01,1.665085703134536743e-01,1.665085703134536743e-01,1.741857528686523438e-01,1.903305649757385254e-01,2.304970324039459229e-01,2.276424765586853027e-01,2.040907740592956543e-01,1.829736828804016113e-01,1.665085703134536743e-01,1.681693047285079956e-01,1.716331094503402710e-01,1.819882690906524658e-01,1.991448402404785156e-01,2.327554821968078613e-01,2.838880419731140137e-01,3.713132739067077637e-01,9.977455139160156250e-01,1.000000000000000000e+00
5.218499898910522461e-01,6.467416882514953613e-01,9.375050663948059082e-01,1.000000000000000000e+00,9.515693783760070801e-01,8.574975728988647461e-01,7.042130231857299805e-01,3.385582268238067627e-01,2.370418757200241089e-01,2.187265604734420776e-01,2.160426974296569824e-01,2.203619182109832764e-01,2.259925156831741333e-01,2.545695900917053223e-01,3.415935039520263672e-01,4.665452539920806885e-01,7.330038547515869141e-01,9.197686314582824707e-01,9.197686314582824707e-01,9.310200214385986328e-01,9.557576775550842285e-01,9.131576418876647949e-01,4.830861389636993408e-01,3.524568378925323486e-01,2.799271643161773682e-01,2.305147796869277954e-01,2.187265604734420776e-01,2.187265604734420776e-01,2.217829674482345581e-01,2.245980948209762573e-01,2.353317290544509888e-01,2.559760510921478271e-01,2.843808233737945557e-01,3.149336278438568115e-01,3.864689171314239502e-01,7.641263008117675781e-01,7.649205327033996582e-01
2.560273408889770508e-01,2.364861965179443359e-01,2.178136259317398071e-01,2.039162516593933105e-01,1.899764686822891235e-01,1.846239417791366577e-01,1.778151690959930420e-01,1.774678826332092285e-01,1.785077452659606934e-01,1.743995398283004761e-01,1.703733652830123901e-01,1.695566624402999878e-01,1.743995398283004761e-01,1.808255612850189209e-01,1.972261220216751099e-01,2.312097698450088501e-01,2.937332689762115479e-01,9.805939793586730957e-01,9.843302965164184570e-01,1.000000000000000000e+00,4.733961224555969238e-01,3.514860868453979492e-01,2.753580808639526367e-01,2.377221435308456421e-01,2.087008655071258545e-01,1.873604953289031982e-01,1.777284145355224609e-01,1.670825779438018799e-01,1.670825779438018799e-01,1.725323498249053955e-01,1.849578022956848145e-01,2.133782058954238892e-01,2.682651579380035400e-01,2.843416035175323486e-01,2.785878777503967285e-01,1.000000000000000000e+00,4.913382530212402344e-01
1.000000000000000000e+00,9.541626572608947754e-01,4.873482286930084229e-01,3.411402702331542969e-01,2.690478861331939697e-01,2.260731011629104614e-01,1.918099969625473022e-01,1.744010448455810547e-01,1.656519323587417603e-01,1.649287343025207520e-01,1.688286811113357544e-01,1.821493208408355713e-01,2.133790403604507446e-01,1.972718685865402222e-01,1.800222843885421753e-01,1.700046509504318237e-01,1.662122458219528198e-01,1.649287343025207520e-01,1.649287343025207520e-01,1.662122458219528198e-01,1.700046509504318237e-01,1.800222843885421753e-01,1.972718685865402222e-01,2.332444489002227783e-01,2.351161092519760132e-01,1.839632391929626465e-01,1.700827628374099731e-01,1.627398580312728882e-01,1.629845201969146729e-01,1.662122458219528198e-01,1.823679506778717041e-01,1.980111002922058105e-01,2.398144304752349854e-01,2.933721244335174561e-01,5.278786420822143555e-01,1.000000000000000000e+00,1.000000000000000000e+00
1.000000000000000000e+00,9.365793466567993164e-01,8.338152766227722168e-01,7.013204097747802734e-01,2.638496160507202148e-01,2.202188223600387573e-01,1.898479461669921875e-01,1.748999506235122681e-01,1.744070351123809814e-01,1.742424219846725464e-01,1.768578439950942993e-01,1.969697028398513794e-01,2.228097170591354370e-01,2.787631750106811523e-01,3.509465157985687256e-01,4.854399859905242920e-01,7.311292886734008789e-01,7.203346490859985352e-01,7.200557589530944824e-01,7.311292886734008789e-01,7.570452690124511719e-01,6.184343099594116211e-01,3.648968040943145752e-01,2.757617235183715820e-01,2.169366776943206787e-01,1.843261420726776123e-01,1.748999506235122681e-01,1.748999506235122681e-01,1.821335703134536743e-01,2.001491636037826538e-01,2.415942251682281494e-01,2.910510897636413574e-01,3.930642902851104736e-01,5.821514725685119629e-01,7.759144306182861328e-01,7.272727489471435547e-01,7.789760828018188477e-01
3.404389917850494385e-01,4.775200784206390381e-01,1.000000000000000000e+00,5.698007345199584961e-01,3.830969631671905518e-01,2.937451899051666260e-01,2.348522394895553589e-01,2.102369815111160278e-01,1.953010261058807373e-01,1.047455966472625732e-01,2.797446399927139282e-02,2.306833304464817047e-02,2.017267234623432159e-02,1.978093199431896210e-02,1.978093199431896210e-02,1.978093199431896210e-02,1.978093199431896210e-02,1.978093199431896210e-02,1.978093199431896210e-02,1.978093199431896210e-02,1.978093199431896210e-02,1.978093199431896210e-02,1.978093199431896210e-02,2.017267234623432159e-02,2.306833304464817047e-02,2.797446399927139282e-02,1.047455966472625732e-01,1.832700967788696289e-01,1.733965426683425903e-01,1.723553836345672607e-01,1.790365576744079590e-01,1.891123354434967041e-01,2.087802290916442871e-01,2.339508235454559326e-01,2.731774747371673584e-01,1.000000000000000000e+00,1.000000000000000000e+00
2.080621868371963501e-01,1.837534308433532715e-01,1.608126908540725708e-01,1.561951041221618652e-01,1.511142104864120483e-01,1.468566209077835083e-01,1.409568786621093750e-01,1.383010298013687134e-01,1.387237608432769775e-01,1.337088495492935181e-01,1.299332976341247559e-01,1.323885917663574219e-01,1.406102925539016724e-01,1.406102925539016724e-01,1.433595269918441772e-01,1.462573409080505371e-01,1.608126908540725708e-01,1.786915659904479980e-01,2.076396346092224121e-01,2.774475216865539551e-01,9.346785545349121094e-01,1.000000000000000000e+00,3.919968008995056152e-01,2.828813493251800537e-01,2.370874881744384766e-01,1.993431299924850464e-01,1.635206788778305054e-01,1.511142104864120483e-01,1.403324007987976074e-01,1.360960453748703003e-01,1.375936120748519897e-01,1.449167281389236450e-01,1.600828319787979126e-01,1.928740739822387695e-01,2.157528698444366455e-01,6.954242587089538574e-01,4.525977969169616699e-01
4.933888018131256104e-01,7.286679744720458984e-01,1.000000000000000000e+00,9.366340637207031250e-01,4.005442857742309570e-01,2.669987082481384277e-01,2.265330106019973755e-01,1.982733309268951416e-01,1.830167472362518311e-01,1.766292601823806763e-01,1.802629232406616211e-01,1.879113614559173584e-01,2.094510048627853394e-01,2.411884069442749023e-01,2.819820344448089600e-01,3.572738468647003174e-01,5.507010817527770996e-01,5.481384396553039551e-01,5.481384396553039551e-01,5.553908348083496094e-01,5.755720138549804688e-01,6.152434945106506348e-01,6.829709410667419434e-01,4.240011274814605713e-01,2.912891805171966553e-01,2.053419798612594604e-01,1.827128082513809204e-01,1.683593839406967163e-01,1.674767583608627319e-01,1.671445667743682861e-01,1.765243411064147949e-01,1.901654005050659180e-01,2.069595754146575928e-01,2.387177795171737671e-01,3.032546639442443848e-01,6.463342905044555664e-01,7.367016673088073730e-01
3.953255712985992432e-01,4.763721823692321777e-01,6.426221728324890137e-01,5.924122929573059082e-01,5.664209723472595215e-01,5.112422704696655273e-01,3.993664681911468506e-01,2.055806368589401245e-01,1.459376513957977295e-01,1.348972022533416748e-01,1.252489089965820312e-01,1.251014620065689087e-01,1.314323842525482178e-01,1.460640728473663330e-01,1.652704924345016479e-01,2.147141546010971069e-01,3.197564780712127686e-01,5.374296903610229492e-01,8.880367279052734375e-01,9.020581245422363281e-01,9.375919699668884277e-01,1.000000000000000000e+00,4.177958369255065918e-01,2.515271604061126709e-01,1.795091480016708374e-01,1.538184732198715210e-01,1.397356837987899780e-01,1.348972022533416748e-01,1.385419070720672607e-01,1.500528901815414429e-01,1.680390387773513794e-01,1.945097595453262329e-01,2.230613976716995239e-01,2.766838669776916504e-01,3.217129111289978027e-01,4.921585321426391602e-01,5.729674696922302246e-01
3.145989775657653809e-01,3.868171870708465576e-01,8.432960510253906250e-01,1.000000000000000000e+00,4.907832741737365723e-01,3.619807362556457520e-01,2.643274366855621338e-01,2.308140099048614502e-01,1.986985653638839722e-01,1.877989023923873901e-01,1.918584257364273071e-01,2.085385173559188843e-01,2.240371704101562500e-01,2.479300349950790405e-01,2.743415534496307373e-01,2.373974770307540894e-01,2.150275260210037231e-01,2.077981382608413696e-01,1.949793696403503418e-01,1.918584257364273071e-01,1.923264563083648682e-01,1.972062736749649048e-01,2.150872498750686646e-01,2.508654296398162842e-01,3.529625833034515381e-01,2.765795886516571045e-01,2.179346382617950439e-01,1.942534297704696655e-01,1.813271343708038330e-01,1.799763143062591553e-01,1.864949762821197510e-01,1.915904730558395386e-01,2.108049690723419189e-01,2.356053739786148071e-01,2.584309279918670654e-01,1.000000000000000000e+00,1.000000000000000000e+00
2.250618934631347656e-01,2.246169000864028931e-01,2.072404921054840088e-01,1.991150528192520142e-01,1.921465694904327393e-01,1.909713596105575562e-01,1.792837977409362793e-01,1.692357957363128662e-01,1.657259911298751831e-01,1.563279926776885986e-01,1.579199731349945068e-01,1.540715992450714111e-01,1.524394303560256958e-01,1.484490483999252319e-01,1.484490483999252319e-01,1.589462012052536011e-01,1.724568307399749756e-01,1.867329031229019165e-01,2.100577801465988159e-01,2.574615776538848877e-01,9.679697155952453613e-01,1.000000000000000000e+00,6.538234353065490723e-01,3.061887621879577637e-01,2.348517328500747681e-01,1.893270015716552734e-01,1.750481426715850830e-01,1.614445298910140991e-01,1.565678268671035767e-01,1.562479734420776367e-01,1.556062847375869751e-01,1.601221412420272827e-01,1.700467765331268311e-01,1.867329031229019165e-01,2.099386602640151978e-01,8.406459689140319824e-01,6.681538224220275879e-01
4.390684068202972412e-01,6.804540753364562988e-01,9.440250992774963379e-01,9.633828401565551758e-01,9.175475239753723145e-01,7.506210207939147949e-01,2.414208501577377319e-01,2.092533856630325317e-01,1.924614757299423218e-01,1.923076957464218140e-01,1.946016997098922729e-01,1.961161345243453979e-01,2.048234939575195312e-01,2.339524030685424805e-01,2.602911293506622314e-01,2.960289418697357178e-01,4.068205356597900391e-01,5.266844034194946289e-01,8.809959292411804199e-01,8.452442884445190430e-01,8.418772816658020020e-01,8.738474845886230469e-01,1.000000000000000000e+00,6.067178249359130859e-01,3.681072592735290527e-01,2.594942748546600342e-01,2.155219316482543945e-01,1.997039169073104858e-01,1.858930140733718872e-01,1.899859905242919922e-01,1.961161345243453979e-01,2.019139230251312256e-01,2.308973968029022217e-01,2.701084613800048828e-01,3.304112553596496582e-01,6.716102957725524902e-01,8.112849593162536621e-01
2.694018781185150146e-01,3.291805684566497803e-01,4.983049035072326660e-01,1.000000000000000000e+00,9.756064414978027344e-01,4.297647178173065186e-01,3.386662304401397705e-01,2.449371665716171265e-01,2.055070549249649048e-01,1.948126852512359619e-01,1.957754641771316528e-01,1.924222558736801147e-01,2.033136039972305298e-01,2.398654520511627197e-01,2.730811834335327148e-01,2.807589173316955566e-01,2.388381808996200562e-01,2.151346206665039062e-01,1.996525824069976807e-01,1.972474753856658936e-01,1.900778561830520630e-01,1.854561418294906616e-01,1.864672452211380005e-01,2.053662538528442383e-01,2.446417361497879028e-01,3.548091053962707520e-01,2.581615447998046875e-01,2.113362252712249756e-01,1.948869079351425171e-01,1.948869079351425171e-01,1.939942985773086548e-01,1.990721970796585083e-01,2.069098502397537231e-01,2.228617072105407715e-01,2.362810969352722168e-01,1.000000000000000000e+00,1.000000000000000000e+00
2.244996875524520874e-01,2.186229974031448364e-01,2.060392946004867554e-01,1.957780271768569946e-01,1.938285529613494873e-01,1.878587901592254639e-01,1.849483400583267212e-01,1.696487218141555786e-01,1.617918163537979126e-01,1.614561378955841064e-01,1.644524931907653809e-01,1.646997332572937012e-01,1.584031283855438232e-01,1.584031283855438232e-01,1.630444079637527466e-01,1.655211746692657471e-01,1.795906871557235718e-01,1.886512935161590576e-01,2.083305120468139648e-01,2.526410222053527832e-01,9.576548933982849121e-01,9.470449090003967285e-01,1.000000000000000000e+00,3.741621077060699463e-01,2.492359131574630737e-01,2.022523432970046997e-01,1.822891980409622192e-01,1.631275713443756104e-01,1.607827097177505493e-01,1.562478840351104736e-01,1.584031283855438232e-01,1.594273000955581665e-01,1.679614186286926270e-01,1.779976636171340942e-01,1.971587091684341431e-01,8.461538553237915039e-01,7.173339128494262695e-01
3.599078655242919922e-01,5.407502651214599609e-01,7.479729652404785156e-01,9.221114516258239746e-01,8.858672380447387695e-01,7.839443683624267578e-01,3.186760246753692627e-01,2.198611348867416382e-01,1.875425428152084351e-01,1.822678744792938232e-01,1.822678744792938232e-01,1.956553459167480469e-01,2.078906744718551636e-01,2.374557852745056152e-01,2.598853409290313721e-01,2.830150723457336426e-01,3.238935768604278564e-01,4.173909127712249756e-01,5.935752987861633301e-01,8.427035808563232422e-01,8.105521798133850098e-01,8.076516389846801758e-01,8.432459235191345215e-01,1.000000000000000000e+00,4.539104998111724854e-01,2.879262864589691162e-01,2.265520095825195312e-01,2.026944309473037720e-01,1.920390576124191284e-01,1.880294531583786011e-01,1.877049803733825684e-01,1.999695152044296265e-01,2.343550324440002441e-01,2.522679865360260010e-01,3.031883835792541504e-01,6.690339446067810059e-01,8.220565319061279297e-01
3.160786926746368408e-01,1.000000000000000000e+00,8.863824605941772461e-01,5.383404493331909180e-01,4.037991166114807129e-01,3.009741008281707764e-01,2.386824637651443481e-01,1.982751041650772095e-01,1.839741170406341553e-01,1.799454241991043091e-01,1.810477823019027710e-01,1.883061677217483521e-01,2.087217569351196289e-01,2.497039884328842163e-01,2.435899376869201660e-01,2.187656611204147339e-01,1.986971944570541382e-01,1.876376122236251831e-01,1.794208884239196777e-01,1.798289865255355835e-01,1.810477823019027710e-01,1.905176937580108643e-01,2.043612897396087646e-01,2.394709140062332153e-01,3.357125222682952881e-01,2.541930377483367920e-01,2.059437185525894165e-01,1.822009682655334473e-01,1.739682406187057495e-01,1.752278059720993042e-01,1.780145615339279175e-01,1.894704401493072510e-01,2.027148455381393433e-01,2.185740917921066284e-01,2.603396475315093994e-01,1.000000000000000000e+00,1.000000000000000000e+00
2.533428072929382324e-01,2.190116643905639648e-01,2.067617475986480713e-01,1.793945133686065674e-01,1.632416546344757080e-01,1.586423814296722412e-01,1.625425517559051514e-01,1.622620522975921631e-01,1.628924757242202759e-01,1.586423814296722412e-01,1.540536284446716309e-01,1.579950004816055298e-01,1.603559404611587524e-01,1.791404038667678833e-01,2.079151719808578491e-01,2.650730907917022705e-01,4.178519845008850098e-01,6.662603616714477539e-01,1.000000000000000000e+00,9.780653715133666992e-01,3.252601921558380127e-01,2.488986402750015259e-01,1.890984177589416504e-01,1.603559404611587524e-01,1.473277360200881958e-01,1.463972330093383789e-01,1.592871248722076416e-01,1.871005147695541382e-01,2.083528786897659302e-01,2.357398420572280884e-01,2.767176926136016846e-01,2.930277287960052490e-01,3.030764460563659668e-01,3.079963624477386475e-01,2.920935451984405518e-01,8.434205651283264160e-01,4.217873215675354004e-01
9.818636775016784668e-01,8.669012784957885742e-01,7.700109481811523438e-01,4.093603491783142090e-01,2.786587178707122803e-01,2.302469015121459961e-01,1.990960687398910522e-01,1.847698688507080078e-01,1.729636043310165405e-01,1.724541485309600830e-01,1.705300807952880859e-01,1.810416132211685181e-01,1.897041946649551392e-01,2.111081480979919434e-01,2.538745105266571045e-01,3.118145763874053955e-01,4.118781983852386475e-01,7.266530394554138184e-01,7.788730263710021973e-01,7.561741471290588379e-01,7.613924145698547363e-01,8.038895726203918457e-01,9.100310802459716797e-01,4.433603584766387939e-01,2.729158401489257812e-01,2.029262334108352661e-01,1.792097836732864380e-01,1.640876829624176025e-01,1.638193577527999878e-01,1.752378791570663452e-01,1.878397315740585327e-01,2.216801792383193970e-01,3.234492838382720947e-01,4.614481925964355469e-01,1.000000000000000000e+00,6.631799936294555664e-01,7.445192933082580566e-01
5.190897583961486816e-01,1.000000000000000000e+00,6.541250348091125488e-01,4.344643056392669678e-01,3.272073864936828613e-01,2.730237543582916260e-01,2.407167106866836548e-01,2.206173837184906006e-01,2.137127071619033813e-01,2.200306951999664307e-01,1.264682114124298096e-01,7.974814623594284058e-02,6.227283552289009094e-02,5.569851770997047424e-02,5.135149881243705750e-02,4.999095201492309570e-02,4.981826990842819214e-02,4.981826990842819214e-02,4.981826990842819214e-02,4.981826990842819214e-02,4.999095201492309570e-02,5.135149881243705750e-02,5.569851770997047424e-02,6.227283552289009094e-02,7.974814623594284058e-02,1.264682114124298096e-01,2.241822183132171631e-01,2.134706228971481323e-01,2.089416384696960449e-01,2.107894420623779297e-01,2.231032997369766235e-01,2.374728918075561523e-01,2.729290723800659180e-01,3.190195858478546143e-01,3.910813629627227783e-01,1.000000000000000000e+00,1.000000000000000000e+00
8.682636618614196777e-01,1.000000000000000000e+00,9.225478768348693848e-01,4.440973997116088867e-01,3.778004050254821777e-01,3.438561558723449707e-01,2.775038480758666992e-01,2.261904478073120117e-01,2.087857127189636230e-01,2.083232849836349487e-01,2.124488949775695801e-01,2.206872552633285522e-01,2.527694106101989746e-01,3.096948266029357910e-01,3.930636048316955566e-01,6.511930823326110840e-01,7.614810466766357422e-01,7.504780292510986328e-01,7.504780292510986328e-01,7.614810466766357422e-01,7.905312776565551758e-01,8.416134715080261230e-01,6.357179880142211914e-01,4.001759588718414307e-01,2.919830977916717529e-01,2.342543601989746094e-01,2.014988660812377930e-01,1.906787306070327759e-01,1.895373016595840454e-01,1.895373016595840454e-01,2.111968547105789185e-01,2.320829033851623535e-01,2.549538016319274902e-01,2.877409756183624268e-01,3.540815114974975586e-01,5.586863160133361816e-01,6.872732639312744141e-01
1.634035855531692505e-01,1.619649380445480347e-01,1.468050479888916016e-01,1.402831375598907471e-01,1.317512840032577515e-01,1.311578154563903809e-01,1.313064396381378174e-01,1.340989321470260620e-01,1.283773034811019897e-01,1.205418929457664490e-01,1.159229651093482971e-01,1.165940165519714355e-01,1.165940165519714355e-01,1.280730813741683960e-01,1.335158944129943848e-01,1.542551964521408081e-01,1.886649876832962036e-01,5.233843326568603516e-01,9.463387727737426758e-01,9.622800946235656738e-01,1.000000000000000000e+00,2.401516288518905640e-01,1.749885827302932739e-01,1.237356066703796387e-01,1.125943362712860107e-01,1.131989881396293640e-01,1.169280931353569031e-01,1.239718198776245117e-01,1.224681138992309570e-01,1.227067708969116211e-01,1.218294277787208557e-01,1.221491917967796326e-01,1.304121613502502441e-01,1.411148607730865479e-01,1.619649380445480347e-01,5.328136086463928223e-01,3.480240106582641602e-01
4.737822115421295166e-01,5.228719115257263184e-01,4.882017076015472412e-01,4.548717737197875977e-01,3.635761737823486328e-01,1.781574189662933350e-01,1.385684013366699219e-01,1.205009669065475464e-01,1.170491427183151245e-01,1.170491427183151245e-01,1.239944696426391602e-01,1.389377564191818237e-01,1.929786652326583862e-01,2.233430743217468262e-01,2.577839493751525879e-01,3.062437474727630615e-01,5.061040520668029785e-01,9.480690360069274902e-01,9.480690360069274902e-01,9.630148410797119141e-01,1.000000000000000000e+00,6.365854740142822266e-01,2.815399765968322754e-01,1.800649464130401611e-01,1.335461288690567017e-01,1.124338060617446899e-01,1.110579520463943481e-01,1.110579520463943481e-01,1.148390844464302063e-01,1.385684013366699219e-01,1.534283757209777832e-01,1.707145571708679199e-01,1.885005980730056763e-01,2.312348186969757080e-01,4.208917617797851562e-01,3.413668870925903320e-01,5.128635168075561523e-01
1.000000000000000000e+00,8.783218860626220703e-01,9.622853398323059082e-01,4.983193278312683105e-01,3.445304930210113525e-01,2.812219858169555664e-01,2.324172407388687134e-01,2.095143049955368042e-01,1.935847550630569458e-01,1.927396059036254883e-01,1.972971707582473755e-01,2.128639966249465942e-01,2.409245073795318604e-01,2.305365651845932007e-01,2.103782892227172852e-01,1.986714452505111694e-01,1.942395567893981934e-01,1.927396059036254883e-01,1.927396059036254883e-01,1.942395567893981934e-01,1.986714452505111694e-01,2.103782892227172852e-01,2.305365651845932007e-01,2.725749611854553223e-01,3.097660541534423828e-01,2.280048578977584839e-01,1.987627297639846802e-01,1.855470687150955200e-01,1.804925054311752319e-01,1.807937473058700562e-01,1.835814714431762695e-01,1.928337067365646362e-01,2.076882570981979370e-01,2.629556059837341309e-01,4.347502589225769043e-01,1.000000000000000000e+00,1.000000000000000000e+00
2.669809460639953613e-01,2.235807478427886963e-01,2.053330391645431519e-01,1.984097063541412354e-01,1.984097063541412354e-01,3.090377151966094971e-01,2.727639675140380859e-01,2.374254316091537476e-01,2.193737775087356567e-01,2.065771520137786865e-01,2.053330391645431519e-01,2.079258710145950317e-01,2.197981029748916626e-01,2.465697526931762695e-01,2.707066535949707031e-01,3.334031999111175537e-01,4.933284223079681396e-01,9.840328097343444824e-01,9.840328097343444824e-01,1.000000000000000000e+00,5.602318644523620605e-01,4.015460312366485596e-01,2.704483866691589355e-01,2.293409109115600586e-01,2.045373916625976562e-01,2.029367387294769287e-01,2.143250852823257446e-01,2.137809842824935913e-01,1.984097063541412354e-01,2.025921046733856201e-01,2.273004651069641113e-01,3.262703716754913330e-01,3.907264173030853271e-01,3.709080517292022705e-01,3.078293502330780029e-01,9.966182708740234375e-01,6.535767316818237305e-01
8.499380350112915039e-01,7.656139135360717773e-01,8.917202353477478027e-01,5.497170686721801758e-01,2.823340296745300293e-01,2.117505371570587158e-01,1.697953045368194580e-01,1.578295230865478516e-01,1.536339670419692993e-01,1.536339670419692993e-01,1.546935290098190308e-01,1.578295230865478516e-01,1.705152988433837891e-01,1.982032954692840576e-01,2.458409368991851807e-01,3.193887174129486084e-01,4.779523313045501709e-01,7.776799201965332031e-01,7.776799201965332031e-01,7.889406085014343262e-01,8.173630237579345703e-01,8.689439892768859863e-01,8.724615573883056641e-01,4.319977164268493652e-01,3.314358592033386230e-01,3.048663437366485596e-01,2.982306480407714844e-01,2.994604706764221191e-01,3.121465742588043213e-01,3.239589035511016846e-01,3.519906401634216309e-01,4.319977164268493652e-01,6.710151433944702148e-01,9.289088249206542969e-01,1.000000000000000000e+00,5.530996322631835938e-01,8.173631429672241211e-01
8.137633800506591797e-01,1.000000000000000000e+00,5.316677093505859375e-01,3.451017439365386963e-01,2.651330232620239258e-01,2.161653786897659302e-01,1.886993497610092163e-01,1.739722043275833130e-01,1.701985001564025879e-01,1.719048023223876953e-01,1.163722574710845947e-01,7.338184863328933716e-02,5.730159953236579895e-02,5.125210806727409363e-02,4.725210741162300110e-02,4.600017517805099487e-02,4.584128037095069885e-02,4.584128037095069885e-02,4.584128037095069885e-02,4.584128037095069885e-02,4.600017517805099487e-02,4.725210741162300110e-02,5.125210806727409363e-02,5.730159953236579895e-02,7.338184863328933716e-02,1.163722574710845947e-01,1.757249087095260620e-01,1.686480790376663208e-01,1.691664606332778931e-01,1.737623661756515503e-01,1.837626099586486816e-01,2.047591358423233032e-01,2.357658892869949341e-01,2.778454720973968506e-01,3.755574822425842285e-01,1.000000000000000000e+00,1.000000000000000000e+00
2.806544303894042969e-01,2.484677582979202271e-01,2.346553802490234375e-01,2.185303419828414917e-01,1.936498284339904785e-01,1.762167364358901978e-01,1.582869440317153931e-01,1.538937836885452271e-01,1.503957360982894897e-01,1.499186158180236816e-01,1.460455209016799927e-01,1.497820168733596802e-01,1.547559350728988647e-01,1.698282212018966675e-01,1.894825249910354614e-01,2.209986448287963867e-01,2.710448205471038818e-01,5.636379718780517578e-01,9.832798838615417480e-01,1.000000000000000000e+00,5.973659157752990723e-01,3.227849602699279785e-01,2.630345225334167480e-01,2.162705957889556885e-01,1.902372241020202637e-01,1.668490916490554810e-01,1.538272649049758911e-01,1.448492705821990967e-01,1.461856067180633545e-01,1.520875245332717896e-01,1.634404808282852173e-01,1.900757551193237305e-01,2.286466360092163086e-01,2.675482928752899170e-01,2.863225936889648438e-01,7.608695626258850098e-01,4.416445493698120117e-01
9.938981533050537109e-01,1.000000000000000000e+00,8.834670782089233398e-01,4.469728469848632812e-01,2.730053663253784180e-01,2.143796682357788086e-01,1.919850111007690430e-01,1.734177470207214355e-01,1.660184860229492188e-01,1.656250804662704468e-01,1.691328138113021851e-01,1.815050840377807617e-01,2.044900059700012207e-01,2.547096908092498779e-01,3.232766687870025635e-01,5.175502896308898926e-01,5.680572390556335449e-01,5.601645708084106445e-01,5.601645708084106445e-01,5.680572390556335449e-01,5.887811183929443359e-01,6.283368468284606934e-01,4.131853878498077393e-01,2.730053663253784180e-01,2.146077752113342285e-01,1.870802491903305054e-01,1.713362783193588257e-01,1.663129329681396484e-01,1.665089428424835205e-01,1.714314520359039307e-01,1.821329742670059204e-01,1.989108622074127197e-01,2.529749870300292969e-01,3.557950556278228760e-01,6.535031199455261230e-01,6.521739363670349121e-01,7.561494708061218262e-01
7.152865529060363770e-01,7.555618286132812500e-01,6.919831037521362305e-01,6.122542619705200195e-01,5.122413635253906250e-01,3.717511594295501709e-01,2.714657485485076904e-01,2.183971256017684937e-01,1.898519843816757202e-01,1.833465546369552612e-01,1.809886246919631958e-01,1.942281424999237061e-01,2.102942168712615967e-01,2.421593815088272095e-01,3.187395334243774414e-01,4.437929093837738037e-01,8.598195314407348633e-01,9.546548724174499512e-01,9.546548724174499512e-01,9.697359204292297363e-01,1.000000000000000000e+00,3.103079795837402344e-01,1.989777088165283203e-01,1.542485952377319336e-01,1.396325677633285522e-01,1.296455860137939453e-01,1.283425837755203247e-01,1.284880191087722778e-01,1.393648236989974976e-01,1.531550437211990356e-01,1.776559799909591675e-01,2.262099832296371460e-01,2.843677997589111328e-01,3.556271791458129883e-01,4.772491753101348877e-01,4.659524261951446533e-01,6.095982193946838379e-01
9.937069416046142578e-01,1.000000000000000000e+00,5.160981416702270508e-01,3.351869285106658936e-01,2.509771287441253662e-01,2.120773345232009888e-01,1.865873187780380249e-01,1.720090210437774658e-01,1.647649705410003662e-01,1.670316010713577271e-01,1.797781735658645630e-01,1.953754872083663940e-01,2.227499783039093018e-01,2.031539529561996460e-01,1.839637309312820435e-01,1.735484004020690918e-01,1.683987081050872803e-01,1.670316010713577271e-01,1.670316010713577271e-01,1.683987081050872803e-01,1.735484004020690918e-01,1.839637309312820435e-01,2.031539529561996460e-01,2.392659634351730347e-01,2.202657014131546021e-01,1.797781735658645630e-01,1.670316010713577271e-01,1.599062383174896240e-01,1.625231653451919556e-01,1.698628365993499756e-01,1.847596913576126099e-01,2.021583169698715210e-01,2.394192367792129517e-01,3.060972690582275391e-01,4.210512340068817139e-01,1.000000000000000000e+00,1.000000000000000000e+00
2.885931134223937988e-01,2.592627406120300293e-01,2.378776669502258301e-01,2.276354283094406128e-01,1.991093605756759644e-01,1.848419159650802612e-01,1.637740582227706909e-01,1.539397686719894409e-01,1.492555737495422363e-01,1.447703242301940918e-01,1.475466191768646240e-01,1.532131582498550415e-01,1.667207628488540649e-01,1.784757524728775024e-01,1.986502856016159058e-01,2.342247366905212402e-01,3.157204985618591309e-01,9.834286570549011230e-01,9.834286570549011230e-01,1.000000000000000000e+00,4.223987460136413574e-01,3.012849092483520508e-01,2.457643151283264160e-01,2.117510288953781128e-01,1.793263256549835205e-01,1.617170721292495728e-01,1.531469374895095825e-01,1.431495845317840576e-01,1.424391567707061768e-01,1.452600061893463135e-01,1.563590168952941895e-01,1.730503886938095093e-01,2.196520864963531494e-01,2.706344127655029297e-01,3.013859093189239502e-01,8.528223037719726562e-01,4.972368776798248291e-01
1.000000000000000000e+00,9.465255737304687500e-01,7.991531491279602051e-01,4.895447790622711182e-01,2.615579664707183838e-01,2.053994238376617432e-01,1.776102781295776367e-01,1.609613299369812012e-01,1.593216061592102051e-01,1.597605198621749878e-01,1.624768078327178955e-01,1.748287379741668701e-01,1.988166123628616333e-01,2.344528585672378540e-01,3.085958957672119141e-01,4.856674075126647949e-01,6.917137503623962402e-01,6.811043024063110352e-01,6.811043024063110352e-01,6.917137503623962402e-01,7.166481018066406250e-01,5.571152567863464355e-01,3.311966061592102051e-01,2.449689805507659912e-01,2.091158330440521240e-01,1.810271143913269043e-01,1.656775772571563721e-01,1.609613299369812012e-01,1.609613299369812012e-01,1.695419847965240479e-01,1.886975169181823730e-01,2.273258715867996216e-01,3.202324807643890381e-01,5.202973484992980957e-01,6.955246925354003906e-01,7.023242712020874023e-01,7.730586528778076172e-01
6.113934516906738281e-01,7.270189523696899414e-01,6.783859729766845703e-01,6.136205196380615234e-01,5.237648487091064453e-01,4.279179275035858154e-01,3.423532247543334961e-01,2.728583216667175293e-01,2.348928302526473999e-01,2.276755720376968384e-01,2.281480878591537476e-01,2.385324388742446899e-01,2.648470401763916016e-01,3.184505999088287354e-01,4.141049683094024658e-01,5.941222906112670898e-01,1.000000000000000000e+00,9.837681651115417480e-01,9.837681651115417480e-01,1.000000000000000000e+00,2.305740118026733398e-01,1.546215265989303589e-01,1.229345276951789856e-01,1.080126240849494934e-01,1.023821532726287842e-01,9.660942852497100830e-02,9.586339443922042847e-02,9.586339443922042847e-02,9.881372749805450439e-02,1.071785315871238708e-01,1.319482624530792236e-01,1.657156646251678467e-01,2.199772596359252930e-01,2.805130779743194580e-01,3.890761733055114746e-01,4.122094810009002686e-01,6.633717417716979980e-01
1.000000000000000000e+00,9.351546764373779297e-01,6.326342821121215820e-01,4.792006909847259521e-01,3.911151885986328125e-01,3.322765231132507324e-01,3.013195395469665527e-01,2.785331606864929199e-01,2.646672427654266357e-01,2.706855833530426025e-01,2.954230606555938721e-01,3.531409800052642822e-01,4.015971720218658447e-01,3.360823094844818115e-01,3.026064932346343994e-01,2.841337621212005615e-01,2.743929028511047363e-01,2.707638740539550781e-01,2.707638740539550781e-01,2.743929028511047363e-01,2.841337621212005615e-01,3.026064932346343994e-01,3.391170203685760498e-01,3.816796541213989258e-01,3.312542736530303955e-01,3.036553859710693359e-01,2.706855833530426025e-01,2.691148519515991211e-01,2.666619420051574707e-01,2.877660393714904785e-01,3.083427548408508301e-01,3.369221985340118408e-01,3.765919804573059082e-01,4.328097105026245117e-01,5.327406525611877441e-01,1.000000000000000000e+00,1.000000000000000000e+00
7.200925350189208984e-01,5.956792235374450684e-01,4.435245692729949951e-01,3.556686043739318848e-01,2.757487595081329346e-01,2.263576090335845947e-01,1.920661926269531250e-01,1.785643100738525391e-01,1.746145337820053101e-01,1.788740456104278564e-01,1.975224018096923828e-01,2.146591693162918091e-01,2.579500675201416016e-01,3.470666408538818359e-01,5.124766230583190918e-01,1.000000000000000000e+00,9.579530954360961914e-01,9.425389170646667480e-01,9.422922134399414062e-01,9.579530954360961914e-01,1.000000000000000000e+00,8.766539692878723145e-01,5.850271582603454590e-01,4.012733697891235352e-01,2.735720872879028320e-01,2.179858386516571045e-01,1.835177242755889893e-01,1.791832596063613892e-01,1.785643100738525391e-01,1.815769672393798828e-01,1.996409744024276733e-01,2.080059200525283813e-01,2.441467493772506714e-01,3.020749688148498535e-01,6.289482712745666504e-01,5.411705374717712402e-01,5.013601183891296387e-01
1.771997213363647461e-01,1.507892161607742310e-01,1.261634081602096558e-01,1.165702193975448608e-01,1.055264621973037720e-01,1.001938581466674805e-01,9.379176795482635498e-02,9.351550042629241943e-02,9.526975452899932861e-02,9.972795844078063965e-02,1.015787422657012939e-01,1.094263568520545959e-01,1.331866383552551270e-01,1.824938654899597168e-01,2.366869151592254639e-01,3.769558668136596680e-01,1.000000000000000000e+00,9.796902537345886230e-01,9.796902537345886230e-01,9.968436360359191895e-01,1.296826601028442383e-01,1.115340515971183777e-01,1.001938581466674805e-01,9.805350005626678467e-02,1.017314493656158447e-01,1.017314493656158447e-01,1.065998077392578125e-01,1.085241436958312988e-01,1.065026745200157166e-01,1.025925278663635254e-01,1.023905724287033081e-01,1.029952466487884521e-01,1.109292730689048767e-01,1.231328845024108887e-01,1.507892161607742310e-01,4.373358488082885742e-01,1.461789458990097046e-01
6.597602963447570801e-01,1.000000000000000000e+00,7.305318117141723633e-01,5.006245374679565430e-01,3.937779963016510010e-01,3.354281187057495117e-01,2.960389554500579834e-01,2.780482172966003418e-01,2.657224833965301514e-01,2.742684483528137207e-01,2.948302328586578369e-01,3.315775692462921143e-01,3.749651014804840088e-01,3.157931566238403320e-01,2.850724756717681885e-01,2.683967351913452148e-01,2.589425146579742432e-01,2.558208405971527100e-01,2.558208405971527100e-01,2.572930157184600830e-01,2.672428786754608154e-01,2.850724756717681885e-01,3.157931566238403320e-01,3.749651014804840088e-01,3.614434897899627686e-01,3.065238595008850098e-01,2.742684483528137207e-01,2.697239220142364502e-01,2.663419842720031738e-01,2.754676640033721924e-01,3.013725876808166504e-01,3.248614370822906494e-01,3.613674938678741455e-01,4.185146391391754150e-01,4.953429698944091797e-01,1.000000000000000000e+00,1.000000000000000000e+00
7.164608836174011230e-01,6.350253820419311523e-01,5.108369588851928711e-01,3.664128184318542480e-01,3.053270578384399414e-01,2.516903281211853027e-01,2.143960744142532349e-01,1.880333125591278076e-01,1.788932830095291138e-01,1.825921982526779175e-01,1.873910576105117798e-01,2.031081765890121460e-01,2.303642034530639648e-01,3.153566420078277588e-01,4.199335873126983643e-01,7.529488205909729004e-01,9.485226869583129883e-01,9.331106543540954590e-01,9.328639507293701172e-01,9.485226869583129883e-01,9.861049652099609375e-01,1.000000000000000000e+00,6.354395151138305664e-01,4.124282896518707275e-01,2.889502644538879395e-01,2.259933054447174072e-01,1.919558942317962646e-01,1.726581454277038574e-01,1.696484833955764771e-01,1.702289134263992310e-01,1.823519468307495117e-01,1.938308924436569214e-01,2.283092588186264038e-01,2.724338471889495850e-01,6.250578165054321289e-01,5.342763066291809082e-01,4.867908358573913574e-01
1.482978016138076782e-01,1.476333290338516235e-01,1.302798241376876831e-01,1.237616539001464844e-01,1.100393906235694885e-01,1.069390624761581421e-01,1.009655818343162537e-01,9.800071269273757935e-02,1.007603704929351807e-01,1.029449924826622009e-01,1.085241436958312988e-01,1.166146025061607361e-01,1.331866383552551270e-01,1.709875464439392090e-01,2.438585907220840454e-01,3.291606009006500244e-01,8.632679581642150879e-01,9.861131310462951660e-01,9.861131310462951660e-01,1.000000000000000000e+00,1.398206204175949097e-01,1.142385751008987427e-01,1.069390624761581421e-01,9.847478568553924561e-02,9.821169078350067139e-02,9.842222183942794800e-02,1.001938581466674805e-01,1.085241436958312988e-01,1.081420183181762695e-01,1.116731539368629456e-01,1.029952466487884521e-01,1.029952466487884521e-01,1.065512523055076599e-01,1.159917041659355164e-01,1.312296241521835327e-01,4.407779872417449951e-01,8.773712068796157837e-02
6.834046840667724609e-01,1.000000000000000000e+00,6.855909228324890137e-01,4.694015085697174072e-01,3.875236511230468750e-01,3.176779150962829590e-01,2.942233383655548096e-01,2.664391398429870605e-01,2.665728330612182617e-01,2.718404829502105713e-01,3.003359138965606689e-01,3.495474457740783691e-01,3.979746401309967041e-01,3.375162184238433838e-01,3.038975894451141357e-01,2.853460311889648438e-01,2.755635976791381836e-01,2.719191014766693115e-01,2.719191014766693115e-01,2.755635976791381836e-01,2.853460311889648438e-01,3.038975894451141357e-01,3.375162184238433838e-01,3.833081126213073730e-01,3.326675593852996826e-01,3.049509525299072266e-01,2.718404829502105713e-01,2.563245594501495361e-01,2.549866139888763428e-01,2.617712616920471191e-01,2.749681770801544189e-01,2.975469231605529785e-01,3.326033055782318115e-01,3.880382180213928223e-01,4.698567092418670654e-01,1.000000000000000000e+00,1.000000000000000000e+00
7.135341763496398926e-01,6.640670895576477051e-01,4.557817280292510986e-01,3.384443819522857666e-01,2.824645936489105225e-01,2.386844307184219360e-01,2.033639103174209595e-01,1.829132288694381714e-01,1.741282045841217041e-01,1.735267192125320435e-01,1.777597069740295410e-01,1.919015645980834961e-01,2.371708303689956665e-01,3.006343841552734375e-01,4.323414564132690430e-01,8.163779973983764648e-01,9.623488187789916992e-01,9.462432861328125000e-01,9.459854364395141602e-01,9.614430069923400879e-01,1.000000000000000000e+00,9.368662834167480469e-01,6.060606241226196289e-01,3.666194975376129150e-01,2.586783766746520996e-01,2.023330479860305786e-01,1.783469170331954956e-01,1.711675375699996948e-01,1.681547611951828003e-01,1.727887392044067383e-01,1.877399384975433350e-01,2.025052160024642944e-01,2.500929236412048340e-01,3.505837023258209229e-01,6.149470210075378418e-01,5.136271715164184570e-01,5.182659626007080078e-01
1.621882170438766479e-01,1.862436085939407349e-01,1.887607425451278687e-01,1.674325615167617798e-01,1.490712016820907593e-01,1.383893042802810669e-01,1.255036443471908569e-01,1.141127571463584900e-01,1.083881035447120667e-01,1.079149097204208374e-01,1.104666888713836670e-01,1.191825494170188904e-01,1.396165341138839722e-01,1.887607425451278687e-01,2.527456283569335938e-01,3.556980490684509277e-01,1.000000000000000000e+00,9.830243587493896484e-01,9.830243587493896484e-01,1.000000000000000000e+00,1.691557615995407104e-01,1.215914785861968994e-01,1.050309613347053528e-01,1.006065979599952698e-01,1.019540652632713318e-01,1.031737923622131348e-01,1.047599092125892639e-01,1.006065979599952698e-01,9.918352216482162476e-02,1.012264192104339600e-01,1.027872636914253235e-01,1.127088591456413269e-01,1.192302554845809937e-01,1.259107589721679688e-01,1.415580064058303833e-01,4.457458555698394775e-01,2.339739352464675903e-01
1.000000000000000000e+00,9.031751155853271484e-01,5.967630743980407715e-01,4.314490556716918945e-01,3.433775603771209717e-01,3.059037625789642334e-01,2.665410935878753662e-01,2.548444271087646484e-01,2.496602684259414673e-01,2.588830292224884033e-01,2.898632884025573730e-01,3.410443365573883057e-01,3.110803067684173584e-01,2.617570459842681885e-01,2.363090515136718750e-01,2.231733798980712891e-01,2.151408493518829346e-01,2.127901613712310791e-01,2.127901613712310791e-01,2.151408493518829346e-01,2.221285998821258545e-01,2.363090515136718750e-01,2.568104565143585205e-01,3.110803067684173584e-01,3.172638714313507080e-01,2.864377200603485107e-01,2.588830292224884033e-01,2.461860775947570801e-01,2.459305673837661743e-01,2.537566125392913818e-01,2.733189463615417480e-01,3.000938594341278076e-01,3.378400504589080811e-01,3.858476281166076660e-01,4.879727363586425781e-01,1.000000000000000000e+00,1.000000000000000000e+00
7.942804098129272461e-01,6.860700249671936035e-01,4.990973174571990967e-01,3.461072146892547607e-01,2.964115142822265625e-01,2.504696846008300781e-01,2.134051769971847534e-01,1.919447332620620728e-01,1.827259361743927002e-01,1.821649968624114990e-01,1.914776265621185303e-01,2.239926308393478394e-01,2.701754271984100342e-01,3.335720300674438477e-01,4.875316321849822998e-01,1.000000000000000000e+00,9.632495045661926270e-01,9.472326040267944336e-01,9.472326040267944336e-01,9.623060822486877441e-01,9.949597716331481934e-01,9.423446059226989746e-01,5.783390998840332031e-01,3.633807003498077393e-01,2.533642053604125977e-01,2.123234122991561890e-01,1.872212886810302734e-01,1.779015809297561646e-01,1.728686988353729248e-01,1.813203394412994385e-01,1.895977109670639038e-01,2.054022848606109619e-01,2.443162202835083008e-01,2.943326234817504883e-01,7.575976252555847168e-01,5.008960366249084473e-01,5.574121475219726562e-01
1.829927861690521240e-01,1.791678369045257568e-01,1.584131717681884766e-01,1.482978016138076782e-01,1.326502114534378052e-01,1.222295686602592468e-01,1.137392222881317139e-01,1.102119609713554382e-01,1.087479814887046814e-01,1.082732081413269043e-01,1.141411289572715759e-01,1.226503252983093262e-01,1.400800943374633789e-01,1.677497774362564087e-01,2.535848021507263184e-01,3.568790256977081299e-01,1.000000000000000000e+00,9.829104542732238770e-01,9.829104542732238770e-01,9.966802000999450684e-01,1.363947689533233643e-01,1.219951882958412170e-01,1.101600080728530884e-01,1.057050973176956177e-01,1.069968566298484802e-01,1.141411289572715759e-01,1.121171861886978149e-01,1.083260625600814819e-01,1.069968566298484802e-01,1.126265823841094971e-01,1.222295686602592468e-01,1.373983025550842285e-01,1.574345231056213379e-01,1.754878908395767212e-01,1.818946599960327148e-01,4.467450976371765137e-01,3.075003623962402344e-01
1.000000000000000000e+00,9.412341117858886719e-01,5.918304920196533203e-01,4.103509783744812012e-01,3.420629501342773438e-01,3.015907406806945801e-01,2.693983316421508789e-01,2.575762867927551270e-01,2.565769553184509277e-01,2.616581618785858154e-01,2.929705381393432617e-01,3.415368199348449707e-01,2.915420830249786377e-01,2.466474026441574097e-01,2.228155285120010376e-01,2.097495198249816895e-01,2.032807320356369019e-01,2.007372379302978516e-01,2.007372379302978516e-01,2.027429193258285522e-01,2.097495198249816895e-01,2.228155285120010376e-01,2.466474026441574097e-01,2.915420830249786377e-01,3.238338232040405273e-01,2.929705381393432617e-01,2.688972353935241699e-01,2.565769553184509277e-01,2.575762867927551270e-01,2.664015889167785645e-01,2.863855659961700439e-01,3.112326562404632568e-01,3.542566299438476562e-01,4.205541312694549561e-01,5.079205632209777832e-01,1.000000000000000000e+00,1.000000000000000000e+00
7.444638013839721680e-01,7.013071775436401367e-01,5.227234959602355957e-01,3.512354791164398193e-01,2.864454686641693115e-01,2.541808784008026123e-01,2.236303687095642090e-01,2.013079077005386353e-01,1.905492693185806274e-01,1.899259835481643677e-01,1.943147480487823486e-01,2.158359587192535400e-01,2.741785943508148193e-01,3.457538783550262451e-01,5.590405464172363281e-01,1.000000000000000000e+00,9.614321589469909668e-01,9.458906650543212891e-01,9.456259608268737793e-01,9.614321589469909668e-01,9.934704899787902832e-01,9.448454380035400391e-01,5.869083404541015625e-01,3.615491092205047607e-01,2.823690772056579590e-01,2.266149669885635376e-01,1.899953335523605347e-01,1.832176744937896729e-01,1.767766922712326050e-01,1.795863658189773560e-01,1.999288499355316162e-01,2.238070368766784668e-01,2.503159940242767334e-01,3.181715607643127441e-01,8.060819506645202637e-01,5.135135054588317871e-01,5.571492910385131836e-01
1.201335564255714417e-01,1.175567880272865295e-01,1.191095411777496338e-01,1.209188997745513916e-01,1.115291565656661987e-01,1.109284535050392151e-01,1.158391460776329041e-01,1.129183620214462280e-01,1.072536259889602661e-01,1.067853868007659912e-01,1.093104556202888489e-01,1.179350912570953369e-01,1.334817260503768921e-01,1.607332825660705566e-01,2.083448469638824463e-01,3.414400219917297363e-01,1.000000000000000000e+00,9.827294945716857910e-01,9.827294945716857910e-01,9.960836172103881836e-01,1.419714838266372681e-01,1.185002774000167847e-01,1.086462587118148804e-01,1.021484136581420898e-01,1.008869335055351257e-01,1.013274937868118286e-01,1.014922037720680237e-01,1.139002814888954163e-01,1.203188076615333557e-01,1.362069696187973022e-01,1.605253070592880249e-01,1.763272881507873535e-01,1.636512726545333862e-01,1.466021984815597534e-01,1.236508488655090332e-01,4.459459483623504639e-01,2.831152677536010742e-01
1.000000000000000000e+00,9.374979138374328613e-01,5.939591526985168457e-01,4.118268787860870361e-01,3.432932496070861816e-01,3.026754558086395264e-01,2.673597633838653564e-01,2.585026919841766357e-01,2.525534927845001221e-01,2.625992894172668457e-01,2.940242588520050049e-01,3.459399938583374023e-01,3.155458271503448486e-01,2.655145525932312012e-01,2.397012561559677124e-01,2.263770252466201782e-01,2.182291895151138306e-01,2.158447504043579102e-01,2.158447504043579102e-01,2.182291895151138306e-01,2.253172397613525391e-01,2.397012561559677124e-01,2.604969739913940430e-01,3.155458271503448486e-01,3.298586905002593994e-01,2.940242588520050049e-01,2.661958634853363037e-01,2.532441318035125732e-01,2.527327239513397217e-01,2.623774707317352295e-01,2.823290228843688965e-01,3.073414266109466553e-01,3.474885821342468262e-01,4.106943607330322266e-01,4.985326528549194336e-01,1.000000000000000000e+00,1.000000000000000000e+00
7.188834547996520996e-01,6.719298958778381348e-01,5.119314789772033691e-01,3.439839482307434082e-01,2.764936387538909912e-01,2.453026026487350464e-01,2.120959907770156860e-01,1.971517503261566162e-01,1.866152286529541016e-01,1.860048174858093262e-01,1.903029680252075195e-01,2.068478167057037354e-01,2.473545223474502563e-01,3.315256834030151367e-01,4.845407605171203613e-01,1.000000000000000000e+00,9.622771739959716797e-01,9.464415907859802246e-01,9.464415907859802246e-01,9.622771739959716797e-01,9.936109781265258789e-01,9.365635514259338379e-01,5.747911930084228516e-01,3.540846407413482666e-01,2.697855532169342041e-01,2.219363152980804443e-01,1.860048174858093262e-01,1.719552278518676758e-01,1.689902693033218384e-01,1.785171777009963989e-01,1.958011537790298462e-01,2.112004458904266357e-01,2.451480180025100708e-01,2.972831428050994873e-01,7.694671154022216797e-01,5.086426734924316406e-01,5.525844693183898926e-01
1.160839721560478210e-01,1.139336451888084412e-01,1.144630089402198792e-01,1.188443675637245178e-01,1.087509766221046448e-01,1.078375130891799927e-01,1.129161417484283447e-01,1.102067455649375916e-01,1.065558269619941711e-01,1.060906276106834412e-01,1.085992678999900818e-01,1.171677932143211365e-01,1.279735416173934937e-01,1.550072878599166870e-01,2.024253904819488525e-01,3.392185866832733154e-01,1.000000000000000000e+00,9.829553961753845215e-01,9.829553961753845215e-01,9.967467188835144043e-01,1.454218178987503052e-01,1.195359975099563599e-01,1.102067455649375916e-01,1.021315976977348328e-01,1.012126952409744263e-01,1.014296561479568481e-01,1.032554283738136292e-01,1.131592318415641785e-01,1.226672828197479248e-01,1.398740112781524658e-01,1.594809144735336304e-01,1.632611751556396484e-01,1.552198678255081177e-01,1.456483900547027588e-01,1.195359975099563599e-01,4.459459483623504639e-01,2.875489592552185059e-01
1.000000000000000000e+00,9.515283703804016113e-01,6.010062694549560547e-01,4.168705642223358154e-01,3.458191156387329102e-01,3.080788552761077881e-01,2.723979949951171875e-01,2.599889934062957764e-01,2.564327418804168701e-01,2.642946839332580566e-01,2.953771054744720459e-01,3.482995927333831787e-01,2.955497801303863525e-01,2.507497370243072510e-01,2.267937809228897095e-01,2.124202698469161987e-01,2.060815691947937012e-01,2.035910636186599731e-01,2.035910636186599731e-01,2.060815691947937012e-01,2.124202698469161987e-01,2.267937809228897095e-01,2.507497370243072510e-01,2.955497801303863525e-01,3.275028169155120850e-01,2.919243276119232178e-01,2.679369747638702393e-01,2.549363374710083008e-01,2.571776807308197021e-01,2.654502689838409424e-01,2.853628993034362793e-01,3.101212382316589355e-01,3.497794270515441895e-01,4.077611863613128662e-01,5.061067938804626465e-01,1.000000000000000000e+00,1.000000000000000000e+00
7.375369668006896973e-01,6.950976252555847168e-01,5.143746733665466309e-01,3.501361012458801270e-01,2.930102050304412842e-01,2.536159753799438477e-01,2.200585752725601196e-01,1.980926543474197388e-01,1.875058412551879883e-01,1.868925243616104126e-01,1.912111937999725342e-01,2.123886644840240479e-01,2.697994709014892578e-01,3.402315676212310791e-01,4.937740564346313477e-01,1.000000000000000000e+00,9.619091153144836426e-01,9.459145069122314453e-01,9.459145069122314453e-01,9.609670639038085938e-01,9.935753345489501953e-01,9.523124694824218750e-01,5.885401964187622070e-01,3.628750741481781006e-01,2.710731029510498047e-01,2.229955196380615234e-01,1.919436752796173096e-01,1.825415790081024170e-01,1.739532500505447388e-01,1.810680329799652100e-01,1.967356204986572266e-01,2.122083902359008789e-01,2.552705109119415283e-01,2.987019121646881104e-01,7.615351080894470215e-01,5.066666603088378906e-01,5.511923432350158691e-01
1.154012158513069153e-01,1.154012158513069153e-01,1.174949407577514648e-01,1.135077103972434998e-01,1.079793199896812439e-01,1.071734875440597534e-01,1.142688766121864319e-01,1.072240322828292847e-01,1.057997420430183411e-01,1.025227680802345276e-01,1.039398312568664551e-01,1.119698584079742432e-01,1.270654797554016113e-01,1.539074033498764038e-01,2.009890526533126831e-01,3.264205157756805420e-01,1.000000000000000000e+00,9.827465415000915527e-01,9.825535416603088379e-01,9.961349368095397949e-01,1.547499746084213257e-01,1.186878085136413574e-01,1.094247549772262573e-01,1.014069095253944397e-01,1.004945263266563416e-01,1.020991131663322449e-01,1.025227680802345276e-01,1.090776100754737854e-01,1.217968836426734924e-01,1.388815194368362427e-01,1.563868522644042969e-01,1.462170332670211792e-01,1.442773342132568359e-01,1.271933317184448242e-01,1.186878085136413574e-01,4.399999976158142090e-01,2.821498513221740723e-01
1.000000000000000000e+00,9.656631946563720703e-01,6.161404848098754883e-01,4.255903363227844238e-01,3.561135232448577881e-01,3.060526251792907715e-01,2.721759378910064697e-01,2.603592574596405029e-01,2.539710700511932373e-01,2.686751484870910645e-01,2.896220684051513672e-01,3.371355831623077393e-01,3.933405876159667969e-01,3.283702731132507324e-01,2.953577041625976562e-01,2.784714698791503906e-01,2.686751484870910645e-01,2.650230824947357178e-01,2.650230824947357178e-01,2.686751484870910645e-01,2.773443162441253662e-01,2.953577041625976562e-01,3.283702731132507324e-01,3.841002285480499268e-01,3.371355831623077393e-01,3.014000952243804932e-01,2.686751484870910645e-01,2.539710700511932373e-01,2.538340091705322266e-01,2.598239779472351074e-01,2.770429551601409912e-01,3.023225069046020508e-01,3.487661182880401611e-01,3.988763093948364258e-01,4.797073900699615479e-01,1.000000000000000000e+00,1.000000000000000000e+00
6.920146346092224121e-01,6.677834391593933105e-01,5.871219635009765625e-01,3.224903047084808350e-01,2.758316397666931152e-01,2.274878919124603271e-01,1.988692134618759155e-01,1.802734434604644775e-01,1.711542308330535889e-01,1.705289334058761597e-01,1.749268621206283569e-01,1.875027269124984741e-01,2.290478348731994629e-01,3.038819134235382080e-01,4.478766322135925293e-01,9.854128956794738770e-01,9.622550010681152344e-01,9.464724659919738770e-01,9.464724659919738770e-01,9.622550010681152344e-01,1.000000000000000000e+00,9.185848832130432129e-01,5.745543837547302246e-01,3.568739891052246094e-01,2.614726722240447998e-01,1.997624635696411133e-01,1.754688471555709839e-01,1.619612723588943481e-01,1.648666411638259888e-01,1.746552288532257080e-01,1.828881353139877319e-01,2.046927213668823242e-01,2.267038971185684204e-01,3.035301566123962402e-01,6.904864311218261719e-01,5.027731060981750488e-01,5.495610833168029785e-01
1.012768968939781189e-01,9.915567934513092041e-02,9.915567934513092041e-02,1.023210138082504272e-01,1.018524840474128723e-01,9.915567934513092041e-02,9.936983883380889893e-02,1.061950847506523132e-01,1.015389338135719299e-01,1.015389338135719299e-01,1.012244075536727905e-01,1.079324409365653992e-01,1.181351393461227417e-01,1.291803866624832153e-01,1.510294377803802490e-01,2.470247745513916016e-01,4.452317655086517334e-01,9.830788969993591309e-01,9.828897118568420410e-01,1.000000000000000000e+00,2.119142115116119385e-01,1.510294377803802490e-01,1.199654117226600647e-01,1.004337891936302185e-01,9.335845708847045898e-02,9.386938810348510742e-02,1.019046530127525330e-01,1.112780943512916565e-01,1.237166002392768860e-01,1.330712437629699707e-01,1.390092372894287109e-01,1.395434588193893433e-01,1.387030482292175293e-01,1.297960132360458374e-01,1.142937988042831421e-01,4.484464526176452637e-01,2.643007040023803711e-01
9.076587557792663574e-01,1.000000000000000000e+00,5.871483087539672852e-01,4.458595812320709229e-01,3.818197846412658691e-01,3.208815753459930420e-01,2.971284985542297363e-01,2.756043672561645508e-01,2.655306458473205566e-01,2.790715396404266357e-01,3.157965242862701416e-01,5.505180358886718750e-01,4.106109440326690674e-01,3.459457457065582275e-01,3.160592615604400635e-01,2.929077148437500000e-01,2.831321358680725098e-01,2.790715396404266357e-01,2.790715396404266357e-01,2.825206518173217773e-01,2.964525520801544189e-01,3.160592615604400635e-01,3.541472256183624268e-01,3.724278211593627930e-01,3.244832456111907959e-01,2.959153354167938232e-01,2.827898859977722168e-01,2.691790461540222168e-01,2.756043672561645508e-01,2.847401797771453857e-01,3.182622492313385010e-01,3.498234152793884277e-01,4.009273052215576172e-01,4.635383486747741699e-01,5.644655823707580566e-01,1.000000000000000000e+00,7.733553051948547363e-01
5.308275818824768066e-01,6.064820885658264160e-01,5.876424312591552734e-01,4.204266667366027832e-01,2.734851837158203125e-01,2.227251827716827393e-01,1.897663027048110962e-01,1.706830263137817383e-01,1.649568080902099609e-01,1.754178106784820557e-01,1.888043731451034546e-01,2.092366367578506470e-01,2.465649396181106567e-01,3.478531837463378906e-01,5.160829424858093262e-01,9.900269508361816406e-01,9.527041912078857422e-01,9.368690252304077148e-01,9.368690252304077148e-01,9.571215510368347168e-01,1.000000000000000000e+00,7.916546463966369629e-01,5.142765641212463379e-01,3.645791113376617432e-01,2.775968611240386963e-01,2.171136140823364258e-01,1.844135969877243042e-01,1.746665537357330322e-01,1.669681668281555176e-01,1.659350544214248657e-01,1.749558895826339722e-01,1.799157112836837769e-01,1.992317736148834229e-01,2.275773733854293823e-01,3.564420342445373535e-01,5.263158082962036133e-01,3.503658473491668701e-01
1.133667677640914917e-01,1.260268539190292358e-01,1.367670148611068726e-01,1.313679516315460205e-01,1.265217363834381104e-01,1.165825203061103821e-01,1.084844321012496948e-01,9.799268096685409546e-02,9.381160140037536621e-02,9.358929842710494995e-02,9.314309805631637573e-02,9.962644428014755249e-02,1.084364205598831177e-01,1.187510713934898376e-01,1.351583898067474365e-01,1.894186884164810181e-01,4.078314006328582764e-01,9.804209470748901367e-01,9.793846607208251953e-01,1.000000000000000000e+00,9.201191663742065430e-01,1.754906028509140015e-01,1.278727501630783081e-01,1.084364205598831177e-01,9.535320848226547241e-02,9.179149568080902100e-02,9.041969478130340576e-02,9.314309805631637573e-02,9.491530805826187134e-02,9.595206379890441895e-02,8.972592651844024658e-02,8.861634880304336548e-02,8.966787159442901611e-02,9.408874064683914185e-02,1.082441583275794983e-01,3.872869908809661865e-01,7.455333322286605835e-02
7.718831300735473633e-02,7.399292290210723877e-02,7.008105516433715820e-02,6.678679585456848145e-02,6.242497637867927551e-02,6.242497637867927551e-02,6.242497637867927551e-02,6.344840675592422485e-02,8.125360310077667236e-02,1.204517483711242676e-01,1.558301150798797607e-01,1.180208548903465271e-01,9.097713977098464966e-02,7.718831300735473633e-02,7.234231382608413696e-02,6.532412767410278320e-02,6.420527398586273193e-02,6.420527398586273193e-02,6.420527398586273193e-02,6.420527398586273193e-02,6.532412767410278320e-02,6.726727634668350220e-02,7.366575300693511963e-02,8.531392365694046021e-02,1.091607660055160522e-01,1.766100972890853882e-01,6.755989193916320801e-01,6.867685317993164062e-01,7.155449986457824707e-01,7.524991631507873535e-01,8.258340358734130859e-01,9.015212059020996094e-01,1.000000000000000000e+00,1.095289289951324463e-01,8.828224986791610718e-02,2.149752825498580933e-01,1.000000000000000000e+00
7.190628051757812500e-01,1.000000000000000000e+00,6.728731393814086914e-01,4.689805805683135986e-01,3.926720321178436279e-01,3.362906575202941895e-01,3.105361163616180420e-01,2.844464480876922607e-01,2.717396616935729980e-01,2.921796143054962158e-01,3.606169521808624268e-01,5.625723600387573242e-01,4.133740365505218506e-01,3.535087704658508301e-01,3.181861042976379395e-01,2.984474301338195801e-01,2.887277603149414062e-01,2.846928238868713379e-01,2.884362041950225830e-01,2.924194931983947754e-01,3.031557500362396240e-01,3.215397894382476807e-01,3.617622256278991699e-01,3.643884956836700439e-01,3.216052055358886719e-01,2.942837178707122803e-01,2.846928238868713379e-01,2.833350896835327148e-01,2.783167958259582520e-01,2.960415184497833252e-01,3.098127841949462891e-01,3.552498221397399902e-01,4.069983959197998047e-01,4.666575789451599121e-01,5.571624040603637695e-01,1.000000000000000000e+00,7.801796793937683105e-01
5.130718350410461426e-01,5.654153227806091309e-01,5.557997226715087891e-01,4.029065072536468506e-01,2.872446775436401367e-01,2.334575206041336060e-01,1.943035423755645752e-01,1.791223585605621338e-01,1.715787351131439209e-01,1.739390939474105835e-01,1.785105317831039429e-01,1.975019574165344238e-01,2.319616675376892090e-01,3.289516270160675049e-01,4.956798255443572998e-01,9.816812872886657715e-01,9.542787075042724609e-01,9.378791451454162598e-01,9.378791451454162598e-01,9.578157067298889160e-01,1.000000000000000000e+00,8.109802603721618652e-01,5.670488476753234863e-01,3.866056501865386963e-01,2.812615633010864258e-01,2.293312996625900269e-01,2.006989568471908569e-01,1.752492785453796387e-01,1.715787351131439209e-01,1.669962108135223389e-01,1.734810620546340942e-01,1.846451908349990845e-01,1.975523084402084351e-01,2.581012845039367676e-01,3.219226002693176270e-01,5.221736431121826172e-01,3.496209383010864258e-01
1.492213010787963867e-01,1.764637380838394165e-01,1.722948402166366577e-01,1.574345231056213379e-01,1.373983025550842285e-01,1.174531206488609314e-01,1.015625074505805969e-01,9.204217791557312012e-02,8.823186904191970825e-02,8.519530296325683594e-02,8.566433191299438477e-02,9.241457283496856689e-02,1.042327359318733215e-01,1.197217851877212524e-01,1.492213010787963867e-01,1.985937803983688354e-01,3.931024372577667236e-01,9.795327186584472656e-01,9.795327186584472656e-01,1.000000000000000000e+00,9.967663288116455078e-01,5.955218672752380371e-01,1.798374950885772705e-01,1.353415101766586304e-01,9.997195005416870117e-02,8.958391845226287842e-02,8.797198534011840820e-02,8.823186904191970825e-02,9.204217791557312012e-02,9.694883972406387329e-02,1.124740093946456909e-01,1.231626346707344055e-01,1.317843496799468994e-01,1.390959173440933228e-01,1.420280039310455322e-01,3.524672091007232666e-01,1.213402450084686279e-01
1.051946878433227539e-01,9.081532061100006104e-02,8.171527087688446045e-02,7.840748876333236694e-02,7.694635540246963501e-02,7.694635540246963501e-02,7.996026426553726196e-02,9.174785017967224121e-02,1.033808514475822449e-01,1.218570619821548462e-01,1.920090913772583008e-01,1.954751610755920410e-01,1.445762664079666138e-01,1.111405342817306519e-01,9.773758053779602051e-02,8.444745093584060669e-02,7.876854389905929565e-02,7.876854389905929565e-02,7.876854389905929565e-02,8.275040984153747559e-02,8.870795369148254395e-02,9.773758053779602051e-02,1.074189245700836182e-01,1.293129473924636841e-01,1.785319000482559204e-01,2.957819998264312744e-01,7.617300748825073242e-01,7.750971317291259766e-01,8.178468942642211914e-01,8.408941626548767090e-01,9.166533946990966797e-01,1.000000000000000000e+00,1.471697688102722168e-01,1.144113019108772278e-01,1.087316274642944336e-01,2.507183551788330078e-01,1.000000000000000000e+00
6.691004633903503418e-01,1.000000000000000000e+00,7.106940150260925293e-01,4.811277389526367188e-01,3.954845666885375977e-01,3.440412878990173340e-01,3.015156984329223633e-01,2.887376844882965088e-01,2.768587470054626465e-01,2.851879596710205078e-01,3.263906240463256836e-01,5.625838041305541992e-01,4.060836434364318848e-01,3.482156693935394287e-01,3.144867122173309326e-01,2.957093417644500732e-01,2.849598824977874756e-01,2.813881933689117432e-01,2.813881933689117432e-01,2.849598824977874756e-01,2.993273735046386719e-01,3.178911209106445312e-01,3.535278439521789551e-01,3.645345270633697510e-01,3.230981826782226562e-01,2.950489819049835205e-01,2.813111543655395508e-01,2.838422060012817383e-01,2.795335352420806885e-01,2.962463200092315674e-01,3.144867122173309326e-01,3.490859568119049072e-01,4.012154638767242432e-01,4.616799652576446533e-01,5.580582022666931152e-01,1.000000000000000000e+00,7.818048000335693359e-01
5.135627388954162598e-01,5.855093002319335938e-01,5.966143012046813965e-01,4.348202943801879883e-01,3.153191804885864258e-01,2.442367374897003174e-01,1.979293376207351685e-01,1.781723201274871826e-01,1.729999929666519165e-01,1.817280948162078857e-01,1.907062977552413940e-01,2.072517126798629761e-01,2.426682561635971069e-01,3.449544310569763184e-01,4.643855094909667969e-01,9.856340885162353516e-01,9.533799290657043457e-01,9.372330307960510254e-01,9.372330307960510254e-01,9.578402042388916016e-01,1.000000000000000000e+00,8.159697651863098145e-01,5.776302218437194824e-01,3.810335695743560791e-01,2.865100502967834473e-01,2.247852385044097900e-01,1.863266825675964355e-01,1.785195171833038330e-01,1.686501353979110718e-01,1.690779477357864380e-01,1.767183095216751099e-01,1.781143844127655029e-01,2.012387365102767944e-01,2.169824987649917603e-01,2.958318889141082764e-01,5.352898836135864258e-01,3.587888181209564209e-01
1.037142127752304077e-01,1.070992499589920044e-01,1.118444576859474182e-01,1.131504401564598083e-01,1.128253638744354248e-01,1.031053140759468079e-01,9.168379753828048706e-02,8.503269404172897339e-02,8.105195313692092896e-02,7.835275679826736450e-02,7.882013916969299316e-02,8.422668278217315674e-02,9.527619183063507080e-02,1.100472584366798401e-01,1.356722861528396606e-01,1.799301356077194214e-01,2.506367266178131104e-01,9.800614714622497559e-01,9.798740744590759277e-01,1.000000000000000000e+00,9.820083975791931152e-01,5.340047478675842285e-01,1.514612138271331787e-01,1.043195500969886780e-01,9.276480972766876221e-02,8.201728016138076782e-02,8.098719269037246704e-02,8.105195313692092896e-02,8.195327967405319214e-02,8.558625727891921997e-02,8.704522252082824707e-02,8.959980309009552002e-02,9.723860770463943481e-02,9.937363117933273315e-02,1.017219796776771545e-01,3.466666638851165771e-01,8.708832412958145142e-02
7.683920860290527344e-02,7.461529970169067383e-02,7.368006557226181030e-02,7.368006557226181030e-02,7.368006557226181030e-02,7.658092677593231201e-02,7.874933630228042603e-02,8.024471253156661987e-02,8.868905156850814819e-02,1.558547317981719971e-01,1.965081989765167236e-01,1.568052619695663452e-01,1.134831607341766357e-01,9.772332757711410522e-02,8.445512503385543823e-02,8.122633397579193115e-02,8.024471253156661987e-02,7.619185745716094971e-02,7.619185745716094971e-02,7.619185745716094971e-02,7.683920860290527344e-02,8.024471253156661987e-02,8.562007546424865723e-02,1.009151339530944824e-01,1.309130042791366577e-01,2.281851768493652344e-01,7.617885470390319824e-01,7.756804227828979492e-01,8.241529464721679688e-01,8.496500253677368164e-01,9.255449175834655762e-01,1.000000000000000000e+00,1.407585293054580688e-01,1.170921549201011658e-01,8.902351558208465576e-02,2.485274374485015869e-01,1.000000000000000000e+00
4.010011255741119385e-01,5.078894495964050293e-01,1.000000000000000000e+00,8.839104175567626953e-01,4.914304316043853760e-01,3.872197866439819336e-01,3.097096383571624756e-01,2.685266733169555664e-01,2.525981068611145020e-01,2.541401386260986328e-01,2.665155827999114990e-01,2.817263901233673096e-01,3.190407156944274902e-01,2.741914391517639160e-01,2.465154528617858887e-01,2.320891320705413818e-01,2.247709929943084717e-01,2.219320386648178101e-01,2.219320386648178101e-01,2.247709929943084717e-01,2.320891320705413818e-01,2.432987093925476074e-01,2.691937088966369629e-01,3.190407156944274902e-01,4.099105298519134521e-01,3.264626264572143555e-01,2.828381955623626709e-01,2.597241103649139404e-01,2.486110776662826538e-01,2.451868057250976562e-01,2.530794143676757812e-01,2.671157121658325195e-01,2.881106436252593994e-01,3.157919943332672119e-01,3.589269220829010010e-01,1.000000000000000000e+00,1.000000000000000000e+00
3.371856212615966797e-01,6.196165084838867188e-01,6.622020006179809570e-01,5.927342772483825684e-01,3.441459834575653076e-01,2.732508480548858643e-01,2.280878275632858276e-01,1.946223825216293335e-01,1.716473400592803955e-01,1.622803360223770142e-01,1.656647473573684692e-01,1.728773862123489380e-01,1.985742449760437012e-01,2.290589809417724609e-01,2.842901945114135742e-01,3.445269167423248291e-01,5.676923990249633789e-01,8.006359338760375977e-01,8.006359338760375977e-01,8.140708804130554199e-01,8.452650904655456543e-01,8.981961011886596680e-01,1.000000000000000000e+00,6.217623353004455566e-01,3.757652044296264648e-01,2.593063414096832275e-01,1.931652873754501343e-01,1.656647473573684692e-01,1.588238179683685303e-01,1.545740216970443726e-01,1.620314419269561768e-01,1.662726849317550659e-01,1.789007782936096191e-01,2.003447860479354858e-01,2.378754615783691406e-01,5.180755257606506348e-01,5.610363483428955078e-01
1.825321763753890991e-01,1.630611717700958252e-01,1.325101107358932495e-01,1.174110099673271179e-01,1.113766804337501526e-01,1.085400730371475220e-01,1.047523394227027893e-01,1.044100895524024963e-01,9.934077411890029907e-02,9.641526639461517334e-02,9.405284374952316284e-02,9.405284374952316284e-02,9.405284374952316284e-02,9.959779679775238037e-02,1.082098037004470825e-01,1.230669394135475159e-01,1.691258996725082397e-01,2.956105470657348633e-01,8.872927427291870117e-01,9.024915099143981934e-01,9.355407357215881348e-01,1.000000000000000000e+00,1.949403434991836548e-01,1.368757784366607666e-01,1.172802895307540894e-01,1.078785285353660583e-01,1.023325622081756592e-01,1.009744405746459961e-01,1.001098752021789551e-01,1.003649309277534485e-01,1.063028797507286072e-01,1.068785265088081360e-01,1.174110099673271179e-01,1.295047849416732788e-01,1.561737656593322754e-01,4.444444477558135986e-01,2.826137542724609375e-01
3.906071782112121582e-01,4.811557233333587646e-01,1.000000000000000000e+00,8.260276913642883301e-01,5.799773931503295898e-01,3.870455622673034668e-01,3.238666653633117676e-01,2.853073775768280029e-01,2.575396299362182617e-01,2.518143653869628906e-01,2.566851079463958740e-01,2.758391797542572021e-01,3.135042488574981689e-01,2.795553803443908691e-01,2.513380050659179688e-01,2.366294562816619873e-01,2.291681617498397827e-01,2.262736558914184570e-01,2.262736558914184570e-01,2.291681617498397827e-01,2.331429719924926758e-01,2.480583190917968750e-01,2.744598984718322754e-01,3.201240897178649902e-01,4.224296808242797852e-01,3.328491747379302979e-01,2.810755074024200439e-01,2.533432543277740479e-01,2.416134327650070190e-01,2.401207834482192993e-01,2.477091550827026367e-01,2.613122761249542236e-01,2.758150398731231689e-01,2.943130135536193848e-01,3.365491628646850586e-01,1.000000000000000000e+00,1.000000000000000000e+00
6.732069253921508789e-01,7.460026144981384277e-01,6.560954451560974121e-01,5.385943055152893066e-01,3.342753946781158447e-01,2.720371186733245850e-01,2.324782162904739380e-01,2.085187882184982300e-01,1.795054972171783447e-01,1.654040217399597168e-01,1.643869280815124512e-01,1.659102290868759155e-01,1.703369468450546265e-01,1.977334916591644287e-01,2.387950122356414795e-01,3.367124199867248535e-01,4.664195179939270020e-01,7.947020530700683594e-01,7.977563142776489258e-01,8.108928203582763672e-01,8.427269458770751953e-01,8.950129747390747070e-01,1.000000000000000000e+00,6.759417653083801270e-01,3.768177330493927002e-01,2.642976641654968262e-01,1.968834698200225830e-01,1.754897236824035645e-01,1.638120263814926147e-01,1.664778739213943481e-01,1.683562099933624268e-01,1.759073585271835327e-01,1.863811761140823364e-01,2.085187882184982300e-01,2.334680706262588501e-01,5.442334413528442383e-01,5.824032425880432129e-01
1.843366920948028564e-01,1.631047576665878296e-01,1.412322968244552612e-01,1.311232596635818481e-01,1.240671500563621521e-01,1.183157041668891907e-01,1.183157041668891907e-01,1.208896711468696594e-01,1.176757588982582092e-01,1.192935332655906677e-01,1.223701015114784241e-01,1.280755400657653809e-01,1.411088556051254272e-01,1.497364491224288940e-01,1.777597069740295410e-01,2.398981302976608276e-01,3.645699322223663330e-01,4.860149323940277100e-01,9.831290841102600098e-01,1.000000000000000000e+00,2.000522762537002563e-01,1.531879305839538574e-01,1.350512802600860596e-01,1.261563599109649658e-01,1.173792183399200439e-01,1.124251112341880798e-01,1.137604936957359314e-01,1.265241652727127075e-01,1.412322968244552612e-01,1.384073644876480103e-01,1.357376873493194580e-01,1.297875046730041504e-01,1.311232596635818481e-01,1.380291432142257690e-01,1.698047220706939697e-01,5.155895352363586426e-01,2.364788353443145752e-01
3.409090936183929443e-01,2.952626049518585205e-01,2.435677200555801392e-01,1.651521921157836914e-01,8.548095822334289551e-02,7.317283004522323608e-02,6.349366158246994019e-02,5.429543554782867432e-02,5.324105545878410339e-02,5.324105545878410339e-02,5.335923656821250916e-02,5.612099915742874146e-02,6.208920478820800781e-02,7.282767444849014282e-02,9.159937500953674316e-02,1.365944147109985352e-01,1.696674376726150513e-01,2.249885201454162598e-01,8.103841543197631836e-01,8.276810646057128906e-01,8.609846830368041992e-01,9.161656498908996582e-01,1.000000000000000000e+00,4.058289527893066406e-01,2.063544094562530518e-01,1.532421857118606567e-01,1.277785301208496094e-01,1.254903674125671387e-01,1.313279420137405396e-01,1.546334624290466309e-01,2.058654129505157471e-01,3.131732940673828125e-01,3.428988456726074219e-01,3.491610288619995117e-01,4.068675637245178223e-01,2.291509062051773071e-01,4.308856427669525146e-01
4.075354933738708496e-01,5.171926617622375488e-01,1.000000000000000000e+00,7.432755231857299805e-01,5.041182041168212891e-01,3.832706809043884277e-01,3.193240165710449219e-01,2.815628349781036377e-01,2.610236108303070068e-01,2.586327195167541504e-01,2.656936347484588623e-01,2.788531780242919922e-01,3.143330216407775879e-01,2.713950574398040771e-01,2.440013438463211060e-01,2.297221571207046509e-01,2.224786430597305298e-01,2.196686416864395142e-01,2.196686416864395142e-01,2.224786430597305298e-01,2.297221571207046509e-01,2.408173978328704834e-01,2.664483189582824707e-01,3.157869279384613037e-01,4.105269908905029297e-01,3.265522718429565430e-01,2.799536287784576416e-01,2.543761134147644043e-01,2.471950501203536987e-01,2.476008683443069458e-01,2.555083334445953369e-01,2.664483189582824707e-01,2.851723432540893555e-01,3.159458637237548828e-01,3.622625470161437988e-01,1.000000000000000000e+00,1.000000000000000000e+00
5.685504674911499023e-01,7.036017775535583496e-01,5.944642424583435059e-01,4.678034484386444092e-01,3.168555498123168945e-01,2.731493413448333740e-01,2.360061854124069214e-01,1.976523995399475098e-01,1.701510548591613770e-01,1.577426493167877197e-01,1.538128256797790527e-01,1.573241502046585083e-01,1.736031919717788696e-01,2.029190361499786377e-01,2.553280591964721680e-01,3.425365388393402100e-01,5.263499021530151367e-01,7.997531890869140625e-01,7.995294332504272461e-01,8.128936290740966797e-01,8.440869450569152832e-01,8.968856930732727051e-01,1.000000000000000000e+00,6.068201661109924316e-01,3.571809232234954834e-01,2.505245208740234375e-01,1.909635215997695923e-01,1.652653217315673828e-01,1.611099392175674438e-01,1.553966850042343140e-01,1.626806408166885376e-01,1.667404323816299438e-01,1.766684502363204956e-01,1.976523995399475098e-01,2.426178455352783203e-01,5.272836685180664062e-01,5.408409833908081055e-01
1.258116662502288818e-01,1.987202465534210205e-01,1.743060201406478882e-01,1.535737812519073486e-01,1.320225447416305542e-01,1.192321479320526123e-01,1.144301220774650574e-01,1.097158193588256836e-01,1.060811653733253479e-01,1.056180372834205627e-01,1.081155017018318176e-01,1.166458651423454285e-01,1.274034678936004639e-01,1.449995934963226318e-01,1.721363365650177002e-01,2.709077298641204834e-01,3.362203836441040039e-01,5.665636658668518066e-01,9.487326741218566895e-01,9.651256799697875977e-01,1.000000000000000000e+00,1.309038698673248291e-01,1.097158193588256836e-01,1.010317578911781311e-01,9.746447950601577759e-02,9.622713923454284668e-02,1.036398038268089294e-01,1.159433126449584961e-01,1.305705606937408447e-01,1.335403323173522949e-01,1.175297349691390991e-01,1.033239886164665222e-01,9.813281148672103882e-02,9.813281148672103882e-02,1.048935577273368835e-01,4.445886909961700439e-01,2.223079502582550049e-01
4.278717041015625000e-01,5.248531103134155273e-01,1.000000000000000000e+00,8.057571649551391602e-01,5.454655885696411133e-01,3.991156518459320068e-01,3.370158374309539795e-01,2.970871329307556152e-01,2.755790352821350098e-01,2.697248160839080811e-01,2.746629714965820312e-01,2.910217046737670898e-01,3.255458772182464600e-01,2.804371714591979980e-01,2.524228990077972412e-01,2.376272827386856079e-01,2.293238043785095215e-01,2.265168577432632446e-01,2.265168577432632446e-01,2.293238043785095215e-01,2.376272827386856079e-01,2.476153820753097534e-01,2.754148542881011963e-01,3.255458772182464600e-01,4.303565025329589844e-01,3.462093770503997803e-01,2.948819994926452637e-01,2.707530856132507324e-01,2.617237865924835205e-01,2.592429518699645996e-01,2.669311761856079102e-01,2.812654972076416016e-01,3.006547689437866211e-01,3.240536749362945557e-01,3.605284094810485840e-01,1.000000000000000000e+00,1.000000000000000000e+00
5.555352568626403809e-01,6.196354627609252930e-01,5.636447668075561523e-01,4.701654016971588135e-01,3.462466895580291748e-01,2.749925255775451660e-01,2.323774248361587524e-01,1.851400732994079590e-01,1.675348728895187378e-01,1.595510542392730713e-01,1.555522233247756958e-01,1.567218005657196045e-01,1.709339320659637451e-01,2.058317065238952637e-01,2.514021992683410645e-01,3.507531285285949707e-01,5.182569026947021484e-01,7.959907054901123047e-01,7.959907054901123047e-01,8.087925314903259277e-01,8.405796289443969727e-01,8.926491737365722656e-01,1.000000000000000000e+00,6.429081559181213379e-01,3.765641748905181885e-01,2.466725260019302368e-01,1.965740174055099487e-01,1.720520257949829102e-01,1.624434441328048706e-01,1.581716239452362061e-01,1.604071706533432007e-01,1.675348728895187378e-01,1.797348111867904663e-01,2.000730335712432861e-01,2.522723674774169922e-01,5.188659429550170898e-01,5.405030250549316406e-01
1.557141095399856567e-01,1.753558814525604248e-01,1.606535762548446655e-01,1.406435817480087280e-01,1.200290992856025696e-01,1.145273149013519287e-01,1.110864654183387756e-01,1.025936976075172424e-01,9.863568842411041260e-02,9.843105077743530273e-02,1.002577617764472961e-01,1.080033183097839355e-01,1.181240901350975037e-01,1.439733058214187622e-01,1.753558814525604248e-01,2.364401370286941528e-01,2.910980582237243652e-01,4.846725165843963623e-01,8.873350024223327637e-01,9.023198485374450684e-01,9.348941445350646973e-01,1.000000000000000000e+00,1.168368309736251831e-01,9.781456738710403442e-02,9.229937940835952759e-02,9.257205575704574585e-02,9.573095291852951050e-02,9.863568842411041260e-02,1.074417755007743835e-01,1.225230470299720764e-01,1.347869485616683960e-01,1.323336660861968994e-01,1.267694532871246338e-01,1.265306323766708374e-01,1.332825720310211182e-01,4.210526347160339355e-01,2.636183202266693115e-01
5.280002355575561523e-01,7.472416162490844727e-01,1.000000000000000000e+00,6.430007815361022949e-01,4.432789981365203857e-01,3.783201277256011963e-01,3.264580965042114258e-01,2.914347648620605469e-01,2.756405472755432129e-01,2.722269892692565918e-01,8.296249806880950928e-02,5.571576580405235291e-02,4.353878647089004517e-02,3.841600567102432251e-02,3.637473657727241516e-02,3.566836565732955933e-02,3.566836565732955933e-02,3.566836565732955933e-02,3.566836565732955933e-02,3.566836565732955933e-02,3.566836565732955933e-02,3.637473657727241516e-02,3.841600567102432251e-02,4.353878647089004517e-02,5.571576580405235291e-02,8.296249806880950928e-02,2.719230353832244873e-01,2.763089835643768311e-01,2.722269892692565918e-01,2.730436027050018311e-01,2.875232994556427002e-01,3.097402751445770264e-01,3.366080820560455322e-01,3.802488744258880615e-01,4.439242780208587646e-01,1.000000000000000000e+00,1.000000000000000000e+00
8.920158147811889648e-01,9.484179615974426270e-01,8.372809290885925293e-01,7.236232161521911621e-01,4.505919218063354492e-01,3.598074018955230713e-01,2.981618940830230713e-01,2.603586614131927490e-01,2.412002086639404297e-01,2.304593622684478760e-01,2.288226038217544556e-01,2.403858006000518799e-01,2.732818424701690674e-01,3.404372334480285645e-01,4.666971564292907715e-01,6.698891520500183105e-01,8.253089189529418945e-01,8.127987980842590332e-01,8.127987980842590332e-01,8.253089189529418945e-01,8.569389581680297852e-01,9.154332280158996582e-01,1.000000000000000000e+00,6.697671413421630859e-01,4.321532547473907471e-01,3.175376653671264648e-01,2.686986923217773438e-01,2.399775534868240356e-01,2.250056266784667969e-01,2.252959609031677246e-01,2.304593622684478760e-01,2.401817589998245239e-01,2.633542716503143311e-01,2.965130507946014404e-01,3.656194806098937988e-01,5.384615659713745117e-01,5.860835909843444824e-01
2.265893965959548950e-01,1.891785264015197754e-01,1.771935075521469116e-01,1.626106053590774536e-01,1.535997837781906128e-01,1.392645835876464844e-01,1.368718892335891724e-01,1.290559023618698120e-01,1.229380592703819275e-01,1.192436739802360535e-01,1.130210086703300476e-01,1.130210086703300476e-01,1.246614456176757812e-01,1.417625844478607178e-01,1.698964834213256836e-01,2.177608460187911987e-01,3.212395012378692627e-01,9.080039262771606445e-01,9.104564189910888672e-01,9.255481958389282227e-01,9.621245861053466797e-01,1.000000000000000000e+00,1.787019073963165283e-01,1.425372511148452759e-01,1.311192363500595093e-01,1.243850961327552795e-01,1.224331781268119812e-01,1.192436739802360535e-01,1.290559023618698120e-01,1.431635767221450806e-01,1.732261329889297485e-01,2.040552943944931030e-01,2.156967073678970337e-01,2.264374792575836182e-01,2.519043385982513428e-01,4.358974397182464600e-01,2.739859223365783691e-01
3.364613056182861328e-01,3.531925082206726074e-01,6.950387358665466309e-01,5.364370346069335938e-01,5.402272343635559082e-01,5.456698536872863770e-01,4.979377686977386475e-01,4.457480609416961670e-01,3.964594006538391113e-01,3.464548289775848389e-01,3.239974081516265869e-01,3.228008449077606201e-01,3.288471400737762451e-01,3.503925204277038574e-01,3.841106295585632324e-01,4.548881649971008301e-01,6.062597036361694336e-01,9.408003091812133789e-01,9.424814581871032715e-01,9.625726342201232910e-01,1.000000000000000000e+00,7.897624969482421875e-01,5.531613230705261230e-01,4.127190411090850830e-01,3.638873398303985596e-01,3.439069688320159912e-01,3.439069688320159912e-01,3.455397784709930420e-01,3.740886449813842773e-01,4.143353998661041260e-01,3.748401999473571777e-01,3.340478837490081787e-01,3.194045722484588623e-01,3.183012604713439941e-01,3.257300257682800293e-01,1.000000000000000000e+00,7.371965050697326660e-01
7.936993241310119629e-01,8.397893905639648438e-01,1.000000000000000000e+00,9.741480946540832520e-01,7.547060251235961914e-01,3.550957143306732178e-01,2.862069308757781982e-01,2.424184083938598633e-01,2.180320322513580322e-01,2.170801460742950439e-01,2.222132682800292969e-01,2.369463592767715454e-01,2.659543454647064209e-01,2.523702681064605713e-01,2.280391156673431396e-01,2.171861231327056885e-01,2.053136676549911499e-01,2.053136676549911499e-01,2.102963924407958984e-01,2.112788408994674683e-01,2.171861231327056885e-01,2.280391156673431396e-01,2.502644658088684082e-01,2.974040210247039795e-01,2.639569342136383057e-01,2.354852259159088135e-01,2.170801460742950439e-01,2.120398133993148804e-01,2.191898226737976074e-01,2.258083671331405640e-01,2.546394169330596924e-01,2.903573811054229736e-01,3.488855361938476562e-01,5.212908387184143066e-01,7.918417453765869141e-01,7.794106602668762207e-01,1.000000000000000000e+00
3.343058526515960693e-01,6.616379618644714355e-01,6.811668872833251953e-01,5.465878248214721680e-01,5.316154956817626953e-01,5.137268304824829102e-01,5.049065351486206055e-01,4.921591281890869141e-01,4.124611318111419678e-01,3.530106246471405029e-01,3.301282525062561035e-01,3.211556971073150635e-01,3.230832219123840332e-01,3.386476635932922363e-01,3.769277334213256836e-01,4.477849006652832031e-01,6.073569059371948242e-01,9.363216757774353027e-01,9.492990970611572266e-01,9.639597535133361816e-01,1.000000000000000000e+00,9.308054447174072266e-01,5.756820440292358398e-01,4.325168728828430176e-01,3.707729876041412354e-01,3.420814573764801025e-01,3.360493183135986328e-01,3.435729444026947021e-01,3.622024953365325928e-01,4.149330854415893555e-01,4.125496745109558105e-01,3.519744873046875000e-01,3.351787328720092773e-01,3.299069106578826904e-01,3.275738060474395752e-01,1.000000000000000000e+00,7.416872978210449219e-01
7.285342216491699219e-01,7.457656860351562500e-01,1.000000000000000000e+00,8.783857822418212891e-01,8.101475238800048828e-01,3.853479027748107910e-01,3.075614571571350098e-01,2.544305920600891113e-01,2.351671904325485229e-01,2.343979775905609131e-01,2.398143857717514038e-01,2.522125840187072754e-01,2.701152265071868896e-01,2.424772083759307861e-01,2.212748378515243530e-01,2.089616358280181885e-01,2.043001949787139893e-01,2.027225643396377563e-01,2.027225643396377563e-01,2.043001949787139893e-01,2.089616358280181885e-01,2.212748378515243530e-01,2.424772083759307861e-01,2.866930067539215088e-01,2.464989423751831055e-01,2.137092202901840210e-01,2.027225643396377563e-01,1.989255547523498535e-01,2.013320028781890869e-01,2.043001949787139893e-01,2.199103385210037231e-01,2.433858364820480347e-01,2.806090116500854492e-01,3.686341941356658936e-01,7.311462163925170898e-01,8.079264163970947266e-01,1.000000000000000000e+00
3.141411840915679932e-01,3.310735821723937988e-01,7.024921774864196777e-01,5.990601181983947754e-01,5.647215247154235840e-01,5.515214800834655762e-01,5.338401198387145996e-01,5.070480108261108398e-01,4.091422855854034424e-01,3.576840758323669434e-01,3.195852041244506836e-01,3.072005510330200195e-01,3.137978017330169678e-01,3.359227776527404785e-01,3.810353577136993408e-01,4.675942957401275635e-01,5.942414999008178711e-01,9.372230768203735352e-01,9.504734277725219727e-01,9.645480513572692871e-01,1.000000000000000000e+00,9.916636347770690918e-01,6.013951301574707031e-01,4.409336447715759277e-01,3.564763665199279785e-01,3.292230963706970215e-01,3.221611678600311279e-01,3.239410817623138428e-01,3.404918909072875977e-01,3.765764534473419189e-01,4.211746156215667725e-01,3.680825829505920410e-01,3.324817121028900146e-01,3.192476630210876465e-01,3.141411840915679932e-01,1.000000000000000000e+00,7.439621090888977051e-01
7.304415106773376465e-01,7.350142002105712891e-01,1.000000000000000000e+00,8.928520679473876953e-01,8.052662014961242676e-01,3.474159836769104004e-01,2.796990573406219482e-01,2.250209301710128784e-01,2.149267196655273438e-01,2.077980190515518188e-01,2.124215513467788696e-01,2.225403040647506714e-01,2.430639714002609253e-01,2.497421354055404663e-01,2.282575517892837524e-01,2.153874486684799194e-01,2.093189805746078491e-01,2.077980190515518188e-01,2.077980190515518188e-01,2.093189805746078491e-01,2.153874486684799194e-01,2.257246673107147217e-01,2.497421354055404663e-01,2.938707768917083740e-01,2.956866621971130371e-01,2.445277422666549683e-01,2.203918397426605225e-01,2.155714631080627441e-01,2.211103141307830811e-01,2.289513349533081055e-01,2.452563494443893433e-01,2.695195078849792480e-01,3.323074281215667725e-01,4.121951460838317871e-01,7.412722706794738770e-01,8.747640252113342285e-01,1.000000000000000000e+00
9.747325628995895386e-02,1.072830110788345337e-01,1.078757420182228088e-01,1.065374612808227539e-01,9.989632666110992432e-02,9.615599364042282104e-02,8.838130533695220947e-02,8.637444674968719482e-02,8.637444674968719482e-02,9.051986783742904663e-02,1.086120977997779846e-01,1.668339669704437256e-01,2.699109315872192383e-01,3.362379372119903564e-01,3.621675074100494385e-01,3.974251449108123779e-01,4.423391819000244141e-01,5.337635874748229980e-01,9.837999343872070312e-01,1.000000000000000000e+00,1.162680238485336304e-01,9.615599364042282104e-02,9.191793948411941528e-02,9.191793948411941528e-02,9.260906279087066650e-02,1.010072007775306702e-01,1.141928732395172119e-01,1.299916058778762817e-01,1.964129209518432617e-01,1.197798103094100952e-01,9.397605806589126587e-02,8.838130533695220947e-02,8.838130533695220947e-02,8.838130533695220947e-02,8.927859365940093994e-02,4.373820126056671143e-01,5.422988533973693848e-01
2.668449878692626953e-01,2.331693470478057861e-01,2.072669565677642822e-01,2.028536647558212280e-01,1.962921917438507080e-01,1.940439641475677490e-01,2.064715623855590820e-01,2.103207111358642578e-01,2.120736837387084961e-01,1.965714097023010254e-01,1.873569637537002563e-01,1.904419958591461182e-01,1.977883726358413696e-01,2.309535592794418335e-01,2.806937098503112793e-01,4.338954985141754150e-01,1.000000000000000000e+00,9.828570485115051270e-01,9.828570485115051270e-01,5.390075445175170898e-01,3.589395880699157715e-01,2.857769727706909180e-01,2.494217157363891602e-01,2.261539995670318604e-01,2.070021629333496094e-01,2.020748257637023926e-01,1.999945193529129028e-01,2.089799344539642334e-01,2.297033816576004028e-01,2.567628026008605957e-01,2.647815644741058350e-01,2.518289983272552490e-01,2.533760666847229004e-01,2.763614654541015625e-01,3.013997077941894531e-01,1.000000000000000000e+00,1.888906061649322510e-01
9.111713767051696777e-01,4.015993475914001465e-01,2.766516506671905518e-01,2.233628481626510620e-01,1.882831156253814697e-01,1.670068651437759399e-01,1.536927819252014160e-01,1.506520360708236694e-01,1.520143300294876099e-01,1.604308485984802246e-01,9.221169352531433105e-02,5.814671516418457031e-02,4.540495574474334717e-02,4.061142727732658386e-02,3.744188696146011353e-02,3.644987195730209351e-02,3.632396459579467773e-02,3.632396459579467773e-02,3.632396459579467773e-02,3.632396459579467773e-02,3.644987195730209351e-02,3.744188696146011353e-02,4.061142727732658386e-02,4.540495574474334717e-02,5.814671516418457031e-02,9.221169352531433105e-02,1.604308485984802246e-01,1.614556163549423218e-01,1.714734435081481934e-01,1.906047016382217407e-01,2.290338873863220215e-01,2.888998687267303467e-01,4.089023768901824951e-01,9.051936268806457520e-01,1.000000000000000000e+00,9.641616940498352051e-01,1.000000000000000000e+00
9.485942721366882324e-01,8.523724079132080078e-01,4.478211700916290283e-01,3.206971585750579834e-01,2.496186494827270508e-01,2.214593589305877686e-01,2.015941292047500610e-01,1.837960779666900635e-01,1.784510314464569092e-01,1.815975606441497803e-01,2.003642618656158447e-01,2.273341417312622070e-01,2.778523862361907959e-01,3.800452351570129395e-01,6.028720736503601074e-01,5.654785633087158203e-01,5.439602136611938477e-01,5.360260009765625000e-01,5.360260009765625000e-01,5.439602136611938477e-01,4.542603492736816406e-01,3.237972855567932129e-01,2.638594508171081543e-01,2.233118265867233276e-01,1.968902200460433960e-01,1.860793530941009521e-01,1.860793530941009521e-01,1.869628131389617920e-01,2.024098932743072510e-01,2.241863906383514404e-01,2.696507871150970459e-01,3.677322268486022949e-01,6.435263752937316895e-01,9.420246481895446777e-01,1.000000000000000000e+00,7.508379817008972168e-01,6.565227508544921875e-01
8.038233518600463867e-01,7.827374339103698730e-01,7.147675156593322754e-01,6.832878589630126953e-01,6.546677947044372559e-01,4.819644987583160400e-01,3.640010654926300049e-01,3.155315518379211426e-01,3.012694120407104492e-01,3.052367568016052246e-01,3.207768797874450684e-01,3.731270730495452881e-01,4.409210681915283203e-01,5.998274683952331543e-01,1.000000000000000000e+00,9.731851220130920410e-01,9.377245306968688965e-01,9.218071103096008301e-01,4.960125684738159180e-01,2.690118849277496338e-01,1.776663511991500854e-01,1.312690526247024536e-01,1.115572452545166016e-01,9.597326070070266724e-02,9.169949591159820557e-02,9.169949591159820557e-02,9.169949591159820557e-02,9.664487838745117188e-02,9.993529319763183594e-02,1.092133447527885437e-01,1.335164755582809448e-01,1.954197436571121216e-01,3.753394186496734619e-01,6.709071397781372070e-01,7.150570750236511230e-01,3.443062901496887207e-01,4.677705466747283936e-01
6.941586732864379883e-01,6.372956633567810059e-01,5.640726089477539062e-01,1.602604687213897705e-01,1.210446432232856750e-01,1.025598049163818359e-01,9.339524060487747192e-02,8.805387467145919800e-02,8.608960360288619995e-02,8.608960360288619995e-02,9.138981997966766357e-02,9.625110030174255371e-02,1.081075295805931091e-01,1.359100341796875000e-01,1.806619763374328613e-01,3.252879679203033447e-01,1.000000000000000000e+00,9.838350415229797363e-01,9.835597276687622070e-01,1.000000000000000000e+00,7.674130201339721680e-01,5.695543289184570312e-01,4.662125408649444580e-01,3.910649418830871582e-01,3.486362993717193604e-01,3.250249624252319336e-01,3.263815343379974365e-01,3.390612304210662842e-01,3.837065100669860840e-01,4.694115519523620605e-01,5.927307605743408203e-01,7.715805172920227051e-01,8.024932146072387695e-01,8.632271885871887207e-01,7.847677469253540039e-01,3.159247934818267822e-01,4.417729377746582031e-01
5.296215415000915527e-01,4.184915125370025635e-01,3.404778242111206055e-01,3.344402909278869629e-01,3.315684497356414795e-01,3.432751595973968506e-01,3.491599559783935547e-01,3.589080274105072021e-01,3.575150966644287109e-01,3.404778242111206055e-01,3.319444358348846436e-01,3.262589573860168457e-01,3.319444358348846436e-01,3.613327145576477051e-01,4.224470853805541992e-01,6.621956825256347656e-01,1.000000000000000000e+00,9.855504631996154785e-01,9.764375686645507812e-01,9.754150509834289551e-01,6.418528556823730469e-01,5.036250948905944824e-01,4.460964798927307129e-01,4.031064510345458984e-01,3.834410309791564941e-01,3.633981347084045410e-01,3.556493818759918213e-01,3.575150966644287109e-01,3.662474751472473145e-01,4.427282512187957764e-01,5.547001957893371582e-01,5.442574620246887207e-01,6.035928726196289062e-01,4.471206068992614746e-01,4.257804453372955322e-01,1.000000000000000000e+00,7.501478791236877441e-01
1.000000000000000000e+00,7.664397358894348145e-01,7.087185978889465332e-01,3.208248615264892578e-01,2.509845495223999023e-01,2.101584821939468384e-01,1.975652873516082764e-01,1.875663548707962036e-01,1.856556087732315063e-01,1.930621266365051270e-01,2.109487652778625488e-01,2.436802238225936890e-01,2.779493927955627441e-01,2.390514016151428223e-01,2.163999676704406738e-01,2.056998908519744873e-01,2.010242789983749390e-01,1.931852251291275024e-01,1.931852251291275024e-01,1.941671073436737061e-01,1.990038901567459106e-01,2.100453376770019531e-01,2.295138686895370483e-01,2.498454451560974121e-01,2.191289514303207397e-01,2.041920721530914307e-01,1.999572068452835083e-01,2.004321664571762085e-01,2.180414497852325439e-01,2.471670806407928467e-01,3.024416565895080566e-01,4.440771639347076416e-01,6.599131822586059570e-01,9.265094399452209473e-01,8.946875929832458496e-01,7.333627939224243164e-01,1.000000000000000000e+00
4.297829270362854004e-01,1.000000000000000000e+00,6.824693083763122559e-01,6.547231674194335938e-01,6.662949919700622559e-01,6.426953673362731934e-01,6.337131261825561523e-01,6.026744842529296875e-01,5.072719454765319824e-01,4.336557686328887939e-01,4.032116234302520752e-01,4.120014905929565430e-01,4.416601657867431641e-01,5.271301865577697754e-01,6.861922740936279297e-01,9.816793203353881836e-01,9.459939002990722656e-01,9.341367483139038086e-01,9.341367483139038086e-01,9.459939002990722656e-01,8.483780026435852051e-01,6.126323938369750977e-01,5.000000000000000000e-01,4.493448734283447266e-01,4.292268157005310059e-01,4.256879091262817383e-01,4.307081997394561768e-01,4.558536410331726074e-01,4.948782324790954590e-01,5.323903560638427734e-01,4.670683741569519043e-01,4.374943077564239502e-01,4.241890013217926025e-01,4.162311851978302002e-01,4.194703996181488037e-01,1.000000000000000000e+00,8.413847684860229492e-01
1.000000000000000000e+00,9.302414059638977051e-01,3.338235914707183838e-01,2.343503832817077637e-01,1.881698817014694214e-01,1.632821410894393921e-01,1.518044024705886841e-01,1.402868628501892090e-01,1.402868628501892090e-01,1.467334181070327759e-01,1.569794714450836182e-01,1.653296500444412231e-01,1.890616863965988159e-01,1.683542281389236450e-01,1.537312716245651245e-01,1.492904424667358398e-01,1.467334181070327759e-01,1.467334181070327759e-01,1.467334181070327759e-01,1.467334181070327759e-01,1.492904424667358398e-01,1.537312716245651245e-01,1.683542281389236450e-01,1.949747204780578613e-01,2.494737952947616577e-01,3.746599256992340088e-01,3.760043978691101074e-01,3.777895867824554443e-01,4.003782868385314941e-01,4.530060291290283203e-01,6.031177639961242676e-01,8.219548463821411133e-01,8.634723424911499023e-01,8.519013524055480957e-01,8.654181957244873047e-01,4.720164239406585693e-01,1.000000000000000000e+00
3.682388961315155029e-01,4.016571044921875000e-01,6.883877515792846680e-01,6.148593425750732422e-01,6.049589514732360840e-01,5.833067893981933594e-01,5.637374520301818848e-01,5.471950769424438477e-01,4.253085553646087646e-01,3.597642183303833008e-01,3.406478464603424072e-01,3.385218083858489990e-01,3.529495298862457275e-01,4.053980708122253418e-01,5.052883625030517578e-01,8.064129948616027832e-01,9.643827676773071289e-01,9.515708088874816895e-01,9.515708088874816895e-01,9.643827676773071289e-01,1.000000000000000000e+00,7.250714302062988281e-01,5.680289268493652344e-01,4.743347167968750000e-01,4.201851189136505127e-01,3.865010142326354980e-01,3.780885040760040283e-01,3.796476125717163086e-01,3.985402584075927734e-01,4.421064555644989014e-01,4.079802632331848145e-01,3.639360666275024414e-01,3.514587283134460449e-01,3.478924334049224854e-01,3.529495298862457275e-01,1.000000000000000000e+00,8.260698318481445312e-01
8.630181550979614258e-01,1.000000000000000000e+00,9.140613079071044922e-01,3.463644981384277344e-01,2.652989923954010010e-01,2.208936214447021484e-01,1.988499909639358521e-01,1.856879889965057373e-01,1.856879889965057373e-01,1.869612932205200195e-01,1.988499909639358521e-01,2.230313420295715332e-01,2.491583228111267090e-01,2.196369916200637817e-01,1.998417675495147705e-01,1.901072561740875244e-01,1.869612932205200195e-01,1.867496818304061890e-01,1.867496818304061890e-01,1.869612932205200195e-01,1.901072561740875244e-01,1.998417675495147705e-01,2.196369916200637817e-01,2.518417835235595703e-01,3.329772651195526123e-01,3.453355133533477783e-01,3.379279971122741699e-01,3.397950232028961182e-01,3.571558594703674316e-01,3.950063884258270264e-01,4.654959142208099365e-01,5.727432370185852051e-01,7.635943293571472168e-01,8.239207267761230469e-01,8.187695145606994629e-01,6.625359654426574707e-01,1.000000000000000000e+00
7.384027242660522461e-01,1.000000000000000000e+00,8.300589919090270996e-01,3.871699273586273193e-01,2.891736626625061035e-01,2.362455874681472778e-01,2.012398540973663330e-01,1.836271584033966064e-01,1.766588687896728516e-01,1.757821440696716309e-01,1.801767051219940186e-01,1.946048140525817871e-01,2.285590469837188721e-01,2.145694643259048462e-01,1.927601844072341919e-01,1.823077797889709473e-01,1.771501302719116211e-01,1.757821440696716309e-01,1.757821440696716309e-01,1.771501302719116211e-01,1.823077797889709473e-01,1.927601844072341919e-01,2.145694643259048462e-01,2.517201006412506104e-01,2.161834686994552612e-01,1.940084695816040039e-01,1.801767051219940186e-01,1.766588687896728516e-01,1.820957958698272705e-01,1.951993256807327271e-01,2.113958448171615601e-01,2.575223445892333984e-01,3.242751955986022949e-01,4.336157739162445068e-01,7.391346693038940430e-01,1.000000000000000000e+00,1.000000000000000000e+00
3.899748027324676514e-01,3.641866445541381836e-01,4.446396827697753906e-01,3.964613080024719238e-01,3.715534508228302002e-01,3.553691804409027100e-01,3.414133191108703613e-01,3.000611066818237305e-01,2.500438392162322998e-01,2.164154499769210815e-01,2.089195549488067627e-01,2.070801556110382080e-01,2.179568260908126831e-01,2.358712852001190186e-01,2.944840788841247559e-01,3.974251449108123779e-01,6.560124158859252930e-01,9.837999343872070312e-01,9.837999343872070312e-01,1.000000000000000000e+00,8.472722172737121582e-01,5.064544081687927246e-01,3.644054532051086426e-01,2.857473194599151611e-01,2.449554800987243652e-01,2.260000854730606079e-01,2.205018699169158936e-01,2.326045930385589600e-01,2.518226206302642822e-01,2.789152562618255615e-01,2.480595856904983521e-01,2.172241955995559692e-01,2.089195549488067627e-01,2.089195549488067627e-01,2.247977703809738159e-01,9.967713356018066406e-01,5.536866784095764160e-01
7.280002236366271973e-01,7.397892475128173828e-01,9.791532754898071289e-01,1.000000000000000000e+00,9.403906464576721191e-01,6.655662655830383301e-01,4.528847932815551758e-01,4.071097970008850098e-01,3.776168525218963623e-01,3.679709136486053467e-01,3.852720260620117188e-01,4.209538996219635010e-01,4.766204357147216797e-01,5.894308686256408691e-01,7.516452074050903320e-01,8.441208004951477051e-01,8.149166107177734375e-01,8.023784756660461426e-01,8.020751476287841797e-01,8.136216402053833008e-01,5.803707242012023926e-01,3.079719245433807373e-01,2.444429099559783936e-01,1.958030462265014648e-01,1.747915893793106079e-01,1.559920907020568848e-01,1.470707505941390991e-01,1.414481252431869507e-01,1.444740891456604004e-01,1.578871458768844604e-01,1.722988933324813843e-01,2.033887952566146851e-01,2.535637915134429932e-01,3.210389912128448486e-01,7.156771421432495117e-01,5.121951103210449219e-01,7.911890149116516113e-01
3.615681231021881104e-01,2.653991580009460449e-01,2.100809961557388306e-01,1.785916537046432495e-01,1.645381897687911987e-01,1.509823501110076904e-01,1.452224105596542358e-01,1.462386697530746460e-01,1.519600898027420044e-01,1.652208566665649414e-01,1.878390908241271973e-01,1.842730045318603516e-01,1.387555301189422607e-01,1.193372085690498352e-01,1.080293431878089905e-01,1.026877462863922119e-01,1.003536283969879150e-01,9.982093423604965210e-02,9.982093423604965210e-02,1.003536283969879150e-01,1.026877462863922119e-01,1.080293431878089905e-01,1.193372085690498352e-01,1.387555301189422607e-01,1.539354473352432251e-01,1.452631950378417969e-01,1.460359841585159302e-01,1.592692583799362183e-01,1.720362007617950439e-01,1.966822743415832520e-01,2.507069110870361328e-01,3.533312976360321045e-01,6.575224399566650391e-01,1.000000000000000000e+00,8.807811737060546875e-01,1.000000000000000000e+00,1.000000000000000000e+00
2.037029117345809937e-01,1.798629760742187500e-01,1.590054035186767578e-01,1.582162976264953613e-01,1.613952219486236572e-01,1.798220276832580566e-01,1.862972825765609741e-01,1.881846934556961060e-01,1.775558888912200928e-01,1.628032177686691284e-01,1.639298945665359497e-01,1.750502735376358032e-01,1.995769441127777100e-01,2.393324226140975952e-01,4.093528985977172852e-01,1.000000000000000000e+00,9.617798924446105957e-01,7.377619147300720215e-01,3.741917014122009277e-01,2.531460523605346680e-01,2.131347805261611938e-01,1.862972825765609741e-01,1.711370795965194702e-01,1.642439812421798706e-01,1.578902155160903931e-01,1.590054035186767578e-01,1.666028499603271484e-01,1.894325017929077148e-01,2.295018583536148071e-01,2.692959606647491455e-01,2.772438824176788330e-01,2.490410357713699341e-01,2.488340139389038086e-01,2.669619917869567871e-01,2.814084589481353760e-01,9.938764572143554688e-01,2.583542168140411377e-01
8.215600848197937012e-01,3.544416427612304688e-01,2.692443132400512695e-01,2.316394746303558350e-01,1.912611573934555054e-01,1.798410713672637939e-01,1.673488914966583252e-01,1.574285924434661865e-01,1.582137793302536011e-01,1.692631989717483521e-01,1.884545832872390747e-01,2.315859645605087280e-01,3.047778606414794922e-01,5.800554752349853516e-01,6.434574723243713379e-01,6.029535531997680664e-01,5.819749832153320312e-01,5.730487108230590820e-01,5.692954063415527344e-01,4.298694431781768799e-01,2.921986579895019531e-01,2.416926324367523193e-01,2.079607248306274414e-01,1.812139153480529785e-01,1.625407338142395020e-01,1.607005894184112549e-01,1.661598980426788330e-01,1.748804152011871338e-01,1.952368468046188354e-01,2.416926324367523193e-01,3.203584849834442139e-01,4.103121757507324219e-01,1.000000000000000000e+00,9.970712065696716309e-01,8.620419502258300781e-01,7.678713798522949219e-01,7.037841081619262695e-01
5.626974105834960938e-01,4.995402693748474121e-01,1.950713843107223511e-01,1.323581039905548096e-01,1.099579557776451111e-01,1.029434725642204285e-01,1.006869003176689148e-01,1.001148074865341187e-01,1.001148074865341187e-01,1.018214374780654907e-01,1.083795353770256042e-01,1.224393099546432495e-01,1.650892198085784912e-01,2.123417705297470093e-01,4.062266647815704346e-01,1.000000000000000000e+00,9.658886194229125977e-01,9.497724771499633789e-01,8.282248377799987793e-01,5.290254354476928711e-01,4.040291011333465576e-01,3.272077441215515137e-01,2.923984229564666748e-01,2.561702728271484375e-01,2.444677948951721191e-01,2.365873605012893677e-01,2.326704859733581543e-01,2.373145818710327148e-01,2.847855687141418457e-01,3.834979236125946045e-01,6.101053953170776367e-01,7.744668722152709961e-01,7.455978393554687500e-01,7.967661619186401367e-01,5.764375925064086914e-01,4.387836158275604248e-01,5.044303536415100098e-01
3.550650477409362793e-01,2.687391340732574463e-01,2.166084647178649902e-01,1.851960271596908569e-01,1.650463491678237915e-01,1.541117727756500244e-01,1.468648165464401245e-01,1.422715336084365845e-01,1.465674787759780884e-01,1.525628566741943359e-01,1.729339808225631714e-01,1.991197764873504639e-01,2.334107756614685059e-01,2.030488103628158569e-01,1.824537962675094604e-01,1.723725050687789917e-01,1.668862551450729370e-01,1.650463491678237915e-01,1.650463491678237915e-01,1.668862551450729370e-01,1.723725050687789917e-01,1.824537962675094604e-01,1.854052841663360596e-01,1.663043648004531860e-01,1.531653106212615967e-01,1.450048536062240601e-01,1.471615433692932129e-01,1.598850339651107788e-01,1.723725050687789917e-01,2.115824818611145020e-01,2.531931996345520020e-01,3.196032941341400146e-01,5.264809131622314453e-01,1.000000000000000000e+00,9.036743044853210449e-01,1.000000000000000000e+00,1.000000000000000000e+00
1.720968782901763916e-01,1.562507301568984985e-01,1.364038586616516113e-01,1.346028298139572144e-01,1.399015039205551147e-01,1.528398394584655762e-01,1.525521576404571533e-01,1.561569869518280029e-01,1.476749330759048462e-01,1.437558829784393311e-01,1.404238641262054443e-01,1.397269666194915771e-01,1.537314057350158691e-01,1.837024241685867310e-01,2.802387773990631104e-01,1.000000000000000000e+00,9.620077013969421387e-01,8.762562870979309082e-01,3.796101510524749756e-01,2.508283853530883789e-01,2.019042521715164185e-01,1.698990166187286377e-01,1.549016833305358887e-01,1.444333493709564209e-01,1.397269666194915771e-01,1.364038586616516113e-01,1.418417990207672119e-01,1.635462194681167603e-01,1.967373490333557129e-01,2.235849648714065552e-01,2.584948837757110596e-01,2.368361651897430420e-01,2.048084586858749390e-01,2.134212106466293335e-01,2.195092290639877319e-01,9.486762285232543945e-01,1.028582528233528137e-01
8.459880352020263672e-01,3.344941139221191406e-01,2.590597867965698242e-01,2.071502506732940674e-01,1.807868480682373047e-01,1.545432507991790771e-01,1.506465673446655273e-01,1.496565490961074829e-01,1.479917913675308228e-01,1.558840721845626831e-01,1.781918108463287354e-01,2.130464166402816772e-01,2.948093712329864502e-01,4.964943528175354004e-01,7.327857613563537598e-01,6.870540380477905273e-01,6.610153913497924805e-01,6.507406830787658691e-01,6.348296999931335449e-01,4.481521844863891602e-01,3.414436280727386475e-01,2.817460000514984131e-01,2.270090579986572266e-01,1.905545145273208618e-01,1.672914922237396240e-01,1.598390787839889526e-01,1.558840721845626831e-01,1.608280390501022339e-01,1.844767481088638306e-01,2.161405682563781738e-01,2.927854955196380615e-01,3.990206718444824219e-01,9.919102787971496582e-01,1.000000000000000000e+00,9.238438010215759277e-01,7.200000286102294922e-01,6.550698280334472656e-01
5.586957931518554688e-01,5.517108440399169922e-01,4.966571629047393799e-01,2.478510588407516479e-01,1.944074034690856934e-01,1.650843918323516846e-01,1.561737656593322754e-01,1.529830098152160645e-01,1.504331231117248535e-01,1.583873629570007324e-01,1.760280132293701172e-01,2.006257027387619019e-01,2.568946480751037598e-01,3.744721710681915283e-01,8.547995090484619141e-01,1.000000000000000000e+00,9.634326696395874023e-01,9.470314383506774902e-01,5.566494464874267578e-01,2.858669161796569824e-01,2.206001728773117065e-01,1.878806054592132568e-01,1.680455207824707031e-01,1.416250020265579224e-01,1.299444288015365601e-01,1.250906288623809814e-01,1.238474622368812561e-01,1.366199702024459839e-01,1.529830098152160645e-01,1.795097440481185913e-01,2.488634884357452393e-01,4.575773179531097412e-01,7.247553467750549316e-01,6.720094084739685059e-01,6.906325817108154297e-01,6.060287356376647949e-01,3.957951068878173828e-01
9.510443806648254395e-01,1.000000000000000000e+00,3.862788379192352295e-01,2.967584729194641113e-01,2.476736605167388916e-01,2.152606546878814697e-01,1.993630528450012207e-01,1.899570226669311523e-01,1.898159086704254150e-01,1.986449509859085083e-01,1.993630528450012207e-01,1.243047490715980530e-01,9.582111984491348267e-02,8.129812777042388916e-02,7.619410008192062378e-02,7.296050339937210083e-02,7.185029983520507812e-02,7.185029983520507812e-02,7.185029983520507812e-02,7.185029983520507812e-02,7.296050339937210083e-02,7.619410008192062378e-02,8.129812777042388916e-02,9.582111984491348267e-02,1.243047490715980530e-01,1.860135048627853394e-01,1.986449509859085083e-01,1.997658610343933105e-01,2.072703689336776733e-01,2.240038812160491943e-01,2.570872604846954346e-01,3.085626065731048584e-01,3.950579762458801270e-01,5.347802042961120605e-01,9.145245552062988281e-01,1.000000000000000000e+00,1.000000000000000000e+00
1.721477359533309937e-01,2.636499702930450439e-01,3.164574801921844482e-01,2.856039702892303467e-01,2.725854814052581787e-01,2.734588086605072021e-01,2.679219543933868408e-01,2.532377243041992188e-01,2.110254615545272827e-01,1.678734272718429565e-01,1.584080308675765991e-01,1.577616184949874878e-01,1.639728397130966187e-01,1.888190805912017822e-01,2.313533872365951538e-01,3.354085087776184082e-01,1.000000000000000000e+00,9.830635190010070801e-01,9.830635190010070801e-01,9.953224062919616699e-01,5.327199697494506836e-01,3.293621540069580078e-01,2.497159838676452637e-01,2.106484919786453247e-01,1.897189468145370483e-01,1.780486851930618286e-01,1.763184666633605957e-01,1.768970787525177002e-01,1.868849098682403564e-01,1.928059458732604980e-01,1.830793023109436035e-01,1.726745963096618652e-01,1.612496674060821533e-01,1.607560068368911743e-01,1.607560068368911743e-01,7.817801833152770996e-01,4.400339722633361816e-01
7.782987356185913086e-01,1.000000000000000000e+00,8.807829618453979492e-01,4.364162385463714600e-01,3.292704820632934570e-01,2.710610032081604004e-01,2.392448335886001587e-01,2.139368355274200439e-01,2.043398469686508179e-01,2.035490274429321289e-01,2.136853933334350586e-01,2.383442819118499756e-01,2.814402878284454346e-01,3.733919262886047363e-01,5.985838174819946289e-01,6.872240900993347168e-01,6.634481549263000488e-01,6.532404422760009766e-01,6.529935002326965332e-01,6.623938679695129395e-01,6.692571043968200684e-01,4.538088142871856689e-01,3.480554819107055664e-01,2.730371654033660889e-01,2.329448163509368896e-01,2.136853933334350586e-01,2.035490274429321289e-01,2.043398469686508179e-01,2.158548384904861450e-01,2.310135513544082642e-01,2.541367709636688232e-01,2.993367910385131836e-01,3.828703761100769043e-01,6.153537631034851074e-01,7.637723684310913086e-01,7.387893199920654297e-01,7.252572774887084961e-01
2.106772810220718384e-01,2.649429440498352051e-01,2.184363007545471191e-01,1.992576271295547485e-01,1.973640918731689453e-01,2.133340984582901001e-01,2.181495875120162964e-01,2.220733612775802612e-01,2.215654999017715454e-01,2.106772810220718384e-01,2.044049948453903198e-01,1.991947889328002930e-01,2.062945812940597534e-01,2.339313477277755737e-01,3.054930269718170166e-01,1.000000000000000000e+00,9.626401066780090332e-01,9.469612240791320801e-01,7.583048939704895020e-01,4.890530407428741455e-01,3.252196013927459717e-01,2.694401741027832031e-01,2.409946173429489136e-01,2.141539454460144043e-01,2.058694213628768921e-01,1.979340612888336182e-01,2.066583037376403809e-01,2.315110266208648682e-01,2.723051607608795166e-01,3.039320707321166992e-01,3.184130489826202393e-01,2.935410141944885254e-01,2.787559926509857178e-01,2.198072522878646851e-01,2.106772810220718384e-01,1.000000000000000000e+00,5.099872946739196777e-01
8.796377182006835938e-01,3.821876645088195801e-01,2.796984314918518066e-01,2.291556745767593384e-01,2.030508518218994141e-01,1.811634600162506104e-01,1.690920442342758179e-01,1.635442227125167847e-01,1.653199940919876099e-01,1.788274496793746948e-01,2.028782069683074951e-01,2.637071311473846436e-01,2.768442928791046143e-01,2.359856367111206055e-01,2.119995802640914917e-01,2.005039304494857788e-01,1.948314905166625977e-01,1.933269798755645752e-01,1.933269798755645752e-01,1.948314905166625977e-01,2.005039304494857788e-01,2.119995802640914917e-01,2.327965050935745239e-01,2.000957578420639038e-01,1.772530078887939453e-01,1.712881326675415039e-01,1.742625832557678223e-01,1.794143021106719971e-01,1.941107809543609619e-01,2.279803752899169922e-01,2.803241014480590820e-01,3.916064500808715820e-01,5.901422500610351562e-01,1.000000000000000000e+00,9.316499829292297363e-01,8.696435093879699707e-01,1.000000000000000000e+00
1.000000000000000000e+00,7.734041810035705566e-01,7.385323047637939453e-01,6.211780905723571777e-01,3.113491833209991455e-01,2.613475918769836426e-01,2.405344545841217041e-01,2.334094345569610596e-01,2.295190095901489258e-01,2.349475622177124023e-01,2.605711817741394043e-01,3.000825345516204834e-01,3.919495940208435059e-01,5.859298706054687500e-01,8.222754001617431641e-01,7.702540755271911621e-01,7.436054944992065430e-01,7.321645021438598633e-01,7.318876981735229492e-01,4.573183059692382812e-01,3.339555859565734863e-01,2.661277055740356445e-01,2.230523824691772461e-01,2.148264050483703613e-01,1.921465694904327393e-01,1.842516511678695679e-01,1.811713278293609619e-01,1.816677004098892212e-01,1.889567077159881592e-01,2.105929553508758545e-01,2.613475918769836426e-01,4.079908728599548340e-01,8.403650522232055664e-01,9.081401824951171875e-01,8.440004587173461914e-01,6.385635137557983398e-01,7.737250328063964844e-01
3.698328435420989990e-01,5.352489352226257324e-01,3.642748892307281494e-01,3.362550437450408936e-01,3.249701261520385742e-01,3.229277133941650391e-01,3.190917074680328369e-01,3.087286353111267090e-01,2.684815526008605957e-01,2.323734611272811890e-01,2.148673683404922485e-01,2.196888476610183716e-01,2.340285181999206543e-01,2.703914940357208252e-01,3.431799411773681641e-01,5.494144558906555176e-01,1.000000000000000000e+00,9.836935400962829590e-01,9.833759069442749023e-01,8.029764294624328613e-01,5.167654156684875488e-01,3.701805472373962402e-01,3.005844950675964355e-01,2.547111809253692627e-01,2.359057813882827759e-01,2.235862463712692261e-01,2.263638228178024292e-01,2.437228858470916748e-01,2.703914940357208252e-01,2.755756080150604248e-01,2.414500117301940918e-01,2.196888476610183716e-01,2.169105261564254761e-01,2.263638228178024292e-01,4.017971158027648926e-01,1.000000000000000000e+00,5.894168615341186523e-01
1.000000000000000000e+00,8.946253061294555664e-01,4.043916761875152588e-01,2.965736091136932373e-01,2.441823631525039673e-01,2.158267498016357422e-01,1.941428184509277344e-01,1.866519749164581299e-01,1.826778054237365723e-01,1.895231455564498901e-01,2.106315940618515015e-01,2.400646954774856567e-01,2.679228484630584717e-01,2.276906520128250122e-01,2.073185294866561890e-01,1.966232955455780029e-01,1.906159222126007080e-01,1.897422075271606445e-01,1.901067495346069336e-01,1.906159222126007080e-01,1.966232955455780029e-01,2.073185294866561890e-01,2.349929511547088623e-01,2.473935633897781372e-01,2.095110416412353516e-01,1.952806562185287476e-01,1.947125792503356934e-01,1.953515559434890747e-01,2.113535106182098389e-01,2.337522506713867188e-01,2.829053699970245361e-01,3.462870121002197266e-01,4.636380672454833984e-01,8.437417149543762207e-01,8.402388095855712891e-01,9.515912532806396484e-01,1.000000000000000000e+00
7.673665881156921387e-01,1.000000000000000000e+00,9.431302547454833984e-01,8.961035013198852539e-01,8.098172545433044434e-01,4.539430737495422363e-01,3.866057693958282471e-01,3.517621457576751709e-01,3.409741818904876709e-01,3.443706035614013672e-01,3.625669777393341064e-01,3.990800976753234863e-01,5.011472105979919434e-01,6.944540739059448242e-01,8.610688447952270508e-01,7.994255423545837402e-01,7.767683267593383789e-01,7.598258852958679199e-01,7.617582678794860840e-01,5.637872219085693359e-01,3.679336905479431152e-01,2.713473737239837646e-01,2.269715368747711182e-01,1.910717785358428955e-01,1.685902327299118042e-01,1.582832932472229004e-01,1.565320938825607300e-01,1.565320938825607300e-01,1.613495945930480957e-01,1.750082075595855713e-01,2.054390609264373779e-01,2.615772485733032227e-01,3.466753065586090088e-01,7.475124597549438477e-01,7.539990544319152832e-01,4.829920530319213867e-01,8.148022294044494629e-01
1.000000000000000000e+00,4.112660288810729980e-01,3.011195361614227295e-01,2.518306374549865723e-01,2.198006659746170044e-01,1.979418396949768066e-01,1.893099099397659302e-01,1.831495463848114014e-01,1.821292191743850708e-01,1.911162585020065308e-01,1.039641499519348145e-01,6.555756181478500366e-02,5.119185522198677063e-02,4.578738659620285034e-02,4.221388697624206543e-02,4.109543934464454651e-02,4.095348343253135681e-02,4.095348343253135681e-02,4.095348343253135681e-02,4.095348343253135681e-02,4.109543934464454651e-02,4.221388697624206543e-02,4.578738659620285034e-02,5.119185522198677063e-02,6.555756181478500366e-02,1.039641499519348145e-01,1.945290565490722656e-01,1.959904581308364868e-01,2.073112130165100098e-01,2.272006124258041382e-01,2.678768634796142578e-01,3.304772675037384033e-01,4.304988682270050049e-01,6.272946596145629883e-01,8.804734945297241211e-01,1.000000000000000000e+00,1.000000000000000000e+00
8.958586454391479492e-01,1.000000000000000000e+00,4.961706101894378662e-01,3.781866729259490967e-01,2.937545776367187500e-01,2.518924772739410400e-01,2.223262339830398560e-01,2.097177952527999878e-01,2.106014341115951538e-01,2.114813923835754395e-01,2.280983328819274902e-01,2.662293910980224609e-01,3.562297224998474121e-01,5.449267029762268066e-01,7.465085983276367188e-01,6.984416246414184570e-01,6.732601523399353027e-01,6.626256108283996582e-01,6.626256108283996582e-01,6.722710728645324707e-01,6.043626666069030762e-01,4.217169582843780518e-01,3.312894403934478760e-01,2.737383544445037842e-01,2.413504123687744141e-01,2.160423547029495239e-01,2.114081978797912598e-01,2.094963043928146362e-01,2.181807458400726318e-01,2.347189933061599731e-01,2.754853367805480957e-01,3.460490107536315918e-01,4.403859376907348633e-01,7.567006349563598633e-01,8.343206048011779785e-01,6.842105388641357422e-01,6.866745948791503906e-01
1.613633185625076294e-01,1.819361150264739990e-01,3.000453710556030273e-01,2.712073624134063721e-01,2.656919956207275391e-01,2.604193687438964844e-01,2.505949437618255615e-01,2.100682258605957031e-01,1.531382650136947632e-01,1.376897841691970825e-01,1.383063942193984985e-01,1.403219997882843018e-01,1.534712910652160645e-01,1.987023949623107910e-01,2.667467892169952393e-01,4.220964610576629639e-01,1.000000000000000000e+00,9.832930564880371094e-01,9.832930564880371094e-01,6.474803090095520020e-01,3.516227006912231445e-01,2.518819570541381836e-01,1.928786635398864746e-01,1.592400223016738892e-01,1.420696973800659180e-01,1.395924240350723267e-01,1.408062875270843506e-01,1.449161171913146973e-01,1.617846339941024780e-01,1.740480214357376099e-01,1.926137804985046387e-01,1.587047576904296875e-01,1.318171620368957520e-01,1.318171620368957520e-01,1.440917253494262695e-01,6.275777816772460938e-01,3.693375289440155029e-01
4.625054299831390381e-01,5.017626881599426270e-01,6.978374719619750977e-01,6.531105041503906250e-01,6.033054590225219727e-01,3.528698980808258057e-01,2.913705706596374512e-01,2.711630761623382568e-01,2.637876570224761963e-01,2.626346051692962646e-01,2.752029597759246826e-01,3.124358355998992920e-01,3.699700236320495605e-01,4.996964037418365479e-01,9.433957934379577637e-01,1.000000000000000000e+00,9.622037410736083984e-01,9.466657042503356934e-01,9.435274004936218262e-01,3.847395181655883789e-01,2.021433562040328979e-01,1.428886651992797852e-01,1.262832880020141602e-01,1.063589081168174744e-01,9.469424933195114136e-02,8.991160243749618530e-02,8.929576724767684937e-02,8.662961423397064209e-02,8.662961423397064209e-02,9.396301209926605225e-02,1.009009182453155518e-01,1.190867647528648376e-01,1.576682776212692261e-01,2.293207645416259766e-01,5.060335397720336914e-01,3.035339713096618652e-01,5.442717075347900391e-01
2.570464909076690674e-01,2.132245451211929321e-01,2.065665721893310547e-01,2.065665721893310547e-01,2.040252238512039185e-01,2.032932937145233154e-01,2.135738134384155273e-01,2.123488783836364746e-01,2.072869390249252319e-01,2.014518380165100098e-01,1.999664604663848877e-01,2.020982503890991211e-01,2.136610448360443115e-01,2.550086975097656250e-01,3.591352999210357666e-01,1.000000000000000000e+00,9.626319408416748047e-01,9.474726319313049316e-01,6.317303776741027832e-01,4.160544276237487793e-01,3.583042025566101074e-01,3.099550604820251465e-01,2.722542583942413330e-01,2.356407642364501953e-01,2.076461911201477051e-01,1.927546560764312744e-01,1.962038129568099976e-01,2.393283993005752563e-01,2.780108153820037842e-01,3.183770477771759033e-01,3.928347527980804443e-01,4.286282062530517578e-01,3.593946099281311035e-01,3.204770386219024658e-01,4.095090925693511963e-01,1.000000000000000000e+00,5.566751360893249512e-01
4.283950626850128174e-01,3.085227608680725098e-01,2.388450950384140015e-01,2.023353576660156250e-01,1.675476282835006714e-01,1.566248983144760132e-01,1.468641608953475952e-01,1.463115960359573364e-01,1.493641585111618042e-01,1.635636538267135620e-01,1.313945353031158447e-01,8.192319422960281372e-02,6.543253362178802490e-02,5.812785401940345764e-02,5.378521233797073364e-02,5.313586816191673279e-02,5.291765183210372925e-02,5.291765183210372925e-02,5.291765183210372925e-02,5.291765183210372925e-02,5.313586816191673279e-02,5.378521233797073364e-02,5.812785401940345764e-02,6.543253362178802490e-02,8.192319422960281372e-02,1.313945353031158447e-01,1.599149256944656372e-01,1.641991287469863892e-01,1.779957264661788940e-01,2.095829546451568604e-01,2.518158853054046631e-01,3.444941639900207520e-01,6.713635325431823730e-01,1.000000000000000000e+00,8.622425198554992676e-01,9.932921528816223145e-01,1.000000000000000000e+00
7.630676627159118652e-01,6.948812603950500488e-01,3.055157363414764404e-01,2.474156320095062256e-01,2.087695449590682983e-01,1.836884021759033203e-01,1.788251996040344238e-01,1.749492734670639038e-01,1.749492734670639038e-01,1.889452189207077026e-01,1.990427672863006592e-01,2.380339056253433228e-01,2.995262444019317627e-01,4.364624917507171631e-01,6.008889675140380859e-01,5.665332078933715820e-01,5.464693903923034668e-01,5.390254855155944824e-01,5.390254855155944824e-01,5.040968060493469238e-01,3.666429221630096436e-01,2.775469720363616943e-01,2.377250939607620239e-01,2.155783921480178833e-01,2.003913968801498413e-01,1.852811127901077271e-01,1.840878725051879883e-01,1.894628703594207764e-01,2.124895602464675903e-01,2.700346410274505615e-01,4.058822989463806152e-01,5.263385772705078125e-01,9.579810500144958496e-01,9.606611132621765137e-01,1.000000000000000000e+00,8.157426118850708008e-01,7.936409115791320801e-01
